#                       1.000e-06  2.000e-04  1.000e-04  2.000e-03  1.000e-03
# iter          energy    delta_e   grad_max   grad_rms   disp_max   disp_rms
  1     8.633310558892 -4.274e+00  2.444e+01  8.985e+00  1.864e-02  7.358e-03 
  2     5.973448179847 -2.660e+00  2.190e+01  9.307e+00  1.888e-02  7.605e-03 
  3     2.670257945473 -3.303e+00  2.229e+01  7.903e+00  4.100e-02  1.401e-02 
  4     1.904551064726 -7.657e-01  5.627e+00  2.269e+00  8.907e-03  2.206e-03 
  5     1.859217288227 -4.533e-02  5.007e+00  1.804e+00  2.210e-03  5.481e-04*
  6     1.736340498871 -1.229e-01  8.464e+00  2.289e+00  6.139e-03  1.832e-03 
  7     1.569683111785 -1.667e-01  4.362e+00  1.718e+00  5.141e-03  2.163e-03 
  8     1.469181546876 -1.005e-01  7.176e+00  2.190e+00  6.499e-03  2.681e-03 
  9     1.385592766781 -8.359e-02  2.602e+00  7.570e-01  2.415e-03  1.057e-03 
 10     1.367594391090 -1.800e-02  2.744e+00  7.614e-01  1.751e-03* 6.430e-04*
 11     1.345514453373 -2.208e-02  1.825e+00  6.656e-01  1.575e-03* 8.781e-04*
 12     1.329020297085 -1.649e-02  1.152e+00  4.788e-01  1.773e-03* 8.300e-04*
 13     1.322491191238 -6.529e-03  2.475e+00  6.453e-01  1.444e-03* 7.471e-04*
 14     1.313682168385 -8.809e-03  5.700e-01  1.672e-01  1.178e-03* 4.431e-04*
 15     1.313384628384 -2.975e-04  5.712e-01  2.087e-01  1.932e-04* 8.142e-05*
 16     1.311338619106 -2.046e-03  5.068e-01  1.737e-01  9.547e-04* 3.569e-04*
 17     1.310443753043 -8.949e-04  3.126e-01  1.305e-01  4.547e-04* 1.768e-04*
 18     1.309886425817 -5.573e-04  6.326e-01  1.726e-01  3.924e-04* 2.166e-04*
 19     1.309289953145 -5.965e-04  1.252e-01  4.942e-02  3.097e-04* 1.106e-04*
 20     1.309279926201 -1.003e-05  1.612e-01  5.727e-02  3.400e-05* 1.334e-05*
 21     1.309144906647 -1.350e-04  1.389e-01  5.940e-02  2.019e-04* 8.133e-05*
 22     1.309006291146 -1.386e-04  9.432e-02  4.303e-02  2.665e-04* 8.977e-05*
 23     1.308948198267 -5.809e-05  1.662e-01  4.427e-02  2.061e-04* 7.412e-05*
 24     1.308905066894 -4.313e-05  5.857e-02  2.203e-02  1.123e-04* 3.190e-05*
 25     1.308883627421 -2.144e-05  5.364e-02  2.139e-02  6.470e-05* 2.274e-05*
 26     1.308799841793 -8.379e-05  9.459e-02  3.282e-02  2.903e-04* 1.141e-04*
 27     1.308757634776 -4.221e-05  1.401e-01  3.881e-02  1.298e-04* 4.680e-05*
 28     1.308601861949 -1.558e-04  2.078e-01  6.114e-02  4.643e-04* 1.861e-04*
 29     1.308499797527 -1.021e-04  8.061e-02  2.930e-02  2.036e-04* 7.162e-05*
 30     1.308474258607 -2.554e-05  2.160e-01  5.916e-02  1.296e-04* 5.852e-05*
 31     1.308342009977 -1.322e-04  1.143e-01  4.373e-02  2.197e-04* 1.071e-04*
 32     1.308225479754 -1.165e-04  2.782e-01  9.328e-02  3.730e-04* 2.104e-04*
 33     1.308057841600 -1.676e-04  1.477e-01  4.286e-02  2.528e-04* 8.402e-05*
 34     1.308052738665 -5.103e-06  1.905e-01  5.342e-02  4.389e-05* 1.525e-05*
 35     1.307956129347 -9.661e-05  8.493e-02  3.532e-02  1.965e-04* 7.366e-05*
 36     1.307932873874 -2.326e-05  1.731e-01  6.002e-02  1.217e-04* 6.069e-05*
 37     1.307849364850 -8.351e-05  5.397e-02  3.080e-02  1.427e-04* 5.294e-05*
 38     1.307832565653 -1.680e-05  1.428e-01  5.345e-02  9.170e-05* 3.767e-05*
 39     1.307740862908 -9.170e-05  8.130e-02  3.541e-02  1.558e-04* 7.151e-05*
 40     1.307715738039 -2.512e-05  1.514e-01  5.889e-02  1.213e-04* 5.996e-05*
 41     1.307640781315 -7.496e-05  7.825e-02  3.241e-02  1.319e-04* 5.154e-05*
 42     1.307628898398 -1.188e-05  1.436e-01  5.375e-02  7.161e-05* 3.055e-05*
 43     1.307531302627 -9.760e-05  5.505e-02  2.665e-02  2.140e-04* 6.858e-05*
 44     1.307517049607 -1.425e-05  1.563e-01  5.124e-02  1.108e-04* 4.029e-05*
 45     1.307406585714 -1.105e-04  1.171e-01  4.656e-02  2.693e-04* 1.177e-04*
 46     1.306730366004 -6.762e-04  4.929e-01  1.694e-01  1.869e-03* 1.084e-03 
 47     1.306248843975 -4.815e-04  1.449e-01  5.275e-02  3.622e-04* 1.029e-04*
 48     1.306243831360 -5.013e-06  1.275e-01  5.672e-02  2.604e-05* 7.604e-06*
 49     1.306172038498 -7.179e-05  7.169e-02  3.107e-02  1.164e-04* 3.306e-05*
 50     1.306132450371 -3.959e-05  1.322e-01  4.811e-02  8.491e-05* 4.352e-05*
 51     1.306083897721 -4.855e-05  3.229e-02  1.842e-02  8.781e-05* 3.046e-05*
 52     1.306079361846 -4.536e-06  6.529e-02  2.938e-02  3.609e-05* 1.339e-05*
 53     1.306020373804 -5.899e-05  9.637e-02  3.509e-02  2.002e-04* 7.969e-05*
 54     1.305946384063 -7.399e-05  1.074e-01  4.275e-02  2.384e-04* 9.461e-05*
 55     1.305740876734 -2.055e-04  1.659e-01  7.254e-02  4.880e-04* 2.404e-04*
 56     1.305589909303 -1.510e-04  9.996e-02  4.066e-02  2.389e-04* 1.030e-04*
 57     1.305571075303 -1.883e-05  2.023e-01  7.224e-02  1.156e-04* 5.536e-05*
 58     1.305364851053 -2.062e-04  1.246e-01  4.840e-02  3.490e-04* 1.610e-04*
 59     1.305289149342 -7.570e-05  2.744e-01  9.845e-02  3.047e-04* 1.632e-04*
 60     1.305084463820 -2.047e-04  5.869e-02  2.698e-02  2.576e-04* 1.023e-04*
 61     1.305073581159 -1.088e-05  8.387e-02  4.274e-02  5.952e-05* 2.431e-05*
 62     1.305011126829 -6.245e-05  2.510e-01  8.429e-02  2.453e-04* 1.258e-04*
 63     1.304875595921 -1.355e-04  6.997e-02  2.766e-02  1.555e-04* 6.194e-05*
 64     1.304863022614 -1.257e-05  1.086e-01  4.671e-02  6.139e-05* 2.618e-05*
 65     1.304703270017 -1.598e-04  1.881e-01  5.525e-02  3.798e-04* 1.810e-04*
 66     1.304580515627 -1.228e-04  1.231e-01  4.903e-02  2.235e-04* 1.010e-04*
 67     1.304483903115 -9.661e-05  1.785e-01  5.206e-02  2.426e-04* 1.216e-04*
 68     1.304350020263 -1.339e-04  2.011e-01  6.973e-02  2.992e-04* 1.532e-04*
 69     1.304178031028 -1.720e-04  1.763e-01  4.955e-02  2.536e-04* 1.246e-04*
 70     1.304085475383 -9.256e-05  1.580e-01  7.403e-02  2.937e-04* 1.304e-04*
 71     1.303959775450 -1.257e-04  6.212e-02  3.725e-02  1.943e-04* 7.187e-05*
 72     1.303931930462 -2.784e-05  1.641e-01  6.111e-02  1.161e-04* 4.942e-05*
 73     1.303827346518 -1.046e-04  6.730e-02  2.950e-02  2.394e-04* 7.749e-05*
 74     1.303817635880 -9.711e-06  1.734e-01  4.819e-02  8.665e-05* 3.220e-05*
 75     1.303626369542 -1.913e-04  2.021e-01  6.787e-02  4.356e-04* 2.007e-04*
 76     1.303469499125 -1.569e-04  1.257e-01  4.915e-02  2.935e-04* 1.319e-04*
 77     1.303420201529 -4.930e-05  2.495e-01  9.630e-02  2.319e-04* 1.240e-04*
 78     1.303212612668 -2.076e-04  7.339e-02  2.809e-02  2.466e-04* 1.034e-04*
 79     1.303206818998 -5.794e-06  1.162e-01  3.948e-02  3.200e-05* 1.434e-05*
 80     1.303147219743 -5.960e-05  2.179e-01  8.496e-02  2.402e-04* 1.240e-04*
 81     1.303009323543 -1.379e-04  4.816e-02  2.543e-02  1.673e-04* 6.437e-05*
 82     1.303003355635 -5.968e-06  8.705e-02  3.973e-02  4.373e-05* 1.678e-05*
 83     1.302941851153 -6.150e-05  2.234e-01  7.674e-02  2.503e-04* 1.093e-04*
 84     1.302839169155 -1.027e-04  5.331e-02  2.445e-02  1.534e-04* 4.630e-05*
 85     1.302836443727 -2.725e-06  8.566e-02  3.205e-02  2.408e-05* 8.091e-06*
 86     1.302773818961 -6.262e-05  1.307e-01  5.453e-02  2.174e-04* 9.269e-05*
 87     1.302706682752 -6.714e-05  5.559e-02  2.713e-02  1.414e-04* 3.789e-05*
 88     1.302684285365 -2.240e-05  1.369e-01  4.194e-02  1.229e-04* 3.553e-05*
 89     1.302634965078 -4.932e-05  7.572e-02  3.036e-02  1.430e-04* 4.272e-05*
 90     1.302591127558 -4.384e-05  2.035e-01  5.830e-02  1.578e-04* 7.594e-05*
 91     1.302513364159 -7.776e-05  8.429e-02  2.406e-02  1.136e-04* 4.166e-05*
 92     1.302490722423 -2.264e-05  9.456e-02  3.694e-02  8.790e-05* 3.306e-05*
 93     1.302440896544 -4.983e-05  6.742e-02  3.524e-02  1.263e-04* 5.125e-05*
 94     1.302322000927 -1.189e-04  1.828e-01  6.278e-02  2.939e-04* 1.495e-04*
 95     1.302212653910 -1.093e-04  6.068e-02  2.929e-02  2.075e-04* 6.729e-05*
 96     1.302202183799 -1.047e-05  1.285e-01  4.627e-02  7.736e-05* 2.759e-05*
 97     1.302108985024 -9.320e-05  1.379e-01  4.803e-02  2.135e-04* 9.283e-05*
 98     1.301975105370 -1.339e-04  1.405e-01  4.726e-02  2.915e-04* 1.309e-04*
 99     1.301706533086 -2.686e-04  3.909e-01  1.340e-01  8.062e-04* 4.297e-04*
100     1.301407163070 -2.994e-04  6.068e-02  2.319e-02  2.959e-04* 9.464e-05*
101     1.301406294616 -8.685e-07* 6.415e-02  2.422e-02  4.662e-06* 1.491e-06*
102     1.301360130151 -4.616e-05  9.787e-02  3.368e-02  1.401e-04* 5.497e-05*
103     1.301300012792 -6.012e-05  1.058e-01  4.203e-02  1.671e-04* 6.520e-05*
104     1.301189800302 -1.102e-04  2.046e-01  5.620e-02  3.071e-04* 1.284e-04*
105     1.300992831409 -1.970e-04  1.775e-01  5.465e-02  3.691e-04* 1.861e-04*
106     1.300429249161 -5.636e-04  4.406e-01  1.380e-01  1.288e-03* 7.450e-04*
107     1.300040281528 -3.890e-04  9.044e-02  3.735e-02  4.068e-04* 1.390e-04*
108     1.300039000102 -1.281e-06  9.176e-02  3.826e-02  5.426e-06* 1.908e-06*
109     1.300004411223 -3.459e-05  4.484e-02  2.046e-02  7.721e-05* 2.437e-05*
110     1.299998368410 -6.043e-06  7.698e-02  3.306e-02  4.158e-05* 1.610e-05*
111     1.299960580375 -3.779e-05  6.857e-02  2.585e-02  1.022e-04* 3.515e-05*
112     1.299852178756 -1.084e-04  2.049e-01  8.241e-02  3.975e-04* 1.908e-04*
113     1.299735293887 -1.169e-04  5.565e-02  2.705e-02  1.395e-04* 4.477e-05*
114     1.299733826072 -1.468e-06  6.697e-02  3.006e-02  1.236e-05* 3.791e-06*
115     1.299703173479 -3.065e-05  4.019e-02  2.451e-02  9.669e-05* 2.848e-05*
116     1.299629601675 -7.357e-05  2.225e-01  5.997e-02  2.324e-04* 1.218e-04*
117     1.299561086572 -6.852e-05  6.308e-02  2.813e-02  1.069e-04* 3.654e-05*
118     1.299557345060 -3.742e-06  8.993e-02  3.579e-02  2.250e-05* 9.391e-06*
119     1.299515633774 -4.171e-05  5.878e-02  2.218e-02  8.066e-05* 3.409e-05*
120     1.299487103625 -2.853e-05  1.029e-01  4.949e-02  1.218e-04* 5.566e-05*
121     1.299424970413 -6.213e-05  5.583e-02  2.643e-02  1.196e-04* 3.976e-05*
122     1.299412684492 -1.229e-05  1.120e-01  4.439e-02  6.717e-05* 2.759e-05*
123     1.299356070076 -5.661e-05  7.670e-02  2.783e-02  1.359e-04* 4.777e-05*
124     1.299336657455 -1.941e-05  1.989e-01  5.380e-02  9.475e-05* 4.560e-05*
125     1.299253849568 -8.281e-05  7.093e-02  2.945e-02  1.431e-04* 5.673e-05*
126     1.299242766829 -1.108e-05  1.272e-01  5.242e-02  6.933e-05* 3.294e-05*
127     1.299142890700 -9.988e-05  7.792e-02  3.947e-02  2.152e-04* 8.597e-05*
128     1.299047028211 -9.586e-05  3.555e-01  1.113e-01  4.509e-04* 2.193e-04*
129     1.298838447837 -2.086e-04  5.001e-02  2.784e-02  2.203e-04* 7.354e-05*
130     1.298838259368 -1.885e-07* 4.999e-02  2.833e-02  1.538e-06* 5.331e-07*
131     1.298810757309 -2.750e-05  6.373e-02  2.687e-02  9.250e-05* 2.675e-05*
132     1.298763029335 -4.773e-05  8.647e-02  3.176e-02  1.602e-04* 7.043e-05*
133     1.298683376701 -7.965e-05  1.296e-01  4.774e-02  1.765e-04* 8.232e-05*
134     1.298620195587 -6.318e-05  4.518e-02  2.286e-02  1.405e-04* 4.319e-05*
135     1.298609776562 -1.042e-05  1.007e-01  4.106e-02  7.496e-05* 2.540e-05*
136     1.298519094625 -9.068e-05  7.142e-02  3.781e-02  1.935e-04* 8.916e-05*
137     1.297868166710 -6.509e-04  5.693e-01  1.618e-01  1.713e-03* 1.010e-03 
138     1.297443095974 -4.251e-04  1.024e-01  5.141e-02  2.774e-04* 8.816e-05*
139     1.297434435875 -8.660e-06  1.489e-01  5.866e-02  3.628e-05* 1.260e-05*
140     1.297350241782 -8.419e-05  7.439e-02  3.235e-02  1.126e-04* 4.215e-05*
141     1.297308541302 -4.170e-05  1.430e-01  4.830e-02  1.180e-04* 4.847e-05*
142     1.297249680598 -5.886e-05  5.360e-02  2.304e-02  1.002e-04* 3.615e-05*
143     1.297225524755 -2.416e-05  8.473e-02  3.227e-02  7.886e-05* 3.284e-05*
144     1.297193493142 -3.203e-05  4.565e-02  2.506e-02  8.687e-05* 3.261e-05*
145     1.297144385306 -4.911e-05  1.903e-01  6.697e-02  2.026e-04* 1.005e-04*
146     1.297061811075 -8.257e-05  5.748e-02  2.409e-02  1.526e-04* 3.812e-05*
147     1.297058179126 -3.632e-06  9.689e-02  3.172e-02  3.210e-05* 8.619e-06*
148     1.296993615565 -6.456e-05  1.269e-01  4.352e-02  1.817e-04* 7.822e-05*
149     1.296904729369 -8.889e-05  6.190e-02  3.256e-02  2.257e-04* 7.734e-05*
150     1.296825576218 -7.915e-05  2.353e-01  6.867e-02  3.121e-04* 1.452e-04*
151     1.296686086300 -1.395e-04  6.520e-02  2.926e-02  2.262e-04* 7.716e-05*
152     1.296676673177 -9.413e-06  1.327e-01  4.208e-02  6.294e-05* 2.380e-05*
153     1.296568505356 -1.082e-04  1.904e-01  6.252e-02  2.622e-04* 1.160e-04*
154     1.296458137868 -1.104e-04  6.304e-02  2.457e-02  1.788e-04* 6.794e-05*
155     1.296446158401 -1.198e-05  1.228e-01  4.531e-02  7.347e-05* 2.958e-05*
156     1.296156207098 -2.900e-04  1.936e-01  7.852e-02  7.632e-04* 4.307e-04*
157     1.295890533155 -2.657e-04  1.491e-01  5.867e-02  3.750e-04* 1.692e-04*
158     1.295742287483 -1.482e-04  1.317e-01  7.076e-02  3.857e-04* 1.834e-04*
159     1.295472742712 -2.695e-04  3.229e-01  8.703e-02  5.447e-04* 2.219e-04*
160     1.295279010010 -1.937e-04  1.091e-01  3.615e-02  3.333e-04* 1.141e-04*
161     1.295255224199 -2.379e-05  2.134e-01  5.882e-02  1.393e-04* 5.399e-05*
162     1.295091627284 -1.636e-04  2.356e-01  5.844e-02  3.841e-04* 1.699e-04*
163     1.294861926400 -2.297e-04  1.359e-01  6.004e-02  4.528e-04* 2.384e-04*
164     1.294594243461 -2.677e-04  2.961e-01  8.776e-02  5.301e-04* 2.613e-04*
165     1.294309816062 -2.844e-04  1.397e-01  4.179e-02  4.179e-04* 1.859e-04*
166     1.294280101696 -2.971e-05  2.753e-01  7.517e-02  1.657e-04* 7.963e-05*
167     1.293905236390 -3.749e-04  3.570e-01  1.006e-01  8.421e-04* 4.385e-04*
168     1.293408294711 -4.969e-04  1.885e-01  7.325e-02  8.130e-04* 4.023e-04*
169     1.293082542233 -3.258e-04  4.046e-01  1.598e-01  1.115e-03* 6.331e-04*
170     1.292461500456 -6.210e-04  2.309e-01  8.744e-02  7.537e-04* 3.004e-04*
171     1.292404299699 -5.720e-05  4.537e-01  1.207e-01  2.498e-04* 1.140e-04*
172     1.292058774285 -3.455e-04  1.537e-01  6.768e-02  3.713e-04* 1.781e-04*
173     1.292019338770 -3.944e-05  2.742e-01  9.774e-02  1.572e-04* 8.127e-05*
174     1.291793735090 -2.256e-04  1.134e-01  4.390e-02  2.913e-04* 1.205e-04*
175     1.291780750920 -1.298e-05  2.013e-01  6.392e-02  8.455e-05* 3.772e-05*
176     1.291610436420 -1.703e-04  1.139e-01  4.220e-02  3.051e-04* 1.446e-04*
177     1.291516216925 -9.422e-05  2.081e-01  7.917e-02  3.379e-04* 1.679e-04*
178     1.291324538331 -1.917e-04  1.523e-01  5.202e-02  3.722e-04* 1.243e-04*
179     1.291284131561 -4.041e-05  3.171e-01  8.352e-02  2.267e-04* 9.121e-05*
180     1.291125171432 -1.590e-04  1.222e-01  4.467e-02  2.157e-04* 8.431e-05*
181     1.291093256278 -3.192e-05  2.234e-01  7.038e-02  1.165e-04* 5.383e-05*
182     1.290962502121 -1.308e-04  1.219e-01  3.383e-02  2.059e-04* 7.853e-05*
183     1.290950364673 -1.214e-05  1.599e-01  5.203e-02  6.304e-05* 3.177e-05*
184     1.290848114790 -1.022e-04  1.178e-01  4.338e-02  2.272e-04* 9.555e-05*
185     1.290684694913 -1.634e-04  2.900e-01  9.605e-02  5.379e-04* 2.661e-04*
186     1.290512726668 -1.720e-04  7.621e-02  3.507e-02  2.116e-04* 6.926e-05*
187     1.290494783011 -1.794e-05  1.345e-01  5.303e-02  8.716e-05* 3.021e-05*
188     1.290382103839 -1.127e-04  1.598e-01  5.320e-02  2.620e-04* 1.013e-04*
189     1.290205160516 -1.769e-04  1.753e-01  5.745e-02  4.122e-04* 1.817e-04*
190     1.290100747790 -1.044e-04  1.129e-01  4.598e-02  2.131e-04* 9.477e-05*
191     1.289997951556 -1.028e-04  1.583e-01  6.778e-02  2.739e-04* 1.512e-04*
192     1.289859812407 -1.381e-04  1.139e-01  5.303e-02  2.308e-04* 9.052e-05*
193     1.289708221510 -1.516e-04  1.922e-01  6.589e-02  2.687e-04* 1.439e-04*
194     1.289587296526 -1.209e-04  1.537e-01  5.173e-02  2.034e-04* 8.660e-05*
195     1.289516865094 -7.043e-05  1.975e-01  7.466e-02  1.966e-04* 1.010e-04*
196     1.289409836958 -1.070e-04  9.900e-02  3.294e-02  1.589e-04* 5.711e-05*
197     1.289402967074 -6.870e-06  1.191e-01  4.621e-02  5.605e-05* 1.929e-05*
198     1.289331031319 -7.194e-05  7.179e-02  3.560e-02  1.636e-04* 6.166e-05*
199     1.289235087658 -9.594e-05  2.134e-01  7.080e-02  2.458e-04* 1.230e-04*
200     1.289130331361 -1.048e-04  3.511e-02  2.008e-02  1.570e-04* 5.013e-05*
201     1.289122357513 -7.974e-06  1.131e-01  3.521e-02  4.892e-05* 1.789e-05*
202     1.289036818225 -8.554e-05  2.444e-01  8.168e-02  2.710e-04* 1.500e-04*
203     1.288917188070 -1.196e-04  5.230e-02  2.493e-02  1.515e-04* 4.550e-05*
204     1.288907155253 -1.003e-05  8.059e-02  3.563e-02  5.445e-05* 1.739e-05*
205     1.288859411756 -4.774e-05  1.164e-01  3.529e-02  1.383e-04* 4.982e-05*
206     1.288788584175 -7.083e-05  1.341e-01  4.323e-02  2.008e-04* 7.278e-05*
207     1.288700174125 -8.841e-05  1.332e-01  4.416e-02  1.714e-04* 8.475e-05*
208     1.288529615437 -1.706e-04  1.738e-01  6.663e-02  4.410e-04* 2.060e-04*
209     1.288334901468 -1.947e-04  1.700e-01  5.482e-02  3.970e-04* 1.490e-04*
210     1.288182645513 -1.523e-04  4.707e-01  9.861e-02  5.613e-04* 2.508e-04*
211     1.287913215256 -2.694e-04  1.478e-01  5.675e-02  3.217e-04* 1.439e-04*
212     1.287881875798 -3.134e-05  2.526e-01  7.930e-02  1.538e-04* 6.557e-05*
213     1.287731066126 -1.508e-04  1.343e-01  3.681e-02  1.882e-04* 8.152e-05*
214     1.287708976816 -2.209e-05  1.673e-01  4.868e-02  9.445e-05* 3.482e-05*
215     1.287632136028 -7.684e-05  9.998e-02  4.237e-02  1.678e-04* 6.537e-05*
216     1.287544477593 -8.766e-05  2.020e-01  6.710e-02  2.582e-04* 1.205e-04*
217     1.287435570673 -1.089e-04  9.226e-02  3.428e-02  1.752e-04* 6.057e-05*
218     1.287407586776 -2.798e-05  1.604e-01  5.285e-02  1.093e-04* 4.296e-05*
219     1.287326994346 -8.059e-05  1.189e-01  3.801e-02  1.772e-04* 6.521e-05*
220     1.287292501537 -3.449e-05  1.891e-01  6.747e-02  1.519e-04* 7.021e-05*
221     1.287188521872 -1.040e-04  6.301e-02  2.771e-02  1.484e-04* 5.400e-05*
222     1.287175282459 -1.324e-05  1.485e-01  4.679e-02  5.934e-05* 2.766e-05*
223     1.287077328596 -9.795e-05  8.725e-02  3.881e-02  1.802e-04* 9.518e-05*
224     1.286859984191 -2.173e-04  3.298e-01  1.290e-01  6.486e-04* 3.584e-04*
225     1.286608516413 -2.515e-04  6.442e-02  2.513e-02  2.040e-04* 5.872e-05*
226     1.286594172990 -1.434e-05  5.854e-02  2.366e-02  5.150e-05* 1.466e-05*
227     1.286593133042 -1.040e-06  6.526e-02  2.726e-02  1.187e-05* 3.423e-06*
228     1.286556821263 -3.631e-05  1.207e-01  4.629e-02  1.346e-04* 5.201e-05*
229     1.286510629388 -4.619e-05  4.691e-02  2.228e-02  7.586e-05* 2.854e-05*
230     1.286500218384 -1.041e-05  1.010e-01  3.790e-02  4.709e-05* 2.045e-05*
231     1.286440860409 -5.936e-05  6.834e-02  2.851e-02  1.238e-04* 5.244e-05*
232     1.286346413164 -9.445e-05  2.278e-01  8.619e-02  3.335e-04* 1.717e-04*
233     1.286209038772 -1.374e-04  7.160e-02  2.896e-02  1.415e-04* 5.218e-05*
234     1.286205802166 -3.237e-06  9.766e-02  3.555e-02  1.983e-05* 7.759e-06*
235     1.286152216170 -5.359e-05  4.960e-02  2.817e-02  1.420e-04* 5.210e-05*
236     1.286097669947 -5.455e-05  1.303e-01  5.035e-02  1.696e-04* 6.914e-05*
237     1.286024322802 -7.335e-05  4.486e-02  1.981e-02  1.048e-04* 4.372e-05*
238     1.286009871955 -1.445e-05  1.086e-01  4.089e-02  6.575e-05* 2.995e-05*
239     1.285887078526 -1.228e-04  1.821e-01  5.943e-02  2.804e-04* 1.461e-04*
240     1.285690389084 -1.967e-04  1.259e-01  4.888e-02  3.045e-04* 1.556e-04*
241     1.285407073211 -2.833e-04  2.905e-01  9.763e-02  7.567e-04* 4.109e-04*
242     1.285095433826 -3.116e-04  1.843e-01  6.965e-02  3.726e-04* 1.610e-04*
243     1.285006410085 -8.902e-05  2.372e-01  8.030e-02  2.393e-04* 1.182e-04*
244     1.284893578103 -1.128e-04  7.241e-02  4.130e-02  1.184e-04* 5.209e-05*
245     1.284832229226 -6.135e-05  9.316e-02  3.950e-02  1.218e-04* 4.671e-05*
246     1.284794046482 -3.818e-05  7.281e-02  2.801e-02  9.437e-05* 3.654e-05*
247     1.284772587528 -2.146e-05  1.316e-01  4.695e-02  8.755e-05* 3.861e-05*
248     1.284703324836 -6.926e-05  8.363e-02  2.942e-02  1.120e-04* 4.719e-05*
249     1.284687234164 -1.609e-05  1.223e-01  4.824e-02  7.371e-05* 3.556e-05*
250     1.284627044444 -6.019e-05  7.944e-02  3.205e-02  1.159e-04* 4.543e-05*
251     1.284601434971 -2.561e-05  1.634e-01  6.411e-02  1.178e-04* 5.545e-05*
252     1.284509613784 -9.182e-05  5.469e-02  2.102e-02  1.175e-04* 4.890e-05*
253     1.284506047895 -3.566e-06  8.492e-02  3.078e-02  2.274e-05* 9.964e-06*
254     1.284310101523 -1.959e-04  3.178e-01  1.252e-01  5.934e-04* 3.486e-04*
255     1.284077817118 -2.323e-04  6.334e-02  2.396e-02  1.507e-04* 5.304e-05*
256     1.284056958726 -2.086e-05  5.105e-02  2.566e-02  7.703e-05* 2.262e-05*
257     1.284027083285 -2.988e-05  6.932e-02  2.958e-02  7.735e-05* 3.540e-05*
258     1.283914786747 -1.123e-04  1.840e-01  5.894e-02  3.256e-04* 1.344e-04*
259     1.283823482167 -9.130e-05  5.435e-02  2.332e-02  1.414e-04* 5.090e-05*
260     1.283815422570 -8.060e-06  9.354e-02  3.866e-02  5.332e-05* 1.974e-05*
261     1.283654903140 -1.605e-04  2.023e-01  6.710e-02  3.781e-04* 1.964e-04*
262     1.283520001135 -1.349e-04  1.005e-01  3.280e-02  1.686e-04* 7.577e-05*
263     1.283494735024 -2.527e-05  2.280e-01  5.918e-02  1.088e-04* 5.145e-05*
264     1.283362224820 -1.325e-04  9.988e-02  4.625e-02  2.348e-04* 1.111e-04*
265     1.283262501314 -9.972e-05  2.038e-01  8.192e-02  3.384e-04* 1.645e-04*
266     1.283090829299 -1.717e-04  8.375e-02  4.578e-02  2.289e-04* 8.847e-05*
267     1.283067905656 -2.292e-05  1.995e-01  6.875e-02  1.139e-04* 4.780e-05*
268     1.282951720618 -1.162e-04  8.479e-02  3.522e-02  1.715e-04* 7.105e-05*
269     1.282936059621 -1.566e-05  1.624e-01  5.397e-02  7.307e-05* 3.667e-05*
270     1.282842523355 -9.354e-05  9.393e-02  3.639e-02  1.761e-04* 7.137e-05*
271     1.282777518258 -6.501e-05  1.927e-01  7.770e-02  2.223e-04* 1.132e-04*
272     1.282637759641 -1.398e-04  8.394e-02  3.443e-02  1.897e-04* 7.243e-05*
273     1.282633178974 -4.581e-06  1.087e-01  4.464e-02  3.092e-05* 1.337e-05*
274     1.282548978938 -8.420e-05  5.812e-02  3.021e-02  1.577e-04* 6.983e-05*
275     1.282449150835 -9.983e-05  2.108e-01  8.896e-02  3.340e-04* 1.779e-04*
276     1.282287795476 -1.614e-04  8.935e-02  3.385e-02  2.003e-04* 6.764e-05*
277     1.282284972166 -2.823e-06  1.044e-01  3.919e-02  1.915e-05* 6.675e-06*
278     1.282226362926 -5.861e-05  4.699e-02  2.409e-02  1.130e-04* 4.809e-05*
279     1.282200215667 -2.615e-05  1.275e-01  5.349e-02  1.220e-04* 6.036e-05*
280     1.282105458500 -9.476e-05  9.637e-02  3.742e-02  1.908e-04* 6.357e-05*
281     1.282062599849 -4.286e-05  1.752e-01  6.167e-02  1.868e-04* 7.281e-05*
282     1.281979303472 -8.330e-05  7.407e-02  3.324e-02  1.260e-04* 4.926e-05*
283     1.281964523921 -1.478e-05  1.339e-01  5.187e-02  6.781e-05* 2.946e-05*
284     1.281882319928 -8.220e-05  6.643e-02  3.127e-02  1.717e-04* 6.170e-05*
285     1.281871258483 -1.106e-05  1.302e-01  5.273e-02  7.988e-05* 3.460e-05*
286     1.281770191219 -1.011e-04  1.015e-01  3.956e-02  1.734e-04* 7.658e-05*
287     1.281685081555 -8.511e-05  2.203e-01  9.141e-02  3.082e-04* 1.617e-04*
288     1.281525452420 -1.596e-04  9.574e-02  3.624e-02  1.822e-04* 6.832e-05*
289     1.281523069122 -2.383e-06  1.128e-01  4.075e-02  1.584e-05* 5.830e-06*
290     1.281467260785 -5.581e-05  4.883e-02  2.108e-02  9.170e-05* 3.945e-05*
291     1.281453712125 -1.355e-05  8.869e-02  3.728e-02  5.691e-05* 2.837e-05*
292     1.281387583202 -6.613e-05  7.241e-02  3.334e-02  1.512e-04* 5.620e-05*
293     1.281211003172 -1.766e-04  1.195e-01  6.223e-02  4.308e-04* 2.277e-04*
294     1.280977076526 -2.339e-04  1.122e-01  4.108e-02  3.828e-04* 1.587e-04*
295     1.280914141987 -6.293e-05  1.603e-01  7.020e-02  2.809e-04* 1.363e-04*
296     1.280648429480 -2.657e-04  1.727e-01  5.961e-02  4.591e-04* 1.908e-04*
297     1.280493688173 -1.547e-04  1.553e-01  7.378e-02  3.706e-04* 2.005e-04*
298     1.280228866082 -2.648e-04  2.125e-01  6.324e-02  4.512e-04* 1.879e-04*
299     1.280036825307 -1.920e-04  1.515e-01  6.388e-02  3.564e-04* 1.981e-04*
300     1.279824350316 -2.125e-04  2.014e-01  7.153e-02  3.975e-04* 1.868e-04*
301     1.279565833867 -2.585e-04  1.320e-01  5.459e-02  4.018e-04* 2.120e-04*
302     1.279436773587 -1.291e-04  3.443e-01  9.920e-02  4.593e-04* 2.405e-04*
303     1.279046908966 -3.899e-04  9.155e-02  3.478e-02  3.967e-04* 1.827e-04*
304     1.279023964588 -2.294e-05  1.363e-01  5.140e-02  9.102e-05* 4.750e-05*
305     1.278906788932 -1.172e-04  2.079e-01  7.578e-02  3.781e-04* 1.651e-04*
306     1.278644435963 -2.624e-04  1.574e-01  5.051e-02  3.353e-04* 1.703e-04*
307     1.278557147886 -8.729e-05  2.591e-01  8.728e-02  2.960e-04* 1.681e-04*
308     1.278334622637 -2.225e-04  1.274e-01  5.739e-02  2.788e-04* 1.290e-04*
309     1.278246604352 -8.802e-05  1.859e-01  8.053e-02  2.123e-04* 1.157e-04*
310     1.278092453963 -1.542e-04  1.351e-01  4.558e-02  2.617e-04* 8.695e-05*
311     1.278072597539 -1.986e-05  1.480e-01  6.359e-02  1.209e-04* 4.299e-05*
312     1.277974233158 -9.836e-05  1.001e-01  3.865e-02  1.497e-04* 6.042e-05*
313     1.277937560981 -3.667e-05  1.600e-01  5.781e-02  1.211e-04* 5.226e-05*
314     1.277858776179 -7.878e-05  5.550e-02  3.093e-02  1.626e-04* 5.214e-05*
315     1.277850455022 -8.321e-06  1.370e-01  4.987e-02  6.777e-05* 2.523e-05*
316     1.277733297263 -1.172e-04  1.133e-01  3.763e-02  2.668e-04* 9.345e-05*
317     1.277609277281 -1.240e-04  3.773e-01  1.042e-01  5.044e-04* 2.539e-04*
318     1.277369689548 -2.396e-04  9.915e-02  4.454e-02  2.547e-04* 8.760e-05*
319     1.277353352805 -1.634e-05  1.814e-01  5.911e-02  7.028e-05* 2.948e-05*
320     1.277277946294 -7.541e-05  7.507e-02  3.474e-02  1.397e-04* 5.382e-05*
321     1.277253913350 -2.403e-05  1.102e-01  4.969e-02  8.584e-05* 3.813e-05*
322     1.277174638180 -7.928e-05  6.773e-02  2.949e-02  1.667e-04* 5.221e-05*
323     1.277143855224 -3.078e-05  1.559e-01  5.317e-02  1.234e-04* 5.385e-05*
324     1.277063108212 -8.075e-05  1.044e-01  3.602e-02  1.479e-04* 5.848e-05*
325     1.277030936533 -3.217e-05  1.947e-01  6.698e-02  1.469e-04* 6.446e-05*
326     1.276928712134 -1.022e-04  4.125e-02  2.552e-02  1.276e-04* 5.122e-05*
327     1.276913696847 -1.502e-05  1.003e-01  4.436e-02  7.551e-05* 2.896e-05*
328     1.276825504727 -8.819e-05  1.608e-01  4.677e-02  2.111e-04* 8.904e-05*
329     1.276629041566 -1.965e-04  1.673e-01  7.124e-02  3.910e-04* 2.061e-04*
330     1.276464723418 -1.643e-04  1.121e-01  4.083e-02  2.122e-04* 1.041e-04*
331     1.276380461176 -8.426e-05  1.893e-01  7.682e-02  2.498e-04* 1.202e-04*
332     1.276216266344 -1.642e-04  9.990e-02  4.602e-02  2.486e-04* 1.081e-04*
333     1.276177348588 -3.892e-05  2.320e-01  8.391e-02  1.723e-04* 8.514e-05*
334     1.275986432550 -1.909e-04  7.769e-02  3.377e-02  2.847e-04* 1.091e-04*
335     1.275969692021 -1.674e-05  1.812e-01  5.905e-02  9.762e-05* 4.166e-05*
336     1.275432511644 -5.372e-04  3.575e-01  1.450e-01  1.304e-03* 7.107e-04*
337     1.275024031059 -4.085e-04  1.441e-01  4.584e-02  4.003e-04* 1.130e-04*
338     1.274958470851 -6.556e-05  4.217e-02  2.557e-02  1.290e-04* 4.230e-05*
339     1.274949675352 -8.795e-06  8.024e-02  3.527e-02  5.788e-05* 2.135e-05*
340     1.274887983367 -6.169e-05  1.041e-01  3.475e-02  1.764e-04* 5.777e-05*
341     1.274752563451 -1.354e-04  1.806e-01  6.793e-02  3.295e-04* 1.679e-04*
342     1.274639731922 -1.128e-04  8.329e-02  3.692e-02  1.832e-04* 5.908e-05*
343     1.274614803969 -2.493e-05  1.834e-01  5.930e-02  1.216e-04* 4.344e-05*
344     1.274533494007 -8.131e-05  7.280e-02  3.033e-02  1.683e-04* 5.366e-05*
345     1.274521866456 -1.163e-05  1.557e-01  4.877e-02  6.859e-05* 2.792e-05*
346     1.274412211889 -1.097e-04  1.292e-01  4.450e-02  2.461e-04* 9.155e-05*
347     1.274188413776 -2.238e-04  1.743e-01  8.870e-02  5.668e-04* 3.296e-04*
348     1.273915091295 -2.733e-04  1.419e-01  5.436e-02  3.678e-04* 1.230e-04*
349     1.273849365687 -6.573e-05  1.841e-01  5.373e-02  1.520e-04* 7.475e-05*
350     1.273787810414 -6.156e-05  1.215e-01  4.680e-02  1.391e-04* 4.901e-05*
351     1.273690341146 -9.747e-05  2.068e-01  6.826e-02  2.293e-04* 1.114e-04*
352     1.273603152227 -8.719e-05  7.774e-02  3.565e-02  1.601e-04* 4.808e-05*
353     1.273594251084 -8.901e-06  9.901e-02  4.914e-02  5.805e-05* 1.876e-05*
354     1.273518522501 -7.573e-05  8.748e-02  2.781e-02  1.394e-04* 5.330e-05*
355     1.273508050004 -1.047e-05  1.468e-01  4.641e-02  6.781e-05* 2.932e-05*
356     1.273423940047 -8.411e-05  1.391e-01  4.861e-02  1.859e-04* 7.604e-05*
357     1.273182860238 -2.411e-04  1.485e-01  6.122e-02  5.360e-04* 2.526e-04*
358     1.272933494321 -2.494e-04  2.489e-01  8.090e-02  4.283e-04* 2.222e-04*
359     1.272718530898 -2.150e-04  1.041e-01  4.478e-02  3.636e-04* 1.506e-04*
360     1.272604749487 -1.138e-04  3.446e-01  1.045e-01  3.956e-04* 1.964e-04*
361     1.272305190706 -2.996e-04  1.382e-01  4.829e-02  3.327e-04* 1.570e-04*
362     1.272290638556 -1.455e-05  1.645e-01  6.438e-02  6.043e-05* 3.170e-05*
363     1.272124416374 -1.662e-04  1.395e-01  4.456e-02  3.179e-04* 1.327e-04*
364     1.272002143316 -1.223e-04  2.819e-01  1.181e-01  4.213e-04* 2.392e-04*
365     1.271696190369 -3.060e-04  1.022e-01  3.899e-02  3.092e-04* 1.244e-04*
366     1.271695738821 -4.515e-07* 1.046e-01  3.986e-02  2.656e-06* 1.135e-06*
367     1.271663233277 -3.251e-05  3.826e-02  1.905e-02  8.798e-05* 2.118e-05*
368     1.271657373501 -5.860e-06  7.969e-02  3.073e-02  4.258e-05* 1.269e-05*
369     1.271603171179 -5.420e-05  8.095e-02  3.462e-02  1.366e-04* 5.277e-05*
370     1.271377719275 -2.255e-04  2.251e-01  8.236e-02  4.728e-04* 2.498e-04*
371     1.271245693088 -1.320e-04  3.635e-02  2.390e-02  1.634e-04* 5.822e-05*
372     1.271242820805 -2.872e-06  6.359e-02  3.368e-02  2.426e-05* 8.977e-06*
373     1.271210627931 -3.219e-05  1.759e-01  7.114e-02  1.413e-04* 6.811e-05*
374     1.271116102514 -9.453e-05  3.353e-02  1.874e-02  1.340e-04* 4.108e-05*
375     1.271108276274 -7.826e-06  8.411e-02  3.374e-02  4.722e-05* 1.633e-05*
376     1.270863300283 -2.450e-04  2.763e-01  1.170e-01  6.716e-04* 3.745e-04*
377     1.270647161331 -2.161e-04  6.366e-02  3.477e-02  1.713e-04* 4.887e-05*
378     1.270628178131 -1.898e-05  7.673e-02  3.421e-02  5.476e-05* 1.524e-05*
379     1.270595446753 -3.273e-05  5.789e-02  2.374e-02  9.305e-05* 2.821e-05*
380     1.270571534975 -2.391e-05  9.468e-02  3.267e-02  7.721e-05* 3.057e-05*
381     1.270510685101 -6.085e-05  7.535e-02  3.073e-02  1.242e-04* 5.122e-05*
382     1.270390286833 -1.204e-04  2.415e-01  6.341e-02  3.021e-04* 1.629e-04*
383     1.270229593935 -1.607e-04  1.216e-01  5.025e-02  2.773e-04* 1.047e-04*
384     1.270152757814 -7.684e-05  1.577e-01  6.089e-02  2.031e-04* 9.872e-05*
385     1.270060054756 -9.270e-05  1.165e-01  3.949e-02  1.396e-04* 5.225e-05*
386     1.270002965184 -5.709e-05  2.070e-01  5.367e-02  1.549e-04* 6.514e-05*
387     1.269936145115 -6.682e-05  6.631e-02  3.203e-02  1.137e-04* 4.433e-05*
388     1.269901704754 -3.444e-05  1.285e-01  5.151e-02  1.144e-04* 4.769e-05*
389     1.269824284655 -7.742e-05  6.489e-02  2.913e-02  1.689e-04* 4.938e-05*
390     1.269799287213 -2.500e-05  1.656e-01  4.810e-02  1.127e-04* 4.050e-05*
391     1.269725874842 -7.341e-05  1.246e-01  4.107e-02  1.454e-04* 6.002e-05*
392     1.269614296016 -1.116e-04  2.701e-01  9.377e-02  3.270e-04* 1.721e-04*
393     1.269462258926 -1.520e-04  6.092e-02  2.813e-02  2.022e-04* 5.610e-05*
394     1.269458066825 -4.192e-06  6.977e-02  3.610e-02  3.367e-05* 9.402e-06*
395     1.269401178839 -5.689e-05  1.804e-01  5.112e-02  1.753e-04* 6.978e-05*
396     1.269330574807 -7.060e-05  7.048e-02  3.762e-02  1.730e-04* 5.064e-05*
397     1.269297234915 -3.334e-05  2.150e-01  5.816e-02  1.300e-04* 5.191e-05*
398     1.269220715378 -7.652e-05  5.224e-02  2.571e-02  1.270e-04* 4.062e-05*
399     1.269204569696 -1.615e-05  1.089e-01  4.177e-02  7.581e-05* 2.751e-05*
400     1.269135344230 -6.923e-05  1.458e-01  4.718e-02  1.674e-04* 6.838e-05*
