#                       1.000e-06  2.000e-04  1.000e-04  2.000e-03  1.000e-03
# iter          energy    delta_e   grad_max   grad_rms   disp_max   disp_rms
  1    -1.086282874376 -1.565e+00  3.706e-01  1.049e-01  1.867e-01  4.574e-02 
  2    -1.154067549468 -6.778e-02  1.039e-01  4.708e-02  8.808e-02  2.654e-02 
  3    -1.285572436574 -1.315e-01  3.770e-01  9.681e-02  1.935e-01  5.729e-02 
  4    -1.354496396206 -6.892e-02  1.278e-01  5.973e-02  1.272e-01  3.443e-02 
  5    -1.475164657718 -1.207e-01  1.681e-01  4.776e-02  1.367e-01  4.571e-02 
  6    -1.510285911043 -3.512e-02  1.275e-01  3.846e-02  7.733e-02  2.671e-02 
  7    -1.547036378486 -3.675e-02  1.338e-01  3.582e-02  4.738e-02  2.247e-02 
  8    -1.624569266651 -7.753e-02  1.539e-01  6.284e-02  4.029e-01  1.504e-01 
  9    -1.680334325503 -5.577e-02  1.758e-01  7.042e-02  7.188e-02  3.005e-02 
 10    -1.739536712306 -5.920e-02  1.842e-01  6.024e-02  8.791e-02  2.357e-02 
 11    -1.815021893740 -7.549e-02  1.787e-01  7.780e-02  8.239e-02  3.381e-02 
 12    -1.872774513334 -5.775e-02  1.566e-01  5.230e-02  8.423e-02  2.048e-02 
 13    -1.960405446549 -8.763e-02  1.396e-01  6.530e-02  8.252e-02  3.854e-02 
 14    -2.006088803310 -4.568e-02  2.510e-01  5.519e-02  5.773e-02  2.099e-02 
 15    -2.054712106842 -4.862e-02  1.533e-01  6.367e-02  6.212e-02  2.484e-02 
 16    -2.090739780483 -3.603e-02  1.818e-01  4.530e-02  5.201e-02  1.610e-02 
 17    -2.129111618641 -3.837e-02  1.465e-01  5.671e-02  5.627e-02  2.392e-02 
 18    -2.153948835999 -2.484e-02  1.595e-01  4.060e-02  4.957e-02  1.405e-02 
 19    -2.182890997821 -2.894e-02  1.264e-01  5.373e-02  6.147e-02  2.101e-02 
 20    -2.204994952232 -2.210e-02  1.236e-01  3.435e-02  4.705e-02  1.304e-02 
 21    -2.225502635835 -2.051e-02  9.835e-02  4.141e-02  4.461e-02  1.742e-02 
 22    -2.239135122360 -1.363e-02  9.339e-02  2.863e-02  3.462e-02  9.852e-03 
 23    -2.258539308386 -1.940e-02  1.236e-01  4.940e-02  4.025e-02  1.907e-02 
 24    -2.274554761644 -1.602e-02  8.236e-02  3.021e-02  4.141e-02  1.001e-02 
 25    -2.302519003331 -2.796e-02  2.113e-01  6.305e-02  5.453e-02  2.458e-02 
 26    -2.324578648003 -2.206e-02  9.853e-02  3.345e-02  4.767e-02  1.075e-02 
 27    -2.386778580676 -6.220e-02  3.137e-01  8.719e-02  9.558e-02  4.281e-02 
 28    -2.421867751371 -3.509e-02  1.214e-01  3.703e-02  5.773e-02  1.217e-02 
 29    -2.535031794065 -1.132e-01  1.741e-01  5.291e-02  1.077e-01  5.787e-02 
 30    -2.563193166056 -2.816e-02  1.482e-01  4.938e-02  5.538e-02  1.733e-02 
 31    -2.589253680731 -2.606e-02  1.072e-01  4.485e-02  5.261e-02  1.517e-02 
 32    -2.620035871887 -3.078e-02  2.273e-01  5.632e-02  3.347e-02  1.929e-02 
 33    -2.649212091420 -2.918e-02  1.221e-01  5.439e-02  3.931e-02  1.696e-02 
 34    -2.681365214487 -3.215e-02  2.371e-01  5.694e-02  5.078e-02  1.711e-02 
 35    -2.716009604894 -3.464e-02  1.354e-01  5.748e-02  3.386e-02  1.680e-02 
 36    -2.758922832684 -4.291e-02  3.411e-01  7.355e-02  6.343e-02  2.201e-02 
 37    -2.802734217913 -4.381e-02  1.578e-01  6.657e-02  3.769e-02  1.971e-02 
 38    -2.852001210383 -4.927e-02  2.635e-01  6.634e-02  6.373e-02  2.011e-02 
 39    -2.904693628801 -5.269e-02  1.573e-01  7.346e-02  4.434e-02  2.343e-02 
 40    -2.951770868953 -4.708e-02  1.939e-01  5.833e-02  6.728e-02  1.816e-02 
 41    -3.004694604548 -5.292e-02  1.356e-01  6.896e-02  4.976e-02  2.418e-02 
 42    -3.040192220741 -3.550e-02  1.289e-01  4.874e-02  5.396e-02  1.341e-02 
 43    -3.106526222647 -6.633e-02  1.796e-01  8.008e-02  7.466e-02  3.306e-02 
 44    -3.138042792319 -3.152e-02  1.557e-01  4.887e-02  5.993e-02  1.320e-02 
 45    -3.174349335587 -3.631e-02  1.472e-01  6.895e-02  4.271e-02  1.945e-02 
 46    -3.201103370008 -2.675e-02  1.616e-01  5.266e-02  5.224e-02  1.287e-02 
 47    -3.228520102227 -2.742e-02  1.354e-01  5.561e-02  2.721e-02  1.376e-02 
 48    -3.252934844461 -2.441e-02  1.799e-01  5.358e-02  4.442e-02  1.268e-02 
 49    -3.278255549384 -2.532e-02  1.120e-01  5.761e-02  2.761e-02  1.373e-02 
 50    -3.300414902620 -2.216e-02  1.200e-01  4.703e-02  3.922e-02  1.033e-02 
 51    -3.335123462549 -3.471e-02  2.039e-01  8.236e-02  5.354e-02  2.189e-02 
 52    -3.364683040012 -2.956e-02  1.107e-01  4.745e-02  5.512e-02  1.163e-02 
 53    -3.408668940277 -4.399e-02  2.124e-01  8.178e-02  6.480e-02  2.335e-02 
 54    -3.440737039208 -3.207e-02  1.628e-01  5.543e-02  6.016e-02  1.305e-02 
 55    -3.482170106600 -4.143e-02  1.781e-01  7.894e-02  5.553e-02  1.994e-02 
 56    -3.517617161876 -3.545e-02  1.598e-01  5.897e-02  5.769e-02  1.332e-02 
 57    -3.573756304043 -5.614e-02  2.543e-01  9.884e-02  7.788e-02  2.669e-02 
 58    -3.616765522854 -4.301e-02  1.092e-01  5.429e-02  5.868e-02  1.232e-02 
 59    -3.730705287584 -1.139e-01  2.303e-01  8.143e-02  1.485e-01  4.816e-02 
 60    -3.759976681323 -2.927e-02  1.121e-01  4.156e-02  4.358e-02  9.949e-03 
 61    -3.814825974482 -5.485e-02  9.866e-02  5.899e-02  7.879e-02  3.612e-02 
 62    -3.835966209184 -2.114e-02  9.066e-02  3.833e-02  4.061e-02  9.370e-03 
 63    -3.865817389992 -2.985e-02  1.709e-01  6.927e-02  4.707e-02  2.124e-02 
 64    -3.886385216042 -2.057e-02  1.066e-01  3.820e-02  3.649e-02  8.129e-03 
 65    -4.001189994641 -1.148e-01  3.358e-01  1.053e-01  1.483e-01  6.481e-02 
 66    -4.035822628086 -3.463e-02  1.123e-01  4.172e-02  5.791e-02  1.093e-02 
 67    -4.062839603580 -2.702e-02  1.526e-01  5.829e-02  5.214e-02  1.782e-02 
 68    -4.080085998541 -1.725e-02  1.456e-01  4.152e-02  2.594e-02  8.715e-03 
 69    -4.102618947895 -2.253e-02  1.751e-01  7.273e-02  5.677e-02  1.611e-02 
 70    -4.123293535369 -2.067e-02  1.665e-01  4.484e-02  4.228e-02  9.222e-03 
 71    -4.153460597955 -3.017e-02  1.951e-01  8.022e-02  6.578e-02  1.839e-02 
 72    -4.178171850260 -2.471e-02  1.870e-01  4.859e-02  4.412e-02  9.968e-03 
 73    -4.211346970189 -3.318e-02  2.258e-01  8.104e-02  6.834e-02  1.954e-02 
 74    -4.234795212967 -2.345e-02  1.474e-01  4.332e-02  4.408e-02  9.869e-03 
 75    -4.254767776100 -1.997e-02  1.471e-01  5.140e-02  3.968e-02  1.274e-02 
 76    -4.266730868892 -1.196e-02  7.398e-02  3.413e-02  2.793e-02  7.088e-03 
 77    -4.280835601829 -1.410e-02  1.745e-01  5.434e-02  3.377e-02  1.318e-02 
 78    -4.292260771926 -1.143e-02  8.168e-02  2.999e-02  2.711e-02  6.807e-03 
 79    -4.307089159024 -1.483e-02  1.583e-01  5.508e-02  3.290e-02  1.414e-02 
 80    -4.318188031803 -1.110e-02  9.096e-02  2.785e-02  2.044e-02  5.499e-03 
 81    -4.438233847776 -1.200e-01  1.071e-01  5.152e-02  1.632e-01  7.659e-02 
 82    -4.455552759146 -1.732e-02  1.025e-01  4.446e-02  3.183e-02  9.979e-03 
 83    -4.470941757981 -1.539e-02  1.239e-01  4.928e-02  3.034e-02  1.007e-02 
 84    -4.486076828729 -1.514e-02  1.193e-01  4.673e-02  3.749e-02  9.353e-03 
 85    -4.502785934752 -1.671e-02  1.270e-01  5.048e-02  2.914e-02  1.037e-02 
 86    -4.519160291782 -1.637e-02  1.164e-01  4.662e-02  3.727e-02  9.391e-03 
 87    -4.538021841726 -1.886e-02  1.528e-01  5.711e-02  3.136e-02  1.214e-02 
 88    -4.555422001845 -1.740e-02  1.046e-01  4.344e-02  3.674e-02  8.694e-03 
 89    -4.580444851527 -2.502e-02  1.621e-01  6.145e-02  3.532e-02  1.486e-02 
 90    -4.599719847311 -1.927e-02  1.045e-01  4.500e-02  3.944e-02  9.167e-03 
 91    -4.628652386303 -2.893e-02  1.931e-01  7.613e-02  4.389e-02  1.880e-02 
 92    -4.652595922436 -2.394e-02  9.249e-02  4.199e-02  4.216e-02  8.932e-03 
 93    -4.741781880371 -8.919e-02  2.340e-01  1.178e-01  1.204e-01  5.283e-02 
 94    -4.785190297269 -4.341e-02  1.444e-01  4.568e-02  5.577e-02  1.021e-02 
 95    -4.859867572955 -7.468e-02  4.472e-01  1.118e-01  1.128e-01  4.389e-02 
 96    -4.905830283984 -4.596e-02  1.493e-01  5.306e-02  3.805e-02  1.259e-02 
 97    -4.959151691134 -5.332e-02  2.716e-01  9.599e-02  7.236e-02  2.910e-02 
 98    -4.994713490698 -3.556e-02  1.292e-01  4.879e-02  4.531e-02  1.060e-02 
 99    -5.079011501571 -8.430e-02  3.809e-01  1.071e-01  1.374e-01  4.502e-02 
100    -5.118618612435 -3.961e-02  1.484e-01  5.031e-02  3.398e-02  1.159e-02 
101    -5.157372127895 -3.875e-02  3.713e-01  8.225e-02  5.368e-02  2.275e-02 
102    -5.183818199665 -2.645e-02  1.485e-01  4.469e-02  2.612e-02  8.723e-03 
103    -5.268122487193 -8.430e-02  4.742e-01  1.095e-01  1.485e-01  4.920e-02 
104    -5.306836949167 -3.871e-02  1.534e-01  4.720e-02  3.194e-02  1.138e-02 
105    -5.329457259078 -2.262e-02  2.420e-01  5.536e-02  3.713e-02  1.373e-02 
106    -5.344527823676 -1.507e-02  1.255e-01  4.292e-02  1.686e-02  8.414e-03 
107    -5.358484841835 -1.396e-02  1.963e-01  4.678e-02  2.902e-02  9.132e-03 
108    -5.370213194304 -1.173e-02  1.047e-01  3.864e-02  1.362e-02  6.968e-03 
109    -5.384349089042 -1.414e-02  2.564e-01  5.303e-02  3.159e-02  1.080e-02 
110    -5.396000946883 -1.165e-02  8.526e-02  3.504e-02  1.032e-02  6.464e-03 
111    -5.413322470123 -1.732e-02  3.307e-01  6.236e-02  3.410e-02  1.432e-02 
112    -5.426446356429 -1.312e-02  6.614e-02  3.150e-02  9.644e-03  5.978e-03 
113    -5.503373684123 -7.693e-02  8.299e-01  1.380e-01  1.412e-01  6.478e-02 
114    -5.548015864181 -4.464e-02  6.522e-02  3.444e-02  2.589e-02  1.042e-02 
115    -5.668006091923 -1.200e-01  2.250e-01  8.940e-02  1.646e-01  7.247e-02 
116    -5.714011740613 -4.601e-02  1.941e-01  5.631e-02  3.140e-02  1.646e-02 
117    -5.734355367025 -2.034e-02  9.866e-02  5.926e-02  2.899e-02  1.083e-02 
118    -5.752319862301 -1.796e-02  2.375e-01  5.547e-02  3.758e-02  9.295e-03 
119    -5.770805574308 -1.849e-02  1.423e-01  6.274e-02  2.846e-02  1.046e-02 
120    -5.788530255587 -1.772e-02  1.918e-01  5.117e-02  3.730e-02  8.278e-03 
121    -5.810732580588 -2.220e-02  1.715e-01  7.079e-02  4.080e-02  1.267e-02 
122    -5.829849117113 -1.912e-02  1.323e-01  4.754e-02  3.700e-02  7.643e-03 
123    -5.869724563070 -3.988e-02  2.456e-01  1.004e-01  8.791e-02  2.307e-02 
124    -5.899024858945 -2.930e-02  6.412e-02  4.683e-02  4.625e-02  8.523e-03 
125    -6.020747572277 -1.217e-01  3.216e-01  9.619e-02  2.379e-01  5.551e-02 
126    -6.046177741169 -2.543e-02  6.291e-02  4.174e-02  3.739e-02  8.005e-03 
127    -6.089062949315 -4.289e-02  3.419e-01  8.913e-02  8.201e-02  2.903e-02 
128    -6.111674073607 -2.261e-02  7.735e-02  3.908e-02  2.804e-02  7.268e-03 
129    -6.143365332113 -3.169e-02  1.677e-01  6.079e-02  5.266e-02  2.224e-02 
130    -6.159801565403 -1.644e-02  1.061e-01  3.657e-02  2.395e-02  8.446e-03 
131    -6.169254479589 -9.453e-03  1.842e-01  4.588e-02  2.269e-02  8.184e-03 
132    -6.177137355959 -7.883e-03  7.998e-02  3.143e-02  1.831e-02  5.363e-03 
133    -6.184855450753 -7.718e-03  1.506e-01  3.795e-02  1.971e-02  6.892e-03 
134    -6.190626799942 -5.771e-03  5.380e-02  2.689e-02  1.340e-02  4.347e-03 
135    -6.198230736069 -7.604e-03  1.919e-01  4.266e-02  2.755e-02  8.623e-03 
136    -6.204002056898 -5.771e-03  3.551e-02  2.215e-02  1.316e-02  3.999e-03 
137    -6.216092137004 -1.209e-02  2.822e-01  5.437e-02  5.961e-02  1.622e-02 
138    -6.223728028232 -7.636e-03  3.140e-02  1.866e-02  1.129e-02  4.008e-03 
139    -6.242481294437 -1.875e-02  2.970e-01  7.196e-02  1.260e-01  3.082e-02 
140    -6.255415375526 -1.293e-02  4.801e-02  1.936e-02  2.303e-02  5.199e-03 
141    -6.260160216296 -4.745e-03  7.965e-02  3.647e-02  3.575e-02  7.833e-03 
142    -6.264584833396 -4.425e-03  3.395e-02  1.898e-02  1.917e-02  3.853e-03 
143    -6.270508537667 -5.924e-03  1.458e-01  4.080e-02  4.397e-02  9.376e-03 
144    -6.275522315722 -5.014e-03  2.990e-02  1.829e-02  1.467e-02  3.528e-03 
145    -6.325902486855 -5.038e-02  7.218e-01  1.330e-01  3.805e-01  7.086e-02 
146    -6.367237214435 -4.133e-02  8.313e-02  3.438e-02  2.427e-02  9.046e-03 
147    -6.378396312075 -1.116e-02  1.372e-01  4.903e-02  5.552e-02  9.769e-03 
148    -6.387333112346 -8.937e-03  8.912e-02  3.346e-02  2.320e-02  5.679e-03 
149    -6.397810870780 -1.048e-02  1.489e-01  5.110e-02  5.156e-02  9.315e-03 
150    -6.406655116704 -8.844e-03  5.482e-02  3.046e-02  2.138e-02  4.980e-03 
151    -6.425370543986 -1.872e-02  1.789e-01  6.391e-02  1.021e-01  1.662e-02 
152    -6.436421085539 -1.105e-02  3.325e-02  2.577e-02  2.502e-02  5.097e-03 
153    -6.465821142928 -2.940e-02  5.717e-02  2.709e-02  1.737e-01  2.757e-02 
154    -6.468391100240 -2.570e-03  4.000e-02  1.615e-02  1.238e-02  2.954e-03 
155    -6.470619538800 -2.228e-03  4.457e-02  2.222e-02  9.319e-03  4.233e-03 
156    -6.472246639634 -1.627e-03  3.442e-02  1.263e-02  9.964e-03  2.038e-03 
157    -6.477433789234 -5.187e-03  1.032e-01  3.804e-02  3.606e-02  1.298e-02 
158    -6.481036312684 -3.603e-03  2.431e-02  1.070e-02  1.553e-02  2.855e-03 
159    -6.490575686036 -9.539e-03  2.400e-01  4.771e-02  6.323e-02  2.677e-02 
160    -6.497018971909 -6.443e-03  2.572e-02  1.479e-02  1.091e-02  4.203e-03 
161    -6.498961756112 -1.943e-03  4.267e-02  1.466e-02  1.422e-02  3.648e-03 
162    -6.500389905896 -1.428e-03  4.189e-02  1.621e-02  1.072e-02  2.948e-03 
163    -6.501616470406 -1.227e-03  5.094e-02  1.413e-02  7.517e-03  2.282e-03 
164    -6.502903494782 -1.287e-03  3.387e-02  1.477e-02  6.177e-03  2.415e-03 
165    -6.504187783837 -1.284e-03  5.275e-02  1.459e-02  6.577e-03  2.345e-03 
166    -6.505653170830 -1.465e-03  4.947e-02  1.924e-02  8.406e-03  3.242e-03 
167    -6.507121840324 -1.469e-03  4.854e-02  1.447e-02  8.707e-03  2.405e-03 
168    -6.508778161929 -1.656e-03  4.716e-02  1.809e-02  8.393e-03  3.152e-03 
169    -6.510195256175 -1.417e-03  3.479e-02  1.358e-02  6.644e-03  2.079e-03 
170    -6.513171006500 -2.976e-03  7.758e-02  2.576e-02  1.609e-02  5.798e-03 
171    -6.515364604740 -2.194e-03  3.450e-02  1.430e-02  1.005e-02  2.620e-03 
172    -6.519407752855 -4.043e-03  1.271e-01  3.733e-02  2.494e-02  8.924e-03 
173    -6.523411660665 -4.004e-03  3.897e-02  1.493e-02  1.367e-02  3.385e-03 
174    -6.536065140985 -1.265e-02  2.753e-01  6.747e-02  6.841e-02  2.448e-02 
175    -6.547867152098 -1.180e-02  5.772e-02  1.806e-02  2.160e-02  5.399e-03 
176    -6.603656590973 -5.579e-02  2.785e-01  7.293e-02  1.415e-01  5.647e-02 
177    -6.619159999357 -1.550e-02  6.202e-02  2.268e-02  2.323e-02  6.350e-03 
178    -6.630941876316 -1.178e-02  1.148e-01  4.575e-02  3.575e-02  1.553e-02 
179    -6.638554296942 -7.612e-03  9.595e-02  2.228e-02  1.827e-02  5.456e-03 
180    -6.642749889052 -4.196e-03  7.758e-02  2.813e-02  1.052e-02  5.356e-03 
181    -6.646087394562 -3.338e-03  1.125e-01  2.264e-02  1.187e-02  3.799e-03 
182    -6.649369404340 -3.282e-03  6.685e-02  2.558e-02  8.650e-03  4.279e-03 
183    -6.652357062839 -2.988e-03  1.012e-01  2.131e-02  9.563e-03  3.386e-03 
184    -6.655843985841 -3.487e-03  7.558e-02  2.844e-02  1.099e-02  4.921e-03 
185    -6.658984545131 -3.141e-03  9.772e-02  2.094e-02  1.137e-02  3.419e-03 
186    -6.662516731436 -3.532e-03  7.291e-02  2.718e-02  1.126e-02  4.738e-03 
187    -6.665570200351 -3.053e-03  1.034e-01  2.159e-02  1.080e-02  3.455e-03 
188    -6.668999010561 -3.429e-03  7.839e-02  2.828e-02  1.158e-02  4.788e-03 
189    -6.672170054646 -3.171e-03  1.041e-01  2.183e-02  1.149e-02  3.522e-03 
190    -6.675653235466 -3.483e-03  7.884e-02  2.812e-02  1.192e-02  4.743e-03 
191    -6.678842746712 -3.190e-03  9.898e-02  2.155e-02  1.099e-02  3.433e-03 
192    -6.682689493859 -3.847e-03  9.118e-02  3.153e-02  1.472e-02  5.497e-03 
193    -6.686051929095 -3.362e-03  5.303e-02  1.880e-02  1.023e-02  2.844e-03 
194    -6.710350048916 -2.430e-02  2.644e-01  9.087e-02  1.218e-01  3.758e-02 
195    -6.729972011451 -1.962e-02  4.062e-02  2.160e-02  3.468e-02  6.596e-03 
196    -6.749742665341 -1.977e-02  4.882e-01  8.875e-02  1.144e-01  2.836e-02 
197    -6.769738377415 -2.000e-02  5.078e-02  2.762e-02  1.755e-02  7.569e-03 
198    -6.788355522741 -1.862e-02  3.060e-01  6.675e-02  7.810e-02  1.777e-02 
199    -6.802174765606 -1.382e-02  6.280e-02  3.321e-02  2.458e-02  6.504e-03 
200    -6.822446742505 -2.027e-02  4.171e-01  8.054e-02  8.155e-02  1.820e-02 
201    -6.841399282643 -1.895e-02  6.983e-02  3.781e-02  1.909e-02  7.690e-03 
202    -6.864648217250 -2.325e-02  3.761e-01  7.660e-02  7.931e-02  1.743e-02 
203    -6.882253641144 -1.761e-02  5.380e-02  3.627e-02  2.360e-02  7.168e-03 
204    -6.905201284963 -2.295e-02  2.954e-01  6.069e-02  8.266e-02  1.639e-02 
205    -6.916450077142 -1.125e-02  4.564e-02  3.093e-02  1.618e-02  5.962e-03 
206    -6.927246695305 -1.080e-02  1.954e-01  4.336e-02  4.869e-02  9.178e-03 
207    -6.933727442070 -6.481e-03  3.812e-02  2.697e-02  1.552e-02  4.503e-03 
208    -6.941270374738 -7.543e-03  1.852e-01  3.897e-02  4.298e-02  7.842e-03 
209    -6.946161903014 -4.892e-03  2.854e-02  2.301e-02  1.295e-02  3.966e-03 
210    -6.950988703402 -4.827e-03  1.710e-01  3.429e-02  3.563e-02  6.558e-03 
211    -6.954509274789 -3.521e-03  2.221e-02  1.778e-02  9.392e-03  3.170e-03 
212    -6.958509474842 -4.000e-03  1.392e-01  2.732e-02  3.464e-02  6.186e-03 
213    -6.960576816648 -2.067e-03  1.710e-02  1.318e-02  5.468e-03  2.013e-03 
214    -6.970762539175 -1.019e-02  4.221e-02  1.574e-02  1.205e-01  2.153e-02 
215    -6.971936409647 -1.174e-03  5.754e-02  1.305e-02  7.257e-03  2.251e-03 
216    -6.972669559848 -7.332e-04  2.527e-02  1.133e-02  3.438e-03  1.750e-03 
217    -6.973267969160 -5.984e-04  4.501e-02  1.058e-02  5.603e-03  1.588e-03 
218    -6.973792518258 -5.245e-04  2.246e-02  9.557e-03  3.117e-03  1.391e-03 
219    -6.974338860218 -5.463e-04  5.538e-02  1.153e-02  5.402e-03  1.758e-03 
220    -6.974837246087 -4.984e-04  2.175e-02  9.395e-03  3.095e-03  1.377e-03 
221    -6.975351855140 -5.146e-04  5.435e-02  1.133e-02  5.314e-03  1.694e-03 
222    -6.975811212290 -4.594e-04  2.268e-02  7.949e-03  2.695e-03  1.078e-03 
223    -6.976968573029 -1.157e-03  1.059e-01  1.883e-02  1.583e-02  4.192e-03 
224    -6.977874191139 -9.056e-04  2.446e-02  7.780e-03  3.224e-03  1.442e-03 
225    -6.986726007630 -8.852e-03  3.829e-01  6.464e-02  1.337e-01  3.217e-02 
226    -6.995777629966 -9.052e-03  4.765e-02  1.238e-02  1.091e-02  4.370e-03 
227    -7.002530954392 -6.753e-03  1.439e-01  5.248e-02  6.793e-02  1.681e-02 
228    -7.009004525434 -6.474e-03  6.857e-02  1.615e-02  2.066e-02  3.860e-03 
229    -7.014290289803 -5.286e-03  9.232e-02  3.336e-02  2.841e-02  1.074e-02 
230    -7.018547509277 -4.257e-03  7.870e-02  2.018e-02  1.318e-02  3.883e-03 
231    -7.020761499169 -2.214e-03  6.018e-02  2.148e-02  1.146e-02  3.290e-03 
232    -7.022636784314 -1.875e-03  6.155e-02  1.759e-02  9.650e-03  2.451e-03 
233    -7.025058687544 -2.422e-03  5.978e-02  2.609e-02  1.488e-02  4.193e-03 
234    -7.027198792176 -2.140e-03  5.745e-02  1.670e-02  1.174e-02  2.525e-03 
235    -7.029968809324 -2.770e-03  6.771e-02  2.974e-02  1.885e-02  5.227e-03 
236    -7.032422771283 -2.454e-03  5.499e-02  1.555e-02  1.312e-02  2.619e-03 
237    -7.035521993979 -3.099e-03  6.996e-02  3.001e-02  2.149e-02  5.946e-03 
238    -7.037895012037 -2.373e-03  5.034e-02  1.365e-02  1.228e-02  2.392e-03 
239    -7.043551079109 -5.656e-03  9.591e-02  3.833e-02  4.439e-02  1.225e-02 
240    -7.046924956570 -3.374e-03  3.562e-02  1.051e-02  1.535e-02  2.746e-03 
241    -7.057207958291 -1.028e-02  2.341e-02  9.221e-03  6.900e-02  2.478e-02 
242    -7.057590469758 -3.825e-04  2.289e-02  6.693e-03  4.029e-03  1.185e-03 
243    -7.057831259381 -2.408e-04  1.986e-02  6.216e-03  1.850e-03* 9.664e-04*
244    -7.058041297116 -2.100e-04  2.291e-02  6.145e-03  3.503e-03  9.374e-04*
245    -7.058230040540 -1.887e-04  1.839e-02  5.814e-03  1.905e-03* 8.694e-04*
246    -7.058409217081 -1.792e-04  2.064e-02  5.712e-03  3.332e-03  8.593e-04*
247    -7.058574953206 -1.657e-04  1.730e-02  5.347e-03  1.882e-03* 7.921e-04*
248    -7.058748895759 -1.739e-04  2.946e-02  6.644e-03  3.909e-03  1.038e-03 
249    -7.058908846028 -1.600e-04  1.635e-02  5.099e-03  1.615e-03* 7.813e-04*
250    -7.059066913335 -1.581e-04  2.682e-02  6.220e-03  3.717e-03  9.701e-04*
251    -7.059210884172 -1.440e-04  1.560e-02  4.734e-03  1.514e-03* 7.168e-04*
252    -7.059360890711 -1.500e-04  2.206e-02  5.546e-03  3.238e-03  8.826e-04*
253    -7.059490287680 -1.294e-04  1.493e-02  4.846e-03  1.639e-03* 7.238e-04*
254    -7.059612673991 -1.224e-04  1.485e-02  4.534e-03  2.734e-03  6.675e-04*
255    -7.059747219131 -1.345e-04  1.431e-02  5.463e-03  2.276e-03  8.654e-04*
256    -7.059863071248 -1.159e-04  1.431e-02  4.135e-03  2.915e-03  6.095e-04*
257    -7.060012230970 -1.492e-04  1.382e-02  5.971e-03  2.855e-03  1.037e-03 
258    -7.060127087607 -1.149e-04  1.376e-02  3.580e-03  2.699e-03  5.238e-04*
259    -7.060557856380 -4.308e-04  2.896e-02  1.099e-02  1.054e-02  3.518e-03 
260    -7.060850372655 -2.925e-04  1.238e-02  3.136e-03  4.824e-03  8.180e-04*
261    -7.063850467897 -3.000e-03  1.360e-02  4.214e-03  7.021e-02  2.416e-02 
262    -7.063915378700 -6.491e-05  7.528e-03  2.449e-03  1.097e-03* 4.425e-04*
263    -7.063966785103 -5.141e-05  9.860e-03  2.968e-03  2.322e-03  5.778e-04*
264    -7.064000719662 -3.393e-05  4.479e-03  2.320e-03  1.085e-03* 3.658e-04*
265    -7.064032919475 -3.220e-05  7.229e-03  2.517e-03  1.959e-03* 4.003e-04*
266    -7.064060579616 -2.766e-05  4.515e-03  2.037e-03  8.201e-04* 3.040e-04*
267    -7.064094425997 -3.385e-05  9.132e-03  2.659e-03  2.064e-03  4.616e-04*
268    -7.064121186602 -2.676e-05  4.560e-03  2.015e-03  8.607e-04* 3.147e-04*
269    -7.064149471092 -2.828e-05  1.013e-02  2.717e-03  2.107e-03  4.475e-04*
270    -7.064174597040 -2.513e-05  4.646e-03  1.702e-03  7.198e-04* 2.632e-04*
271    -7.064221876106 -4.728e-05  1.412e-02  3.204e-03  2.670e-03  7.408e-04*
272    -7.064250507516 -2.863e-05  4.763e-03  1.505e-03  6.782e-04* 2.440e-04*
273    -7.064990363382 -7.399e-04  8.322e-03  2.539e-03  3.514e-02  1.532e-02 
274    -7.065082427897 -9.206e-05  1.100e-02  4.060e-03  3.403e-03  1.131e-03 
275    -7.065132930991 -5.050e-05  5.695e-03  1.947e-03  1.630e-03* 3.933e-04*
276    -7.065168453308 -3.552e-05  6.851e-03  2.906e-03  1.598e-03* 5.697e-04*
277    -7.065193044579 -2.459e-05  5.806e-03  1.474e-03  1.104e-03* 2.244e-04*
278    -7.065334988527 -1.419e-04  8.568e-03  2.915e-03  8.711e-03  2.939e-03 
279    -7.065366529724 -3.154e-05  2.803e-03  1.177e-03  6.033e-04* 2.925e-04*
280    -7.065379281069 -1.275e-05  4.445e-03  1.442e-03  8.464e-04* 3.309e-04*
281    -7.065388118183 -8.837e-06  3.654e-03  1.064e-03  8.255e-04* 1.768e-04*
282    -7.065396983842 -8.866e-06  3.586e-03  1.506e-03  5.963e-04* 2.548e-04*
283    -7.065404665167 -7.681e-06  3.594e-03  9.411e-04  7.764e-04* 1.451e-04*
284    -7.065420957751 -1.629e-05  4.880e-03  2.163e-03  1.184e-03* 5.080e-04*
285    -7.065433559690 -1.260e-05  3.599e-03  8.793e-04  1.024e-03* 1.768e-04*
286    -7.065490970112 -5.741e-05  9.708e-03  4.056e-03  4.687e-03  1.861e-03 
287    -7.065530153313 -3.918e-05  3.420e-03  8.579e-04  1.799e-03* 3.018e-04*
288    -7.065608859990 -7.871e-05  1.958e-02  4.353e-03  6.856e-03  2.655e-03 
289    -7.065657818095 -4.896e-05  4.030e-03  1.553e-03  6.951e-04* 2.977e-04*
290    -7.065671470814 -1.365e-05  3.359e-03  9.409e-04  7.390e-04* 2.458e-04*
291    -7.065682693361 -1.122e-05  6.987e-03  1.637e-03  1.201e-03* 3.346e-04*
292    -7.065691152278 -8.459e-06  3.325e-03  9.570e-04  3.814e-04* 1.638e-04*
293    -7.065701150264 -9.998e-06  7.916e-03  1.778e-03  1.264e-03* 3.335e-04*
294    -7.065710463332 -9.313e-06  3.369e-03  9.035e-04  4.240e-04* 1.610e-04*
295    -7.065727607997 -1.714e-05  1.276e-02  2.529e-03  1.964e-03* 6.172e-04*
296    -7.065744056967 -1.645e-05  3.381e-03  8.763e-04  5.305e-04* 2.058e-04*
297    -7.065789035871 -4.498e-05  1.901e-02  3.666e-03  3.488e-03  1.462e-03 
298    -7.065821546059 -3.251e-05  3.498e-03  9.365e-04  7.566e-04* 2.660e-04*
299    -7.065846531747 -2.499e-05  5.225e-03  2.253e-03  1.853e-03* 7.656e-04*
300    -7.065863615400 -1.708e-05  3.421e-03  1.138e-03  1.033e-03* 2.398e-04*
301    -7.065871549584 -7.934e-06  3.459e-03  1.132e-03  4.320e-04* 1.829e-04*
302    -7.065879102758 -7.553e-06  3.668e-03  1.226e-03  8.834e-04* 1.900e-04*
303    -7.065886460270 -7.358e-06  3.500e-03  1.269e-03  4.375e-04* 1.931e-04*
304    -7.065893268837 -6.809e-06  3.521e-03  9.864e-04  7.102e-04* 1.400e-04*
305    -7.065906306112 -1.304e-05  3.588e-03  1.871e-03  8.709e-04* 3.795e-04*
306    -7.065916714489 -1.041e-05  3.548e-03  9.831e-04  1.006e-03* 1.749e-04*
307    -7.065931690557 -1.498e-05  4.121e-03  2.066e-03  1.027e-03* 4.439e-04*
308    -7.065943813591 -1.212e-05  3.582e-03  9.941e-04  1.103e-03* 1.893e-04*
309    -7.065959086865 -1.527e-05  4.035e-03  2.046e-03  1.015e-03* 4.398e-04*
310    -7.065971079115 -1.199e-05  3.617e-03  9.867e-04  1.068e-03* 1.838e-04*
311    -7.065990804896 -1.973e-05  4.938e-03  2.380e-03  1.341e-03* 5.734e-04*
312    -7.066006138604 -1.533e-05  3.667e-03  1.005e-03  1.234e-03* 2.094e-04*
313    -7.066025892629 -1.975e-05  5.007e-03  2.420e-03  1.332e-03* 5.726e-04*
314    -7.066041726114 -1.583e-05  3.719e-03  1.006e-03  1.230e-03* 2.087e-04*
315    -7.066068750314 -2.702e-05  6.837e-03  3.112e-03  1.968e-03* 8.380e-04*
316    -7.066093193630 -2.444e-05  3.800e-03  9.905e-04  1.456e-03* 2.443e-04*
317    -7.066455360388 -3.622e-04  3.207e-02  1.337e-02  2.589e-02  1.080e-02 
318    -7.066867129007 -4.118e-04  5.575e-03  1.742e-03  5.653e-03  9.501e-04*
319    -7.066892318576 -2.519e-05  1.123e-02  2.736e-03  1.992e-03* 4.670e-04*
320    -7.066916216383 -2.390e-05  5.188e-03  1.588e-03  6.585e-04* 2.567e-04*
321    -7.066965512789 -4.930e-05  1.592e-02  3.508e-03  2.758e-03  8.342e-04*
322    -7.067000274982 -3.476e-05  5.475e-03  1.678e-03  8.426e-04* 3.225e-04*
323    -7.067042568521 -4.229e-05  1.632e-02  3.578e-03  2.733e-03  7.508e-04*
324    -7.067078865542 -3.630e-05  5.610e-03  1.699e-03  8.463e-04* 3.224e-04*
325    -7.067132398115 -5.353e-05  1.681e-02  3.707e-03  2.894e-03  8.569e-04*
326    -7.067171278764 -3.888e-05  5.891e-03  1.735e-03  8.525e-04* 3.273e-04*
327    -7.067246368899 -7.509e-05  2.438e-02  4.946e-03  4.067e-03  1.280e-03 
328    -7.067309631476 -6.326e-05  6.153e-03  1.756e-03  1.044e-03* 3.966e-04*
329    -7.067740025141 -4.304e-04  6.863e-02  1.281e-02  1.533e-02  6.805e-03 
330    -7.068124137765 -3.841e-04  8.418e-03  2.320e-03  2.365e-03  9.398e-04*
331    -7.068345251616 -2.211e-04  1.611e-02  7.520e-03  5.099e-03  2.746e-03 
332    -7.068508801757 -1.636e-04  6.871e-03  2.951e-03  2.999e-03  6.249e-04*
333    -7.068616465003 -1.077e-04  1.074e-02  3.814e-03  2.644e-03  1.025e-03 
334    -7.068696800330 -8.034e-05  8.480e-03  3.262e-03  2.479e-03  6.211e-04*
335    -7.068758617543 -6.182e-05  9.177e-03  3.558e-03  1.335e-03* 5.550e-04*
336    -7.068815686698 -5.707e-05  8.996e-03  2.949e-03  2.185e-03  4.281e-04*
337    -7.068901272801 -8.559e-05  9.270e-03  4.578e-03  1.704e-03* 8.211e-04*
338    -7.068973240215 -7.197e-05  9.242e-03  3.043e-03  2.719e-03  4.875e-04*
339    -7.069063175843 -8.994e-05  9.516e-03  4.649e-03  1.722e-03* 8.304e-04*
340    -7.069138890922 -7.572e-05  9.496e-03  3.306e-03  2.939e-03  5.291e-04*
341    -7.069219364582 -8.047e-05  9.733e-03  4.339e-03  1.476e-03* 7.094e-04*
342    -7.069293050540 -7.369e-05  9.723e-03  3.413e-03  2.817e-03  5.240e-04*
343    -7.069376851850 -8.380e-05  9.968e-03  4.417e-03  1.489e-03* 7.178e-04*
344    -7.069454525302 -7.767e-05  9.952e-03  3.658e-03  3.014e-03  5.627e-04*
345    -7.069532523351 -7.800e-05  1.015e-02  3.729e-03  1.213e-03* 5.684e-04*
346    -7.069616003664 -8.348e-05  1.369e-02  4.303e-03  3.168e-03  6.704e-04*
347    -7.069696106577 -8.010e-05  1.037e-02  3.613e-03  1.252e-03* 5.416e-04*
348    -7.069792132965 -9.603e-05  1.598e-02  4.665e-03  3.374e-03  7.623e-04*
349    -7.069873832330 -8.170e-05  1.058e-02  3.249e-03  1.088e-03* 4.617e-04*
350    -7.070121633915 -2.478e-04  4.345e-02  8.932e-03  7.232e-03  2.244e-03 
351    -7.070332033118 -2.104e-04  1.116e-02  3.371e-03  1.886e-03* 7.497e-04*
352    -7.070795867849 -4.638e-04  5.698e-02  1.133e-02  1.024e-02  3.662e-03 
353    -7.071122147663 -3.263e-04  1.202e-02  3.667e-03  2.336e-03  9.322e-04*
354    -7.071825089472 -7.029e-04  8.752e-02  1.657e-02  1.568e-02  5.826e-03 
355    -7.072489662922 -6.646e-04  1.324e-02  4.053e-03  3.045e-03  1.241e-03 
356    -7.079847778877 -7.358e-03  9.543e-02  4.795e-02  8.565e-02  4.216e-02 
357    -7.085230816007 -5.383e-03  2.205e-02  8.234e-03  2.062e-02  3.519e-03 
358    -7.086218353309 -9.875e-04  3.214e-02  1.041e-02  9.735e-03  3.173e-03 
359    -7.086700014313 -4.817e-04  1.603e-02  7.952e-03  4.108e-03  1.389e-03 
360    -7.087122865806 -4.229e-04  3.075e-02  9.040e-03  6.473e-03  1.486e-03 
361    -7.087498557229 -3.757e-04  1.627e-02  7.722e-03  2.620e-03  1.183e-03 
362    -7.087951423701 -4.529e-04  4.750e-02  1.122e-02  8.080e-03  1.896e-03 
363    -7.088360707033 -4.093e-04  1.617e-02  6.506e-03  2.082e-03  9.643e-04*
364    -7.093341936209 -4.981e-03  2.470e-01  4.296e-02  4.628e-02  2.322e-02 
365    -7.097697273340 -4.355e-03  2.058e-02  7.682e-03  5.861e-03  3.130e-03 
366    -7.098937358566 -1.240e-03  2.953e-02  1.729e-02  7.796e-03  4.514e-03 
367    -7.099776408284 -8.390e-04  1.833e-02  7.367e-03  8.144e-03  1.427e-03 
368    -7.103597248239 -3.821e-03  6.453e-02  2.841e-02  2.212e-02  1.362e-02 
369    -7.105730442804 -2.133e-03  2.745e-02  9.683e-03  1.324e-02  2.297e-03 
370    -7.106949244272 -1.219e-03  2.202e-02  1.105e-02  7.615e-03  3.306e-03 
371    -7.107637554265 -6.883e-04  3.161e-02  1.004e-02  7.032e-03  1.751e-03 
372    -7.108220448063 -5.829e-04  2.149e-02  1.070e-02  4.016e-03  1.662e-03 
373    -7.108791160132 -5.707e-04  4.044e-02  1.092e-02  8.199e-03  1.663e-03 
374    -7.109354239253 -5.631e-04  2.347e-02  9.899e-03  3.692e-03  1.480e-03 
375    -7.109981824245 -6.276e-04  4.877e-02  1.191e-02  8.444e-03  1.878e-03 
376    -7.110543145074 -5.613e-04  2.374e-02  8.818e-03  3.283e-03  1.269e-03 
377    -7.111640912172 -1.098e-03  1.036e-01  1.921e-02  1.329e-02  3.926e-03 
378    -7.112667252465 -1.026e-03  2.461e-02  8.914e-03  4.730e-03  1.736e-03 
379    -7.113891264627 -1.224e-03  9.660e-02  1.828e-02  1.252e-02  3.890e-03 
380    -7.114843269011 -9.520e-04  2.527e-02  8.900e-03  4.508e-03  1.619e-03 
381    -7.116474904517 -1.632e-03  1.164e-01  2.120e-02  1.458e-02  5.101e-03 
382    -7.117679068760 -1.204e-03  2.631e-02  9.160e-03  5.216e-03  1.840e-03 
383    -7.119230951654 -1.552e-03  1.254e-01  2.265e-02  1.505e-02  5.145e-03 
384    -7.120569037945 -1.338e-03  2.705e-02  9.262e-03  5.502e-03  1.927e-03 
385    -7.122170795881 -1.602e-03  1.215e-01  2.230e-02  1.434e-02  5.098e-03 
386    -7.123463055559 -1.292e-03  2.736e-02  9.181e-03  5.346e-03  1.859e-03 
387    -7.125205805770 -1.743e-03  1.060e-01  2.024e-02  1.259e-02  4.952e-03 
388    -7.126290414176 -1.085e-03  2.710e-02  8.937e-03  4.702e-03  1.654e-03 
389    -7.128582943541 -2.293e-03  1.341e-01  2.477e-02  1.522e-02  7.050e-03 
390    -7.130062309161 -1.479e-03  2.544e-02  8.286e-03  5.137e-03  1.842e-03 
391    -7.136106159938 -6.044e-03  1.342e-01  2.638e-02  3.045e-02  1.717e-02 
392    -7.137637671479 -1.532e-03  2.260e-02  6.480e-03  3.665e-03  1.775e-03 
393    -7.140033742271 -2.396e-03  4.815e-02  1.841e-02  1.794e-02  9.919e-03 
394    -7.140893513910 -8.598e-04  1.820e-02  7.658e-03  6.025e-03  1.233e-03 
395    -7.141422120699 -5.286e-04  2.028e-02  6.160e-03  4.916e-03  1.905e-03 
396    -7.141759529545 -3.374e-04  1.863e-02  8.088e-03  2.617e-03  1.601e-03 
397    -7.141991927929 -2.324e-04  2.016e-02  6.057e-03  4.179e-03  9.138e-04*
398    -7.142200910366 -2.090e-04  1.870e-02  7.123e-03  1.632e-03* 1.034e-03 
399    -7.142389540463 -1.886e-04  2.073e-02  6.111e-03  3.569e-03  8.509e-04*
400    -7.142566200672 -1.767e-04  1.843e-02  5.679e-03  1.348e-03* 7.704e-04*
401    -7.142761435693 -1.952e-04  2.558e-02  6.801e-03  3.005e-03  9.921e-04*
402    -7.142929071581 -1.676e-04  1.815e-02  5.165e-03  1.320e-03* 6.945e-04*
403    -7.143153325012 -2.243e-04  2.821e-02  7.305e-03  2.843e-03  1.185e-03 
404    -7.143315235819 -1.619e-04  1.783e-02  4.530e-03  1.171e-03* 5.866e-04*
405    -7.144022017501 -7.068e-04  5.620e-02  1.292e-02  6.243e-03  4.074e-03 
406    -7.144401538451 -3.795e-04  1.709e-02  4.159e-03  1.960e-03* 9.424e-04*
407    -7.145163782416 -7.622e-04  6.439e-02  1.594e-02  9.787e-03  5.471e-03 
408    -7.145709984427 -5.462e-04  1.619e-02  3.748e-03  2.284e-03  1.064e-03 
409    -7.149059661751 -3.350e-03  6.862e-02  2.927e-02  5.220e-02  2.480e-02 
410    -7.150790973962 -1.731e-03  1.538e-02  4.902e-03  7.799e-03  1.914e-03 
411    -7.151429204604 -6.382e-04  2.663e-02  1.210e-02  1.422e-02  4.149e-03 
412    -7.151968977175 -5.398e-04  1.725e-02  5.994e-03  5.027e-03  1.337e-03 
413    -7.152302982592 -3.340e-04  2.603e-02  8.371e-03  4.506e-03  1.549e-03 
414    -7.152557947612 -2.550e-04  1.771e-02  6.057e-03  2.822e-03  9.068e-04*
415    -7.152908231493 -3.503e-04  3.183e-02  1.078e-02  5.591e-03  1.837e-03 
416    -7.153253818899 -3.456e-04  1.801e-02  5.963e-03  3.955e-03  9.560e-04*
417    -7.154064492544 -8.107e-04  4.400e-02  1.790e-02  1.422e-02  4.130e-03 
418    -7.154833051705 -7.686e-04  1.939e-02  6.506e-03  6.413e-03  1.248e-03 
419    -7.162463304106 -7.630e-03  1.261e-01  6.201e-02  1.154e-01  3.032e-02 
420    -7.170807377902 -8.344e-03  3.770e-02  1.356e-02  2.465e-02  4.237e-03 
421    -7.173920585112 -3.113e-03  6.210e-02  2.677e-02  2.038e-02  6.467e-03 
422    -7.175993072383 -2.072e-03  3.143e-02  1.439e-02  8.160e-03  2.234e-03 
423    -7.179350321360 -3.357e-03  7.035e-02  3.151e-02  2.486e-02  6.725e-03 
424    -7.181763857359 -2.414e-03  4.215e-02  1.490e-02  9.518e-03  2.068e-03 
425    -7.196085292570 -1.432e-02  2.085e-01  5.930e-02  9.289e-02  2.728e-02 
426    -7.207562998338 -1.148e-02  9.713e-02  2.831e-02  1.903e-02  5.691e-03 
427    -7.211699474255 -4.136e-03  5.292e-02  2.672e-02  1.232e-02  4.430e-03 
428    -7.214655275353 -2.956e-03  9.188e-02  2.476e-02  1.458e-02  3.368e-03 
429    -7.217791944636 -3.137e-03  4.988e-02  2.778e-02  1.063e-02  3.797e-03 
430    -7.220886140735 -3.094e-03  8.654e-02  2.588e-02  1.375e-02  3.431e-03 
431    -7.224184148770 -3.298e-03  5.211e-02  2.911e-02  1.064e-02  3.890e-03 
432    -7.227465204300 -3.281e-03  8.004e-02  2.696e-02  1.261e-02  3.524e-03 
433    -7.230957218880 -3.492e-03  5.413e-02  3.010e-02  1.080e-02  3.972e-03 
434    -7.234440266567 -3.483e-03  7.210e-02  2.756e-02  1.133e-02  3.570e-03 
435    -7.238215557649 -3.775e-03  5.613e-02  3.209e-02  1.172e-02  4.243e-03 
436    -7.241968884714 -3.753e-03  7.466e-02  2.871e-02  1.109e-02  3.730e-03 
437    -7.245975467998 -4.007e-03  5.766e-02  3.287e-02  1.191e-02  4.331e-03 
438    -7.249952606882 -3.977e-03  7.695e-02  2.893e-02  1.039e-02  3.745e-03 
439    -7.254319207050 -4.367e-03  6.247e-02  3.458e-02  1.306e-02  4.614e-03 
440    -7.258577518861 -4.258e-03  8.105e-02  2.966e-02  1.049e-02  3.861e-03 
441    -7.263202480085 -4.625e-03  6.289e-02  3.466e-02  1.325e-02  4.637e-03 
442    -7.267620262277 -4.418e-03  7.793e-02  2.940e-02  9.911e-03  3.792e-03 
443    -7.272545974243 -4.926e-03  5.985e-02  3.319e-02  1.343e-02  4.503e-03 
444    -7.276963735761 -4.418e-03  6.866e-02  2.841e-02  9.733e-03  3.559e-03 
445    -7.283152588867 -6.189e-03  8.422e-02  4.270e-02  2.024e-02  6.363e-03 
446    -7.288499262284 -5.347e-03  6.617e-02  2.831e-02  1.183e-02  3.883e-03 
447    -7.295344768070 -6.846e-03  9.380e-02  4.661e-02  2.380e-02  7.241e-03 
448    -7.301274646824 -5.930e-03  6.910e-02  2.863e-02  1.323e-02  4.154e-03 
449    -7.307579453752 -6.305e-03  7.795e-02  4.060e-02  2.051e-02  6.161e-03 
450    -7.312686532632 -5.107e-03  8.052e-02  2.989e-02  1.216e-02  4.098e-03 
451    -7.317926025745 -5.239e-03  6.883e-02  3.743e-02  1.699e-02  5.263e-03 
452    -7.322547497871 -4.621e-03  6.765e-02  2.776e-02  1.086e-02  3.702e-03 
453    -7.328054613842 -5.507e-03  7.018e-02  3.826e-02  1.999e-02  5.735e-03 
454    -7.332565514206 -4.511e-03  6.570e-02  2.691e-02  1.158e-02  3.709e-03 
455    -7.337492767440 -4.927e-03  6.534e-02  3.682e-02  1.943e-02  5.450e-03 
456    -7.341628087360 -4.135e-03  5.824e-02  2.529e-02  1.127e-02  3.498e-03 
457    -7.346189220723 -4.561e-03  5.698e-02  3.329e-02  1.872e-02  5.020e-03 
458    -7.349730887759 -3.542e-03  4.734e-02  2.323e-02  9.930e-03  3.099e-03 
459    -7.354597805641 -4.867e-03  7.010e-02  3.689e-02  2.400e-02  6.056e-03 
460    -7.358103055779 -3.505e-03  3.175e-02  1.960e-02  9.031e-03  2.537e-03 
461    -7.388117551790 -3.001e-02  1.095e-01  4.465e-02  1.743e-01  3.836e-02 
462    -7.392341580550 -4.224e-03  2.616e-02  1.295e-02  1.283e-02  2.963e-03 
463    -7.395258732094 -2.917e-03  5.951e-02  1.477e-02  2.337e-02  6.481e-03 
464    -7.396086289232 -8.276e-04  2.740e-02  9.754e-03  4.986e-03  1.612e-03 
465    -7.396608896077 -5.226e-04  1.784e-02  1.001e-02  5.310e-03  1.491e-03 
466    -7.396987209125 -3.783e-04  2.059e-02  8.003e-03  3.380e-03  1.071e-03 
467    -7.397382101416 -3.949e-04  1.729e-02  9.616e-03  5.411e-03  1.436e-03 
468    -7.397668699418 -2.866e-04  1.033e-02  6.230e-03  2.612e-03  8.091e-04*
469    -7.398237347307 -5.686e-04  2.759e-02  1.329e-02  1.232e-02  2.935e-03 
470    -7.398630266665 -3.929e-04  8.238e-03  4.519e-03  3.776e-03  9.481e-04*
471    -7.399114356984 -4.841e-04  2.119e-02  1.013e-02  1.295e-02  3.114e-03 
472    -7.399335603916 -2.212e-04  5.994e-03  2.918e-03  2.795e-03  7.084e-04*
473    -7.399583010641 -2.474e-04  1.555e-02  7.427e-03  1.047e-02  2.641e-03 
474    -7.399697343459 -1.143e-04  3.743e-03  1.661e-03  1.907e-03* 4.728e-04*
475    -7.399787947872 -9.060e-05  1.485e-02  3.556e-03  5.378e-03  1.473e-03 
476    -7.399815482894 -2.754e-05  2.282e-03  1.033e-03  4.024e-04* 2.388e-04*
477    -7.399848722493 -3.324e-05  3.570e-03  1.650e-03  3.077e-03  8.976e-04*
478    -7.399859169280 -1.045e-05  1.678e-03  7.888e-04  7.767e-04* 1.873e-04*
479    -7.399863252719 -4.083e-06  3.496e-03  1.023e-03  5.005e-04* 1.680e-04*
480    -7.399866073429 -2.821e-06  1.212e-03  5.522e-04  1.703e-04* 7.625e-05*
481    -7.399875172509 -9.099e-06  5.250e-03  1.288e-03  1.819e-03* 4.610e-04*
482    -7.399878772520 -3.600e-06  8.597e-04  3.669e-04  1.717e-04* 8.720e-05*
483    -7.399883520244 -4.748e-06  1.878e-03  6.872e-04  1.442e-03* 3.741e-04*
484    -7.399884993385 -1.473e-06  6.488e-04  3.011e-04  1.078e-04* 6.131e-05*
485    -7.399885511549 -5.182e-07* 6.748e-04  2.630e-04  1.460e-04* 4.549e-05*
486    -7.399885833833 -3.223e-07* 4.664e-04  2.623e-04  1.210e-04* 3.691e-05*
487    -7.399886087679 -2.538e-07* 3.612e-04  1.999e-04  7.855e-05* 2.576e-05*
488    -7.399886450231 -3.626e-07* 5.736e-04  3.210e-04  2.125e-04* 5.498e-05*
489    -7.399886719976 -2.697e-07* 3.081e-04  1.706e-04  9.648e-05* 2.674e-05*
490    -7.399887003114 -2.831e-07* 4.469e-04  2.595e-04  1.787e-04* 4.598e-05*
491    -7.399887188754 -1.856e-07* 2.853e-04  1.517e-04  7.976e-05* 2.269e-05*
492    -7.399887384601 -1.958e-07* 4.253e-04  2.414e-04  1.521e-04* 4.006e-05*
493    -7.399887536939 -1.523e-07* 2.371e-04  1.252e-04  6.966e-05* 1.931e-05*
494    -7.399887751096 -2.142e-07* 4.247e-04  2.315e-04  1.940e-04* 4.837e-05*
495    -7.399887881471 -1.304e-07* 1.951e-04* 1.047e-04  6.833e-05* 1.815e-05*
496    -7.399888020810 -1.393e-07* 3.650e-04  1.982e-04  1.576e-04* 3.963e-05*
497    -7.399888115165 -9.436e-08* 1.634e-04* 8.615e-05* 5.778e-05* 1.523e-05*
