#
# INPUTFILE /home/tmpchem/coding/compchem/input/md/benzene_2.md
#
# -- INPUT DATA --
#
# MOLFILE /home/tmpchem/coding/compchem/geom/xyzq/benzene_2.xyzq
# ENERGYOUT /home/tmpchem/coding/compchem/data/md/benzene_2.dat
# GEOMOUT /home/tmpchem/coding/compchem/data/md/benzene_2.xyz
# RANDOMSEED 278049999
# TEMPERATURE 298.150000 K
# BOUNDARY 21.750000 A
# BOUNDARYSPRING 250.000000 kcal/(mol*A^2)
# BOUNDARYTYPE sphere
# STATUSTIME 2.000000 s
# ENERGYTIME 0.001500 ps
# GEOMTIME 0.005000 ps
# TOTALTIME 1.000000 ps
# TIMESTEP 0.000100 ps
# EQTIME 0.000000 ps
# EQRATE 2.000000 ps
#
# -- ENERGY DATA --
#
# energy terms [kcal/mol]
#  time      e_total      e_kin      e_pot  e_nonbond   e_bonded e_boundary      e_vdw     e_elst     e_bond    e_angle     e_tors      e_oop
 0.0000  3.42363e+01  2.133e+01  1.291e+01  1.284e+00  1.162e+01  0.000e+00 -6.197e-01  1.904e+00  9.870e+00  1.752e+00  4.658e-09  0.000e+00
 0.0015  3.42359e+01  2.144e+01  1.279e+01  1.303e+00  1.149e+01  0.000e+00 -6.261e-01  1.929e+00  8.657e+00  2.437e+00  3.975e-01  0.000e+00
 0.0030  3.42370e+01  1.886e+01  1.538e+01  1.329e+00  1.405e+01  0.000e+00 -6.341e-01  1.963e+00  8.922e+00  3.715e+00  1.414e+00  0.000e+00
 0.0045  3.42373e+01  1.683e+01  1.740e+01  1.344e+00  1.606e+01  0.000e+00 -6.400e-01  1.984e+00  8.155e+00  5.094e+00  2.811e+00  0.000e+00
 0.0060  3.42366e+01  1.627e+01  1.797e+01  1.337e+00  1.663e+01  0.000e+00 -6.416e-01  1.979e+00  6.385e+00  6.034e+00  4.211e+00  0.000e+00
 0.0075  3.42370e+01  1.536e+01  1.888e+01  1.311e+00  1.757e+01  0.000e+00 -6.400e-01  1.951e+00  6.119e+00  6.214e+00  5.235e+00  0.000e+00
 0.0090  3.42377e+01  1.524e+01  1.900e+01  1.282e+00  1.772e+01  0.000e+00 -6.388e-01  1.921e+00  6.371e+00  5.692e+00  5.657e+00  0.000e+00
 0.0105  3.42367e+01  1.756e+01  1.668e+01  1.269e+00  1.541e+01  0.000e+00 -6.419e-01  1.911e+00  5.186e+00  4.765e+00  5.461e+00  0.000e+00
 0.0120  3.42360e+01  1.955e+01  1.469e+01  1.279e+00  1.341e+01  0.000e+00 -6.502e-01  1.929e+00  4.940e+00  3.683e+00  4.787e+00  0.000e+00
 0.0135  3.42369e+01  1.892e+01  1.531e+01  1.301e+00  1.401e+01  0.000e+00 -6.611e-01  1.962e+00  7.529e+00  2.612e+00  3.871e+00  0.000e+00
 0.0150  3.42374e+01  1.818e+01  1.606e+01  1.319e+00  1.474e+01  0.000e+00 -6.697e-01  1.988e+00  9.892e+00  1.854e+00  2.993e+00  0.000e+00
 0.0165  3.42365e+01  1.867e+01  1.556e+01  1.316e+00  1.425e+01  0.000e+00 -6.727e-01  1.988e+00  1.005e+01  1.804e+00  2.399e+00  0.000e+00
 0.0180  3.42366e+01  1.809e+01  1.615e+01  1.292e+00  1.486e+01  0.000e+00 -6.707e-01  1.963e+00  1.013e+01  2.510e+00  2.219e+00  0.000e+00
 0.0195  3.42376e+01  1.675e+01  1.749e+01  1.264e+00  1.622e+01  0.000e+00 -6.675e-01  1.931e+00  1.028e+01  3.514e+00  2.431e+00  0.000e+00
 0.0210  3.42371e+01  1.755e+01  1.669e+01  1.250e+00  1.544e+01  0.000e+00 -6.674e-01  1.917e+00  8.281e+00  4.266e+00  2.889e+00  0.000e+00
 0.0225  3.42361e+01  1.926e+01  1.498e+01  1.259e+00  1.372e+01  0.000e+00 -6.719e-01  1.930e+00  5.753e+00  4.569e+00  3.399e+00  0.000e+00
 0.0240  3.42367e+01  1.891e+01  1.533e+01  1.283e+00  1.405e+01  0.000e+00 -6.788e-01  1.962e+00  5.674e+00  4.586e+00  3.786e+00  0.000e+00
 0.0255  3.42375e+01  1.816e+01  1.607e+01  1.306e+00  1.477e+01  0.000e+00 -6.836e-01  1.989e+00  6.254e+00  4.557e+00  3.956e+00  0.000e+00
 0.0270  3.42366e+01  1.914e+01  1.509e+01  1.309e+00  1.378e+01  0.000e+00 -6.832e-01  1.992e+00  5.281e+00  4.584e+00  3.918e+00  0.000e+00
 0.0285  3.42361e+01  1.937e+01  1.487e+01  1.289e+00  1.358e+01  0.000e+00 -6.779e-01  1.967e+00  5.229e+00  4.596e+00  3.756e+00  0.000e+00
 0.0300  3.42371e+01  1.745e+01  1.678e+01  1.260e+00  1.552e+01  0.000e+00 -6.712e-01  1.932e+00  7.458e+00  4.506e+00  3.560e+00  0.000e+00
 0.0315  3.42374e+01  1.643e+01  1.781e+01  1.242e+00  1.657e+01  0.000e+00 -6.674e-01  1.910e+00  8.805e+00  4.381e+00  3.382e+00  0.000e+00
 0.0330  3.42363e+01  1.699e+01  1.725e+01  1.246e+00  1.601e+01  0.000e+00 -6.690e-01  1.915e+00  8.396e+00  4.355e+00  3.254e+00  0.000e+00
 0.0345  3.42366e+01  1.632e+01  1.791e+01  1.268e+00  1.665e+01  0.000e+00 -6.751e-01  1.943e+00  9.079e+00  4.386e+00  3.180e+00  0.000e+00
 0.0360  3.42377e+01  1.516e+01  1.908e+01  1.292e+00  1.779e+01  0.000e+00 -6.819e-01  1.974e+00  1.037e+01  4.304e+00  3.110e+00  0.000e+00
 0.0375  3.42372e+01  1.651e+01  1.773e+01  1.301e+00  1.643e+01  0.000e+00 -6.855e-01  1.986e+00  9.384e+00  4.083e+00  2.960e+00  0.000e+00
 0.0390  3.42361e+01  1.880e+01  1.544e+01  1.285e+00  1.415e+01  0.000e+00 -6.846e-01  1.970e+00  7.551e+00  3.898e+00  2.702e+00  0.000e+00
 0.0405  3.42368e+01  1.912e+01  1.511e+01  1.255e+00  1.386e+01  0.000e+00 -6.814e-01  1.937e+00  7.522e+00  3.913e+00  2.423e+00  0.000e+00
 0.0420  3.42374e+01  1.922e+01  1.501e+01  1.229e+00  1.379e+01  0.000e+00 -6.799e-01  1.909e+00  7.378e+00  4.158e+00  2.250e+00  0.000e+00
 0.0435  3.42364e+01  2.078e+01  1.346e+01  1.223e+00  1.224e+01  0.000e+00 -6.832e-01  1.906e+00  5.472e+00  4.524e+00  2.242e+00  0.000e+00
 0.0450  3.42361e+01  2.122e+01  1.301e+01  1.240e+00  1.177e+01  0.000e+00 -6.910e-01  1.931e+00  4.616e+00  4.751e+00  2.406e+00  0.000e+00
 0.0465  3.42372e+01  1.970e+01  1.454e+01  1.267e+00  1.327e+01  0.000e+00 -7.000e-01  1.967e+00  5.991e+00  4.548e+00  2.735e+00  0.000e+00
 0.0480  3.42372e+01  1.906e+01  1.518e+01  1.283e+00  1.389e+01  0.000e+00 -7.059e-01  1.989e+00  6.793e+00  3.905e+00  3.194e+00  0.000e+00
 0.0495  3.42362e+01  1.925e+01  1.499e+01  1.276e+00  1.371e+01  0.000e+00 -7.068e-01  1.983e+00  6.894e+00  3.146e+00  3.671e+00  0.000e+00
 0.0510  3.42367e+01  1.756e+01  1.668e+01  1.249e+00  1.543e+01  0.000e+00 -7.040e-01  1.953e+00  8.825e+00  2.618e+00  3.987e+00  0.000e+00
 0.0525  3.42377e+01  1.553e+01  1.870e+01  1.220e+00  1.748e+01  0.000e+00 -7.016e-01  1.922e+00  1.104e+01  2.446e+00  4.002e+00  0.000e+00
 0.0540  3.42371e+01  1.625e+01  1.798e+01  1.210e+00  1.677e+01  0.000e+00 -7.032e-01  1.913e+00  1.049e+01  2.577e+00  3.706e+00  0.000e+00
 0.0555  3.42363e+01  1.784e+01  1.639e+01  1.225e+00  1.517e+01  0.000e+00 -7.093e-01  1.934e+00  9.049e+00  2.924e+00  3.194e+00  0.000e+00
 0.0570  3.42371e+01  1.798e+01  1.625e+01  1.254e+00  1.500e+01  0.000e+00 -7.169e-01  1.971e+00  8.941e+00  3.452e+00  2.606e+00  0.000e+00
 0.0585  3.42374e+01  1.883e+01  1.540e+01  1.277e+00  1.413e+01  0.000e+00 -7.213e-01  1.998e+00  7.822e+00  4.192e+00  2.114e+00  0.000e+00
 0.0600  3.42361e+01  2.093e+01  1.330e+01  1.276e+00  1.203e+01  0.000e+00 -7.198e-01  1.996e+00  5.021e+00  5.068e+00  1.936e+00  0.000e+00
 0.0615  3.42360e+01  2.061e+01  1.362e+01  1.252e+00  1.237e+01  0.000e+00 -7.132e-01  1.966e+00  4.387e+00  5.719e+00  2.264e+00  0.000e+00
 0.0630  3.42374e+01  1.771e+01  1.652e+01  1.224e+00  1.530e+01  0.000e+00 -7.058e-01  1.930e+00  6.450e+00  5.763e+00  3.086e+00  0.000e+00
 0.0645  3.42373e+01  1.630e+01  1.794e+01  1.209e+00  1.673e+01  0.000e+00 -7.017e-01  1.911e+00  7.349e+00  5.234e+00  4.147e+00  0.000e+00
 0.0660  3.42363e+01  1.642e+01  1.782e+01  1.219e+00  1.660e+01  0.000e+00 -7.027e-01  1.921e+00  6.987e+00  4.487e+00  5.125e+00  0.000e+00
 0.0675  3.42369e+01  1.523e+01  1.901e+01  1.244e+00  1.776e+01  0.000e+00 -7.069e-01  1.951e+00  8.240e+00  3.754e+00  5.770e+00  0.000e+00
 0.0690  3.42377e+01  1.427e+01  1.997e+01  1.267e+00  1.870e+01  0.000e+00 -7.105e-01  1.978e+00  9.749e+00  3.033e+00  5.919e+00  0.000e+00
 0.0705  3.42368e+01  1.595e+01  1.828e+01  1.270e+00  1.701e+01  0.000e+00 -7.105e-01  1.981e+00  9.137e+00  2.382e+00  5.495e+00  0.000e+00
 0.0720  3.42361e+01  1.764e+01  1.660e+01  1.249e+00  1.535e+01  0.000e+00 -7.070e-01  1.956e+00  8.772e+00  2.020e+00  4.556e+00  0.000e+00
 0.0735  3.42371e+01  1.736e+01  1.688e+01  1.217e+00  1.566e+01  0.000e+00 -7.031e-01  1.921e+00  1.018e+01  2.149e+00  3.335e+00  0.000e+00
 0.0750  3.42374e+01  1.805e+01  1.619e+01  1.195e+00  1.499e+01  0.000e+00 -7.025e-01  1.897e+00  1.002e+01  2.812e+00  2.159e+00  0.000e+00
 0.0765  3.42362e+01  2.051e+01  1.373e+01  1.195e+00  1.253e+01  0.000e+00 -7.073e-01  1.902e+00  7.401e+00  3.837e+00  1.296e+00  0.000e+00
 0.0780  3.42362e+01  2.132e+01  1.291e+01  1.216e+00  1.170e+01  0.000e+00 -7.160e-01  1.932e+00  5.974e+00  4.832e+00  8.909e-01  0.000e+00
 0.0795  3.42373e+01  2.046e+01  1.378e+01  1.243e+00  1.253e+01  0.000e+00 -7.250e-01  1.968e+00  6.167e+00  5.360e+00  1.006e+00  0.000e+00
 0.0810  3.42369e+01  2.085e+01  1.339e+01  1.256e+00  1.213e+01  0.000e+00 -7.306e-01  1.987e+00  5.250e+00  5.247e+00  1.633e+00  0.000e+00
 0.0825  3.42360e+01  2.117e+01  1.307e+01  1.244e+00  1.183e+01  0.000e+00 -7.315e-01  1.976e+00  4.534e+00  4.663e+00  2.629e+00  0.000e+00
 0.0840  3.42369e+01  1.890e+01  1.533e+01  1.215e+00  1.412e+01  0.000e+00 -7.297e-01  1.945e+00  6.555e+00  3.871e+00  3.693e+00  0.000e+00
 0.0855  3.42378e+01  1.684e+01  1.740e+01  1.189e+00  1.621e+01  0.000e+00 -7.290e-01  1.918e+00  8.633e+00  3.071e+00  4.503e+00  0.000e+00
 0.0870  3.42367e+01  1.752e+01  1.671e+01  1.183e+00  1.553e+01  0.000e+00 -7.327e-01  1.916e+00  8.166e+00  2.473e+00  4.889e+00  0.000e+00
 0.0885  3.42361e+01  1.782e+01  1.641e+01  1.201e+00  1.521e+01  0.000e+00 -7.410e-01  1.942e+00  8.003e+00  2.358e+00  4.851e+00  0.000e+00
 0.0900  3.42373e+01  1.597e+01  1.826e+01  1.229e+00  1.703e+01  0.000e+00 -7.503e-01  1.979e+00  9.580e+00  2.987e+00  4.468e+00  0.000e+00
 0.0915  3.42375e+01  1.530e+01  1.894e+01  1.245e+00  1.769e+01  0.000e+00 -7.563e-01  2.002e+00  9.453e+00  4.386e+00  3.855e+00  0.000e+00
 0.0930  3.42364e+01  1.657e+01  1.766e+01  1.237e+00  1.642e+01  0.000e+00 -7.562e-01  1.993e+00  7.086e+00  6.151e+00  3.188e+00  0.000e+00
 0.0945  3.42366e+01  1.675e+01  1.749e+01  1.210e+00  1.628e+01  0.000e+00 -7.512e-01  1.961e+00  6.111e+00  7.484e+00  2.683e+00  0.000e+00
 0.0960  3.42377e+01  1.645e+01  1.779e+01  1.181e+00  1.660e+01  0.000e+00 -7.459e-01  1.927e+00  6.501e+00  7.629e+00  2.474e+00  0.000e+00
 0.0975  3.42370e+01  1.861e+01  1.562e+01  1.170e+00  1.445e+01  0.000e+00 -7.441e-01  1.915e+00  5.473e+00  6.452e+00  2.530e+00  0.000e+00
 0.0990  3.42359e+01  2.134e+01  1.290e+01  1.183e+00  1.172e+01  0.000e+00 -7.470e-01  1.930e+00  4.410e+00  4.570e+00  2.735e+00  0.000e+00
 0.1005  3.42366e+01  2.148e+01  1.276e+01  1.209e+00  1.155e+01  0.000e+00 -7.518e-01  1.961e+00  5.653e+00  2.884e+00  3.012e+00  0.000e+00
 0.1020  3.42372e+01  2.071e+01  1.352e+01  1.229e+00  1.229e+01  0.000e+00 -7.544e-01  1.984e+00  6.972e+00  1.987e+00  3.335e+00  0.000e+00
 0.1035  3.42363e+01  2.058e+01  1.366e+01  1.228e+00  1.243e+01  0.000e+00 -7.522e-01  1.980e+00  6.870e+00  1.889e+00  3.669e+00  0.000e+00
 0.1050  3.42363e+01  1.881e+01  1.543e+01  1.204e+00  1.423e+01  0.000e+00 -7.462e-01  1.951e+00  8.104e+00  2.179e+00  3.943e+00  0.000e+00
 0.1065  3.42376e+01  1.568e+01  1.856e+01  1.175e+00  1.738e+01  0.000e+00 -7.398e-01  1.915e+00  1.076e+01  2.504e+00  4.122e+00  0.000e+00
 0.1080  3.42374e+01  1.486e+01  1.937e+01  1.160e+00  1.821e+01  0.000e+00 -7.367e-01  1.897e+00  1.112e+01  2.852e+00  4.242e+00  0.000e+00
 0.1095  3.42363e+01  1.592e+01  1.832e+01  1.169e+00  1.715e+01  0.000e+00 -7.383e-01  1.907e+00  9.497e+00  3.313e+00  4.337e+00  0.000e+00
 0.1110  3.42368e+01  1.574e+01  1.849e+01  1.196e+00  1.730e+01  0.000e+00 -7.431e-01  1.939e+00  9.131e+00  3.788e+00  4.378e+00  0.000e+00
 0.1125  3.42377e+01  1.578e+01  1.846e+01  1.223e+00  1.724e+01  0.000e+00 -7.472e-01  1.971e+00  8.811e+00  4.120e+00  4.304e+00  0.000e+00
 0.1140  3.42367e+01  1.826e+01  1.597e+01  1.232e+00  1.474e+01  0.000e+00 -7.479e-01  1.980e+00  6.283e+00  4.367e+00  4.092e+00  0.000e+00
 0.1155  3.42359e+01  2.018e+01  1.405e+01  1.218e+00  1.284e+01  0.000e+00 -7.450e-01  1.963e+00  4.410e+00  4.645e+00  3.782e+00  0.000e+00
 0.1170  3.42371e+01  1.934e+01  1.490e+01  1.191e+00  1.371e+01  0.000e+00 -7.412e-01  1.932e+00  5.473e+00  4.816e+00  3.420e+00  0.000e+00
 0.1185  3.42375e+01  1.901e+01  1.522e+01  1.171e+00  1.405e+01  0.000e+00 -7.403e-01  1.911e+00  6.396e+00  4.616e+00  3.040e+00  0.000e+00
 0.1200  3.42362e+01  2.042e+01  1.382e+01  1.172e+00  1.265e+01  0.000e+00 -7.443e-01  1.916e+00  5.924e+00  4.022e+00  2.701e+00  0.000e+00
 0.1215  3.42362e+01  2.001e+01  1.423e+01  1.193e+00  1.304e+01  0.000e+00 -7.520e-01  1.945e+00  7.217e+00  3.319e+00  2.501e+00  0.000e+00
 0.1230  3.42375e+01  1.776e+01  1.647e+01  1.219e+00  1.525e+01  0.000e+00 -7.599e-01  1.979e+00  9.807e+00  2.931e+00  2.517e+00  0.000e+00
 0.1245  3.42372e+01  1.728e+01  1.696e+01  1.229e+00  1.573e+01  0.000e+00 -7.640e-01  1.993e+00  9.803e+00  3.181e+00  2.744e+00  0.000e+00
 0.1260  3.42361e+01  1.757e+01  1.666e+01  1.216e+00  1.545e+01  0.000e+00 -7.628e-01  1.979e+00  8.302e+00  4.057e+00  3.088e+00  0.000e+00
 0.1275  3.42370e+01  1.578e+01  1.845e+01  1.188e+00  1.727e+01  0.000e+00 -7.583e-01  1.946e+00  8.710e+00  5.125e+00  3.432e+00  0.000e+00
 0.1290  3.42380e+01  1.453e+01  1.970e+01  1.165e+00  1.854e+01  0.000e+00 -7.544e-01  1.920e+00  9.052e+00  5.817e+00  3.669e+00  0.000e+00
 0.1305  3.42369e+01  1.662e+01  1.761e+01  1.163e+00  1.645e+01  0.000e+00 -7.546e-01  1.918e+00  6.903e+00  5.831e+00  3.715e+00  0.000e+00
 0.1320  3.42362e+01  1.894e+01  1.529e+01  1.183e+00  1.411e+01  0.000e+00 -7.591e-01  1.942e+00  5.376e+00  5.209e+00  3.524e+00  0.000e+00
 0.1335  3.42373e+01  1.953e+01  1.470e+01  1.211e+00  1.349e+01  0.000e+00 -7.648e-01  1.975e+00  6.138e+00  4.244e+00  3.112e+00  0.000e+00
 0.1350  3.42373e+01  2.133e+01  1.291e+01  1.226e+00  1.168e+01  0.000e+00 -7.672e-01  1.993e+00  5.730e+00  3.376e+00  2.575e+00  0.000e+00
 0.1365  3.42358e+01  2.398e+01  1.026e+01  1.217e+00  9.040e+00  0.000e+00 -7.645e-01  1.981e+00  3.983e+00  2.984e+00  2.073e+00  0.000e+00
 0.1380  3.42361e+01  2.318e+01  1.106e+01  1.190e+00  9.870e+00  0.000e+00 -7.587e-01  1.949e+00  5.004e+00  3.075e+00  1.790e+00  0.000e+00
 0.1395  3.42376e+01  1.993e+01  1.431e+01  1.163e+00  1.314e+01  0.000e+00 -7.538e-01  1.917e+00  7.916e+00  3.359e+00  1.868e+00  0.000e+00
 0.1410  3.42371e+01  1.863e+01  1.560e+01  1.153e+00  1.445e+01  0.000e+00 -7.533e-01  1.907e+00  8.444e+00  3.660e+00  2.346e+00  0.000e+00
 0.1425  3.42360e+01  1.794e+01  1.629e+01  1.166e+00  1.513e+01  0.000e+00 -7.578e-01  1.924e+00  8.026e+00  3.959e+00  3.143e+00  0.000e+00
 0.1440  3.42372e+01  1.504e+01  1.919e+01  1.192e+00  1.800e+01  0.000e+00 -7.647e-01  1.957e+00  9.790e+00  4.130e+00  4.081e+00  0.000e+00
 0.1455  3.42380e+01  1.317e+01  2.107e+01  1.211e+00  1.986e+01  0.000e+00 -7.701e-01  1.981e+00  1.087e+01  4.057e+00  4.932e+00  0.000e+00
 0.1470  3.42366e+01  1.469e+01  1.955e+01  1.207e+00  1.834e+01  0.000e+00 -7.715e-01  1.979e+00  8.900e+00  3.958e+00  5.484e+00  0.000e+00
 0.1485  3.42362e+01  1.564e+01  1.860e+01  1.182e+00  1.741e+01  0.000e+00 -7.694e-01  1.952e+00  7.544e+00  4.266e+00  5.604e+00  0.000e+00
 0.1500  3.42377e+01  1.469e+01  1.954e+01  1.153e+00  1.839e+01  0.000e+00 -7.667e-01  1.920e+00  8.035e+00  5.094e+00  5.262e+00  0.000e+00
 0.1515  3.42376e+01  1.610e+01  1.814e+01  1.138e+00  1.700e+01  0.000e+00 -7.671e-01  1.905e+00  6.416e+00  6.049e+00  4.534e+00  0.000e+00
 0.1530  3.42359e+01  1.966e+01  1.457e+01  1.147e+00  1.343e+01  0.000e+00 -7.721e-01  1.919e+00  3.322e+00  6.526e+00  3.579e+00  0.000e+00
 0.1545  3.42363e+01  2.066e+01  1.358e+01  1.172e+00  1.241e+01  0.000e+00 -7.803e-01  1.952e+00  3.667e+00  6.123e+00  2.617e+00  0.000e+00
 0.1560  3.42377e+01  1.998e+01  1.425e+01  1.195e+00  1.306e+01  0.000e+00 -7.877e-01  1.983e+00  6.222e+00  4.944e+00  1.893e+00  0.000e+00
 0.1575  3.42367e+01  2.126e+01  1.297e+01  1.199e+00  1.177e+01  0.000e+00 -7.902e-01  1.990e+00  6.593e+00  3.574e+00  1.606e+00  0.000e+00
 0.1590  3.42356e+01  2.179e+01  1.244e+01  1.180e+00  1.126e+01  0.000e+00 -7.871e-01  1.968e+00  6.813e+00  2.629e+00  1.819e+00  0.000e+00
 0.1605  3.42371e+01  1.860e+01  1.564e+01  1.152e+00  1.448e+01  0.000e+00 -7.813e-01  1.934e+00  9.797e+00  2.266e+00  2.420e+00  0.000e+00
 0.1620  3.42380e+01  1.588e+01  1.836e+01  1.136e+00  1.722e+01  0.000e+00 -7.773e-01  1.913e+00  1.175e+01  2.294e+00  3.183e+00  0.000e+00
 0.1635  3.42366e+01  1.643e+01  1.781e+01  1.143e+00  1.667e+01  0.000e+00 -7.778e-01  1.921e+00  1.017e+01  2.627e+00  3.870e+00  0.000e+00
 0.1650  3.42363e+01  1.633e+01  1.790e+01  1.171e+00  1.673e+01  0.000e+00 -7.820e-01  1.953e+00  9.102e+00  3.325e+00  4.305e+00  0.000e+00
 0.1665  3.42379e+01  1.482e+01  1.941e+01  1.203e+00  1.821e+01  0.000e+00 -7.857e-01  1.988e+00  9.547e+00  4.273e+00  4.392e+00  0.000e+00
 0.1680  3.42376e+01  1.635e+01  1.789e+01  1.216e+00  1.668e+01  0.000e+00 -7.845e-01  2.001e+00  7.446e+00  5.094e+00  4.135e+00  0.000e+00
 0.1695  3.42359e+01  2.001e+01  1.423e+01  1.204e+00  1.302e+01  0.000e+00 -7.775e-01  1.982e+00  3.988e+00  5.392e+00  3.643e+00  0.000e+00
 0.1710  3.42364e+01  2.085e+01  1.339e+01  1.178e+00  1.221e+01  0.000e+00 -7.673e-01  1.945e+00  4.147e+00  4.985e+00  3.076e+00  0.000e+00
 0.1725  3.42377e+01  2.025e+01  1.399e+01  1.157e+00  1.283e+01  0.000e+00 -7.587e-01  1.915e+00  6.255e+00  4.001e+00  2.573e+00  0.000e+00
 0.1740  3.42366e+01  2.176e+01  1.247e+01  1.157e+00  1.132e+01  0.000e+00 -7.546e-01  1.912e+00  6.260e+00  2.840e+00  2.215e+00  0.000e+00
 0.1755  3.42356e+01  2.233e+01  1.191e+01  1.180e+00  1.073e+01  0.000e+00 -7.552e-01  1.935e+00  6.707e+00  1.984e+00  2.040e+00  0.000e+00
 0.1770  3.42372e+01  1.932e+01  1.492e+01  1.210e+00  1.371e+01  0.000e+00 -7.575e-01  1.967e+00  9.888e+00  1.771e+00  2.048e+00  0.000e+00
 0.1785  3.42378e+01  1.699e+01  1.724e+01  1.227e+00  1.602e+01  0.000e+00 -7.576e-01  1.985e+00  1.149e+01  2.318e+00  2.209e+00  0.000e+00
 0.1800  3.42363e+01  1.716e+01  1.707e+01  1.221e+00  1.585e+01  0.000e+00 -7.539e-01  1.975e+00  9.902e+00  3.491e+00  2.460e+00  0.000e+00
 0.1815  3.42364e+01  1.572e+01  1.851e+01  1.196e+00  1.732e+01  0.000e+00 -7.476e-01  1.944e+00  9.671e+00  4.906e+00  2.741e+00  0.000e+00
 0.1830  3.42382e+01  1.312e+01  2.112e+01  1.172e+00  1.995e+01  0.000e+00 -7.425e-01  1.915e+00  1.086e+01  6.075e+00  3.008e+00  0.000e+00
 0.1845  3.42376e+01  1.430e+01  1.994e+01  1.165e+00  1.878e+01  0.000e+00 -7.419e-01  1.907e+00  8.912e+00  6.624e+00  3.240e+00  0.000e+00
 0.1860  3.42360e+01  1.782e+01  1.641e+01  1.181e+00  1.523e+01  0.000e+00 -7.470e-01  1.928e+00  5.474e+00  6.323e+00  3.435e+00  0.000e+00
 0.1875  3.42368e+01  1.907e+01  1.517e+01  1.208e+00  1.396e+01  0.000e+00 -7.556e-01  1.964e+00  5.184e+00  5.158e+00  3.619e+00  0.000e+00
 0.1890  3.42377e+01  1.990e+01  1.434e+01  1.228e+00  1.311e+01  0.000e+00 -7.635e-01  1.991e+00  5.713e+00  3.574e+00  3.825e+00  0.000e+00
 0.1905  3.42361e+01  2.252e+01  1.172e+01  1.225e+00  1.049e+01  0.000e+00 -7.670e-01  1.992e+00  4.034e+00  2.414e+00  4.046e+00  0.000e+00
 0.1920  3.42355e+01  2.252e+01  1.171e+01  1.202e+00  1.051e+01  0.000e+00 -7.662e-01  1.968e+00  4.012e+00  2.288e+00  4.214e+00  0.000e+00
 0.1935  3.42375e+01  1.847e+01  1.576e+01  1.174e+00  1.459e+01  0.000e+00 -7.641e-01  1.938e+00  7.306e+00  3.046e+00  4.239e+00  0.000e+00
 0.1950  3.42380e+01  1.617e+01  1.807e+01  1.161e+00  1.691e+01  0.000e+00 -7.645e-01  1.926e+00  8.821e+00  4.013e+00  4.072e+00  0.000e+00
 0.1965  3.42363e+01  1.695e+01  1.728e+01  1.172e+00  1.611e+01  0.000e+00 -7.690e-01  1.941e+00  7.791e+00  4.597e+00  3.724e+00  0.000e+00
 0.1980  3.42366e+01  1.619e+01  1.805e+01  1.198e+00  1.685e+01  0.000e+00 -7.758e-01  1.974e+00  8.928e+00  4.655e+00  3.267e+00  0.000e+00
 0.1995  3.42382e+01  1.487e+01  1.937e+01  1.220e+00  1.815e+01  0.000e+00 -7.804e-01  2.001e+00  1.084e+01  4.482e+00  2.826e+00  0.000e+00
 0.2010  3.42370e+01  1.708e+01  1.715e+01  1.222e+00  1.593e+01  0.000e+00 -7.792e-01  2.001e+00  8.824e+00  4.548e+00  2.560e+00  0.000e+00
 0.2025  3.42355e+01  1.939e+01  1.484e+01  1.201e+00  1.364e+01  0.000e+00 -7.721e-01  1.973e+00  6.016e+00  5.039e+00  2.589e+00  0.000e+00
 0.2040  3.42371e+01  1.766e+01  1.658e+01  1.173e+00  1.540e+01  0.000e+00 -7.629e-01  1.936e+00  6.844e+00  5.658e+00  2.903e+00  0.000e+00
 0.2055  3.42383e+01  1.650e+01  1.773e+01  1.159e+00  1.657e+01  0.000e+00 -7.566e-01  1.916e+00  7.246e+00  5.979e+00  3.349e+00  0.000e+00
 0.2070  3.42364e+01  1.922e+01  1.501e+01  1.169e+00  1.384e+01  0.000e+00 -7.560e-01  1.925e+00  4.263e+00  5.859e+00  3.721e+00  0.000e+00
 0.2085  3.42358e+01  2.061e+01  1.363e+01  1.197e+00  1.243e+01  0.000e+00 -7.603e-01  1.957e+00  3.210e+00  5.367e+00  3.853e+00  0.000e+00
 0.2100  3.42377e+01  1.888e+01  1.536e+01  1.224e+00  1.413e+01  0.000e+00 -7.651e-01  1.989e+00  5.878e+00  4.590e+00  3.666e+00  0.000e+00
 0.2115  3.42375e+01  1.923e+01  1.501e+01  1.232e+00  1.378e+01  0.000e+00 -7.662e-01  1.998e+00  6.850e+00  3.744e+00  3.181e+00  0.000e+00
 0.2130  3.42355e+01  2.105e+01  1.318e+01  1.215e+00  1.197e+01  0.000e+00 -7.624e-01  1.977e+00  6.243e+00  3.217e+00  2.510e+00  0.000e+00
 0.2145  3.42364e+01  1.891e+01  1.533e+01  1.185e+00  1.414e+01  0.000e+00 -7.564e-01  1.941e+00  9.047e+00  3.269e+00  1.828e+00  0.000e+00
 0.2160  3.42383e+01  1.549e+01  1.874e+01  1.163e+00  1.758e+01  0.000e+00 -7.526e-01  1.915e+00  1.242e+01  3.831e+00  1.327e+00  0.000e+00
 0.2175  3.42371e+01  1.636e+01  1.788e+01  1.163e+00  1.672e+01  0.000e+00 -7.541e-01  1.917e+00  1.095e+01  4.607e+00  1.159e+00  0.000e+00
 0.2190  3.42357e+01  1.799e+01  1.625e+01  1.185e+00  1.506e+01  0.000e+00 -7.603e-01  1.945e+00  8.463e+00  5.204e+00  1.396e+00  0.000e+00
 0.2205  3.42374e+01  1.644e+01  1.780e+01  1.213e+00  1.659e+01  0.000e+00 -7.680e-01  1.981e+00  9.332e+00  5.235e+00  2.021e+00  0.000e+00
 0.2220  3.42382e+01  1.645e+01  1.779e+01  1.228e+00  1.656e+01  0.000e+00 -7.726e-01  2.001e+00  9.090e+00  4.570e+00  2.900e+00  0.000e+00
 0.2235  3.42360e+01  2.009e+01  1.415e+01  1.217e+00  1.293e+01  0.000e+00 -7.719e-01  1.989e+00  5.611e+00  3.525e+00  3.797e+00  0.000e+00
 0.2250  3.42357e+01  2.128e+01  1.295e+01  1.189e+00  1.177e+01  0.000e+00 -7.677e-01  1.956e+00  4.684e+00  2.618e+00  4.463e+00  0.000e+00
 0.2265  3.42378e+01  1.918e+01  1.506e+01  1.161e+00  1.390e+01  0.000e+00 -7.640e-01  1.925e+00  6.989e+00  2.174e+00  4.738e+00  0.000e+00
 0.2280  3.42373e+01  1.950e+01  1.474e+01  1.155e+00  1.358e+01  0.000e+00 -7.645e-01  1.919e+00  6.791e+00  2.214e+00  4.579e+00  0.000e+00
 0.2295  3.42354e+01  2.096e+01  1.328e+01  1.172e+00  1.211e+01  0.000e+00 -7.700e-01  1.942e+00  5.482e+00  2.581e+00  4.044e+00  0.000e+00
 0.2310  3.42367e+01  1.835e+01  1.589e+01  1.203e+00  1.469e+01  0.000e+00 -7.775e-01  1.980e+00  8.339e+00  3.075e+00  3.274e+00  0.000e+00
 0.2325  3.42385e+01  1.528e+01  1.896e+01  1.224e+00  1.774e+01  0.000e+00 -7.819e-01  2.006e+00  1.168e+01  3.565e+00  2.489e+00  0.000e+00
 0.2340  3.42368e+01  1.666e+01  1.758e+01  1.220e+00  1.636e+01  0.000e+00 -7.797e-01  1.999e+00  1.036e+01  4.068e+00  1.931e+00  0.000e+00
 0.2355  3.42356e+01  1.782e+01  1.642e+01  1.194e+00  1.522e+01  0.000e+00 -7.715e-01  1.966e+00  8.860e+00  4.600e+00  1.761e+00  0.000e+00
 0.2370  3.42375e+01  1.537e+01  1.887e+01  1.167e+00  1.770e+01  0.000e+00 -7.619e-01  1.929e+00  1.068e+01  5.043e+00  1.980e+00  0.000e+00
 0.2385  3.42381e+01  1.491e+01  1.933e+01  1.158e+00  1.817e+01  0.000e+00 -7.555e-01  1.914e+00  1.038e+01  5.326e+00  2.457e+00  0.000e+00
 0.2400  3.42359e+01  1.794e+01  1.630e+01  1.176e+00  1.512e+01  0.000e+00 -7.545e-01  1.930e+00  6.570e+00  5.533e+00  3.020e+00  0.000e+00
 0.2415  3.42361e+01  1.831e+01  1.593e+01  1.211e+00  1.472e+01  0.000e+00 -7.568e-01  1.967e+00  5.551e+00  5.646e+00  3.520e+00  0.000e+00
 0.2430  3.42383e+01  1.658e+01  1.765e+01  1.241e+00  1.641e+01  0.000e+00 -7.577e-01  1.998e+00  7.196e+00  5.378e+00  3.840e+00  0.000e+00
 0.2445  3.42373e+01  1.884e+01  1.540e+01  1.248e+00  1.415e+01  0.000e+00 -7.530e-01  2.001e+00  5.716e+00  4.516e+00  3.920e+00  0.000e+00
 0.2460  3.42351e+01  2.228e+01  1.195e+01  1.232e+00  1.072e+01  0.000e+00 -7.429e-01  1.975e+00  3.609e+00  3.325e+00  3.785e+00  0.000e+00
 0.2475  3.42365e+01  2.081e+01  1.342e+01  1.208e+00  1.221e+01  0.000e+00 -7.316e-01  1.939e+00  6.294e+00  2.392e+00  3.528e+00  0.000e+00
 0.2490  3.42380e+01  1.812e+01  1.612e+01  1.196e+00  1.492e+01  0.000e+00 -7.241e-01  1.920e+00  9.474e+00  2.203e+00  3.246e+00  0.000e+00
 0.2505  3.42363e+01  1.869e+01  1.555e+01  1.206e+00  1.434e+01  0.000e+00 -7.233e-01  1.930e+00  8.494e+00  2.851e+00  2.993e+00  0.000e+00
 0.2520  3.42357e+01  1.791e+01  1.632e+01  1.235e+00  1.509e+01  0.000e+00 -7.284e-01  1.964e+00  8.351e+00  3.963e+00  2.773e+00  0.000e+00
 0.2535  3.42381e+01  1.408e+01  2.015e+01  1.264e+00  1.889e+01  0.000e+00 -7.351e-01  1.999e+00  1.141e+01  4.907e+00  2.568e+00  0.000e+00
 0.2550  3.42383e+01  1.399e+01  2.025e+01  1.273e+00  1.898e+01  0.000e+00 -7.387e-01  2.012e+00  1.138e+01  5.235e+00  2.360e+00  0.000e+00
 0.2565  3.42358e+01  1.825e+01  1.599e+01  1.256e+00  1.473e+01  0.000e+00 -7.374e-01  1.993e+00  7.584e+00  5.008e+00  2.138e+00  0.000e+00
 0.2580  3.42360e+01  1.978e+01  1.446e+01  1.223e+00  1.324e+01  0.000e+00 -7.338e-01  1.957e+00  6.719e+00  4.594e+00  1.923e+00  0.000e+00
 0.2595  3.42380e+01  1.906e+01  1.518e+01  1.196e+00  1.398e+01  0.000e+00 -7.323e-01  1.928e+00  7.977e+00  4.233e+00  1.770e+00  0.000e+00
 0.2610  3.42369e+01  2.166e+01  1.258e+01  1.191e+00  1.139e+01  0.000e+00 -7.363e-01  1.927e+00  5.676e+00  3.950e+00  1.760e+00  0.000e+00
 0.2625  3.42351e+01  2.424e+01  9.996e+00  1.210e+00  8.786e+00  0.000e+00 -7.460e-01  1.956e+00  3.107e+00  3.719e+00  1.960e+00  0.000e+00
 0.2640  3.42368e+01  2.164e+01  1.259e+01  1.237e+00  1.136e+01  0.000e+00 -7.576e-01  1.995e+00  5.378e+00  3.590e+00  2.389e+00  0.000e+00
 0.2655  3.42381e+01  1.858e+01  1.566e+01  1.252e+00  1.440e+01  0.000e+00 -7.657e-01  2.018e+00  7.725e+00  3.673e+00  3.006e+00  0.000e+00
 0.2670  3.42362e+01  1.892e+01  1.532e+01  1.241e+00  1.408e+01  0.000e+00 -7.668e-01  2.008e+00  6.282e+00  4.095e+00  3.703e+00  0.000e+00
 0.2685  3.42357e+01  1.730e+01  1.694e+01  1.212e+00  1.573e+01  0.000e+00 -7.622e-01  1.974e+00  6.547e+00  4.857e+00  4.323e+00  0.000e+00
 0.2700  3.42381e+01  1.243e+01  2.181e+01  1.185e+00  2.062e+01  0.000e+00 -7.568e-01  1.942e+00  1.025e+01  5.669e+00  4.701e+00  0.000e+00
 0.2715  3.42382e+01  1.127e+01  2.297e+01  1.179e+00  2.179e+01  0.000e+00 -7.550e-01  1.934e+00  1.098e+01  6.094e+00  4.717e+00  0.000e+00
 0.2730  3.42361e+01  1.429e+01  1.994e+01  1.199e+00  1.874e+01  0.000e+00 -7.582e-01  1.957e+00  8.435e+00  5.962e+00  4.348e+00  0.000e+00
 0.2745  3.42366e+01  1.541e+01  1.882e+01  1.232e+00  1.759e+01  0.000e+00 -7.632e-01  1.995e+00  8.416e+00  5.481e+00  3.693e+00  0.000e+00
 0.2760  3.42383e+01  1.604e+01  1.819e+01  1.256e+00  1.694e+01  0.000e+00 -7.648e-01  2.021e+00  9.012e+00  4.962e+00  2.964e+00  0.000e+00
 0.2775  3.42366e+01  2.050e+01  1.373e+01  1.257e+00  1.248e+01  0.000e+00 -7.591e-01  2.016e+00  5.576e+00  4.491e+00  2.411e+00  0.000e+00
 0.2790  3.42350e+01  2.398e+01  1.026e+01  1.236e+00  9.022e+00  0.000e+00 -7.472e-01  1.983e+00  2.885e+00  3.921e+00  2.216e+00  0.000e+00
 0.2805  3.42369e+01  2.191e+01  1.232e+01  1.213e+00  1.111e+01  0.000e+00 -7.339e-01  1.947e+00  5.519e+00  3.175e+00  2.417e+00  0.000e+00
 0.2820  3.42380e+01  1.982e+01  1.441e+01  1.207e+00  1.321e+01  0.000e+00 -7.247e-01  1.931e+00  7.818e+00  2.467e+00  2.923e+00  0.000e+00
 0.2835  3.42360e+01  2.086e+01  1.338e+01  1.225e+00  1.216e+01  0.000e+00 -7.218e-01  1.946e+00  6.471e+00  2.126e+00  3.559e+00  0.000e+00
 0.2850  3.42359e+01  1.948e+01  1.476e+01  1.259e+00  1.350e+01  0.000e+00 -7.233e-01  1.982e+00  7.145e+00  2.244e+00  4.110e+00  0.000e+00
 0.2865  3.42381e+01  1.538e+01  1.886e+01  1.289e+00  1.757e+01  0.000e+00 -7.245e-01  2.013e+00  1.056e+01  2.634e+00  4.374e+00  0.000e+00
 0.2880  3.42377e+01  1.495e+01  1.928e+01  1.298e+00  1.799e+01  0.000e+00 -7.213e-01  2.019e+00  1.062e+01  3.124e+00  4.245e+00  0.000e+00
 0.2895  3.42356e+01  1.683e+01  1.740e+01  1.282e+00  1.612e+01  0.000e+00 -7.132e-01  1.995e+00  8.657e+00  3.715e+00  3.748e+00  0.000e+00
 0.2910  3.42368e+01  1.529e+01  1.895e+01  1.257e+00  1.769e+01  0.000e+00 -7.043e-01  1.961e+00  1.028e+01  4.391e+00  3.023e+00  0.000e+00
 0.2925  3.42385e+01  1.380e+01  2.044e+01  1.240e+00  1.920e+01  0.000e+00 -6.995e-01  1.940e+00  1.199e+01  4.940e+00  2.264e+00  0.000e+00
 0.2940  3.42367e+01  1.732e+01  1.692e+01  1.245e+00  1.567e+01  0.000e+00 -7.018e-01  1.947e+00  8.912e+00  5.083e+00  1.679e+00  0.000e+00
 0.2955  3.42354e+01  2.074e+01  1.350e+01  1.267e+00  1.223e+01  0.000e+00 -7.105e-01  1.978e+00  6.057e+00  4.726e+00  1.446e+00  0.000e+00
 0.2970  3.42373e+01  2.005e+01  1.419e+01  1.292e+00  1.290e+01  0.000e+00 -7.211e-01  2.013e+00  7.189e+00  4.052e+00  1.654e+00  0.000e+00
 0.2985  3.42377e+01  2.037e+01  1.387e+01  1.298e+00  1.257e+01  0.000e+00 -7.285e-01  2.027e+00  6.923e+00  3.407e+00  2.241e+00  0.000e+00
 0.3000  3.42355e+01  2.282e+01  1.141e+01  1.280e+00  1.013e+01  0.000e+00 -7.303e-01  2.010e+00  4.067e+00  3.071e+00  2.993e+00  0.000e+00
 0.3015  3.42359e+01  2.135e+01  1.289e+01  1.247e+00  1.164e+01  0.000e+00 -7.287e-01  1.976e+00  4.874e+00  3.113e+00  3.653e+00  0.000e+00
 0.3030  3.42382e+01  1.702e+01  1.721e+01  1.221e+00  1.599e+01  0.000e+00 -7.281e-01  1.949e+00  8.523e+00  3.432e+00  4.039e+00  0.000e+00
 0.3045  3.42374e+01  1.644e+01  1.780e+01  1.217e+00  1.658e+01  0.000e+00 -7.324e-01  1.950e+00  8.570e+00  3.927e+00  4.082e+00  0.000e+00
 0.3060  3.42356e+01  1.741e+01  1.683e+01  1.236e+00  1.559e+01  0.000e+00 -7.416e-01  1.978e+00  7.237e+00  4.540e+00  3.814e+00  0.000e+00
 0.3075  3.42372e+01  1.486e+01  1.938e+01  1.263e+00  1.811e+01  0.000e+00 -7.515e-01  2.015e+00  9.607e+00  5.163e+00  3.343e+00  0.000e+00
 0.3090  3.42386e+01  1.319e+01  2.105e+01  1.277e+00  1.978e+01  0.000e+00 -7.564e-01  2.033e+00  1.135e+01  5.598e+00  2.825e+00  0.000e+00
 0.3105  3.42366e+01  1.642e+01  1.782e+01  1.267e+00  1.655e+01  0.000e+00 -7.531e-01  2.020e+00  8.497e+00  5.646e+00  2.407e+00  0.000e+00
 0.3120  3.42358e+01  1.910e+01  1.513e+01  1.240e+00  1.389e+01  0.000e+00 -7.436e-01  1.984e+00  6.501e+00  5.220e+00  2.170e+00  0.000e+00
 0.3135  3.42377e+01  1.879e+01  1.544e+01  1.218e+00  1.423e+01  0.000e+00 -7.334e-01  1.951e+00  7.705e+00  4.393e+00  2.128e+00  0.000e+00
 0.3150  3.42375e+01  2.092e+01  1.331e+01  1.216e+00  1.210e+01  0.000e+00 -7.276e-01  1.944e+00  6.350e+00  3.493e+00  2.256e+00  0.000e+00
 0.3165  3.42351e+01  2.475e+01  9.483e+00  1.239e+00  8.244e+00  0.000e+00 -7.274e-01  1.966e+00  2.723e+00  3.003e+00  2.519e+00  0.000e+00
 0.3180  3.42358e+01  2.345e+01  1.079e+01  1.272e+00  9.517e+00  0.000e+00 -7.300e-01  2.002e+00  3.469e+00  3.183e+00  2.865e+00  0.000e+00
 0.3195  3.42381e+01  1.893e+01  1.531e+01  1.297e+00  1.401e+01  0.000e+00 -7.303e-01  2.027e+00  6.985e+00  3.792e+00  3.235e+00  0.000e+00
 0.3210  3.42372e+01  1.772e+01  1.652e+01  1.299e+00  1.522e+01  0.000e+00 -7.250e-01  2.024e+00  7.324e+00  4.320e+00  3.576e+00  0.000e+00
 0.3225  3.42357e+01  1.732e+01  1.692e+01  1.280e+00  1.564e+01  0.000e+00 -7.152e-01  1.995e+00  7.249e+00  4.528e+00  3.864e+00  0.000e+00
 0.3240  3.42374e+01  1.375e+01  2.048e+01  1.257e+00  1.923e+01  0.000e+00 -7.056e-01  1.962e+00  1.053e+01  4.612e+00  4.083e+00  0.000e+00
 0.3255  3.42384e+01  1.191e+01  2.233e+01  1.248e+00  2.108e+01  0.000e+00 -7.010e-01  1.949e+00  1.203e+01  4.848e+00  4.204e+00  0.000e+00
 0.3270  3.42362e+01  1.446e+01  1.978e+01  1.260e+00  1.852e+01  0.000e+00 -7.035e-01  1.963e+00  9.042e+00  5.271e+00  4.206e+00  0.000e+00
 0.3285  3.42359e+01  1.540e+01  1.884e+01  1.286e+00  1.755e+01  0.000e+00 -7.112e-01  1.997e+00  7.789e+00  5.676e+00  4.088e+00  0.000e+00
 0.3300  3.42382e+01  1.368e+01  2.055e+01  1.309e+00  1.925e+01  0.000e+00 -7.193e-01  2.028e+00  9.585e+00  5.799e+00  3.862e+00  0.000e+00
 0.3315  3.42380e+01  1.577e+01  1.847e+01  1.311e+00  1.716e+01  0.000e+00 -7.229e-01  2.034e+00  8.167e+00  5.465e+00  3.525e+00  0.000e+00
 0.3330  3.42357e+01  2.101e+01  1.322e+01  1.290e+00  1.193e+01  0.000e+00 -7.210e-01  2.011e+00  4.193e+00  4.668e+00  3.073e+00  0.000e+00
 0.3345  3.42362e+01  2.293e+01  1.130e+01  1.260e+00  1.004e+01  0.000e+00 -7.170e-01  1.977e+00  3.936e+00  3.560e+00  2.545e+00  0.000e+00
 0.3360  3.42376e+01  2.269e+01  1.155e+01  1.240e+00  1.031e+01  0.000e+00 -7.158e-01  1.956e+00  5.879e+00  2.394e+00  2.038e+00  0.000e+00
 0.3375  3.42362e+01  2.412e+01  1.011e+01  1.242e+00  8.872e+00  0.000e+00 -7.205e-01  1.963e+00  5.649e+00  1.555e+00  1.667e+00  0.000e+00
 0.3390  3.42353e+01  2.338e+01  1.085e+01  1.264e+00  9.591e+00  0.000e+00 -7.302e-01  1.994e+00  6.554e+00  1.512e+00  1.525e+00  0.000e+00
 0.3405  3.42375e+01  1.806e+01  1.618e+01  1.288e+00  1.489e+01  0.000e+00 -7.402e-01  2.029e+00  1.075e+01  2.473e+00  1.667e+00  0.000e+00
 0.3420  3.42384e+01  1.454e+01  1.970e+01  1.298e+00  1.840e+01  0.000e+00 -7.447e-01  2.043e+00  1.222e+01  4.074e+00  2.109e+00  0.000e+00
 0.3435  3.42364e+01  1.552e+01  1.871e+01  1.286e+00  1.743e+01  0.000e+00 -7.416e-01  2.027e+00  9.118e+00  5.522e+00  2.789e+00  0.000e+00
 0.3450  3.42363e+01  1.550e+01  1.874e+01  1.261e+00  1.748e+01  0.000e+00 -7.333e-01  1.995e+00  7.830e+00  6.116e+00  3.531e+00  0.000e+00
 0.3465  3.42381e+01  1.404e+01  2.020e+01  1.244e+00  1.895e+01  0.000e+00 -7.253e-01  1.970e+00  9.166e+00  5.673e+00  4.113e+00  0.000e+00
 0.3480  3.42374e+01  1.619e+01  1.805e+01  1.248e+00  1.680e+01  0.000e+00 -7.214e-01  1.970e+00  7.882e+00  4.541e+00  4.378e+00  0.000e+00
 0.3495  3.42356e+01  1.975e+01  1.449e+01  1.273e+00  1.321e+01  0.000e+00 -7.220e-01  1.995e+00  5.619e+00  3.314e+00  4.281e+00  0.000e+00
 0.3510  3.42368e+01  1.965e+01  1.459e+01  1.305e+00  1.329e+01  0.000e+00 -7.233e-01  2.028e+00  6.886e+00  2.530e+00  3.871e+00  0.000e+00
 0.3525  3.42381e+01  1.925e+01  1.499e+01  1.324e+00  1.366e+01  0.000e+00 -7.206e-01  2.045e+00  7.917e+00  2.479e+00  3.267e+00  0.000e+00
 0.3540  3.42362e+01  2.198e+01  1.225e+01  1.321e+00  1.093e+01  0.000e+00 -7.116e-01  2.033e+00  5.164e+00  3.129e+00  2.638e+00  0.000e+00
 0.3555  3.42353e+01  2.253e+01  1.171e+01  1.303e+00  1.040e+01  0.000e+00 -6.986e-01  2.002e+00  4.043e+00  4.178e+00  2.183e+00  0.000e+00
 0.3570  3.42375e+01  1.848e+01  1.575e+01  1.287e+00  1.447e+01  0.000e+00 -6.870e-01  1.974e+00  7.166e+00  5.239e+00  2.061e+00  0.000e+00
 0.3585  3.42379e+01  1.601e+01  1.822e+01  1.287e+00  1.694e+01  0.000e+00 -6.811e-01  1.968e+00  8.661e+00  5.977e+00  2.299e+00  0.000e+00
 0.3600  3.42361e+01  1.660e+01  1.764e+01  1.306e+00  1.633e+01  0.000e+00 -6.820e-01  1.988e+00  7.433e+00  6.103e+00  2.794e+00  0.000e+00
 0.3615  3.42367e+01  1.528e+01  1.895e+01  1.334e+00  1.762e+01  0.000e+00 -6.868e-01  2.021e+00  8.743e+00  5.490e+00  3.386e+00  0.000e+00
 0.3630  3.42384e+01  1.352e+01  2.072e+01  1.353e+00  1.937e+01  0.000e+00 -6.908e-01  2.044e+00  1.098e+01  4.455e+00  3.934e+00  0.000e+00
 0.3645  3.42370e+01  1.581e+01  1.842e+01  1.350e+00  1.707e+01  0.000e+00 -6.906e-01  2.041e+00  9.025e+00  3.708e+00  4.339e+00  0.000e+00
 0.3660  3.42355e+01  1.818e+01  1.605e+01  1.328e+00  1.472e+01  0.000e+00 -6.869e-01  2.015e+00  6.483e+00  3.728e+00  4.514e+00  0.000e+00
 0.3675  3.42374e+01  1.662e+01  1.762e+01  1.303e+00  1.632e+01  0.000e+00 -6.837e-01  1.987e+00  7.582e+00  4.330e+00  4.407e+00  0.000e+00
 0.3690  3.42383e+01  1.655e+01  1.768e+01  1.291e+00  1.639e+01  0.000e+00 -6.854e-01  1.976e+00  7.450e+00  4.899e+00  4.045e+00  0.000e+00
 0.3705  3.42361e+01  2.069e+01  1.355e+01  1.298e+00  1.225e+01  0.000e+00 -6.940e-01  1.992e+00  3.851e+00  4.877e+00  3.525e+00  0.000e+00
 0.3720  3.42357e+01  2.270e+01  1.153e+01  1.318e+00  1.022e+01  0.000e+00 -7.070e-01  2.025e+00  3.099e+00  4.137e+00  2.980e+00  0.000e+00
 0.3735  3.42377e+01  2.128e+01  1.296e+01  1.333e+00  1.163e+01  0.000e+00 -7.189e-01  2.052e+00  5.961e+00  3.115e+00  2.552e+00  0.000e+00
 0.3750  3.42370e+01  2.173e+01  1.250e+01  1.327e+00  1.118e+01  0.000e+00 -7.249e-01  2.052e+00  6.200e+00  2.606e+00  2.372e+00  0.000e+00
 0.3765  3.42351e+01  2.200e+01  1.223e+01  1.301e+00  1.093e+01  0.000e+00 -7.243e-01  2.025e+00  5.323e+00  3.100e+00  2.506e+00  0.000e+00
 0.3780  3.42368e+01  1.692e+01  1.732e+01  1.271e+00  1.605e+01  0.000e+00 -7.210e-01  1.992e+00  8.846e+00  4.301e+00  2.899e+00  0.000e+00
 0.3795  3.42390e+01  1.191e+01  2.233e+01  1.255e+00  2.108e+01  0.000e+00 -7.202e-01  1.975e+00  1.221e+01  5.479e+00  3.392e+00  0.000e+00
 0.3810  3.42371e+01  1.329e+01  2.094e+01  1.262e+00  1.968e+01  0.000e+00 -7.247e-01  1.987e+00  9.729e+00  6.137e+00  3.815e+00  0.000e+00
 0.3825  3.42356e+01  1.571e+01  1.853e+01  1.288e+00  1.724e+01  0.000e+00 -7.328e-01  2.021e+00  6.996e+00  6.200e+00  4.043e+00  0.000e+00
 0.3840  3.42377e+01  1.485e+01  1.939e+01  1.314e+00  1.808e+01  0.000e+00 -7.392e-01  2.053e+00  8.289e+00  5.766e+00  4.022e+00  0.000e+00
 0.3855  3.42381e+01  1.636e+01  1.788e+01  1.322e+00  1.656e+01  0.000e+00 -7.386e-01  2.060e+00  7.801e+00  4.989e+00  3.770e+00  0.000e+00
 0.3870  3.42355e+01  2.111e+01  1.313e+01  1.307e+00  1.182e+01  0.000e+00 -7.300e-01  2.037e+00  4.312e+00  4.142e+00  3.367e+00  0.000e+00
 0.3885  3.42358e+01  2.187e+01  1.236e+01  1.282e+00  1.108e+01  0.000e+00 -7.173e-01  1.999e+00  4.658e+00  3.496e+00  2.926e+00  0.000e+00
 0.3900  3.42383e+01  1.960e+01  1.464e+01  1.267e+00  1.337e+01  0.000e+00 -7.068e-01  1.974e+00  7.678e+00  3.149e+00  2.547e+00  0.000e+00
 0.3915  3.42371e+01  2.130e+01  1.294e+01  1.273e+00  1.166e+01  0.000e+00 -7.025e-01  1.976e+00  6.273e+00  3.107e+00  2.282e+00  0.000e+00
 0.3930  3.42348e+01  2.371e+01  1.052e+01  1.299e+00  9.223e+00  0.000e+00 -7.040e-01  2.003e+00  3.675e+00  3.391e+00  2.157e+00  0.000e+00
 0.3945  3.42365e+01  2.023e+01  1.400e+01  1.330e+00  1.267e+01  0.000e+00 -7.072e-01  2.037e+00  6.526e+00  3.951e+00  2.196e+00  0.000e+00
 0.3960  3.42385e+01  1.564e+01  1.859e+01  1.347e+00  1.725e+01  0.000e+00 -7.070e-01  2.054e+00  1.029e+01  4.538e+00  2.417e+00  0.000e+00
 0.3975  3.42367e+01  1.548e+01  1.876e+01  1.341e+00  1.742e+01  0.000e+00 -7.011e-01  2.042e+00  9.803e+00  4.815e+00  2.799e+00  0.000e+00
 0.3990  3.42360e+01  1.508e+01  1.915e+01  1.319e+00  1.783e+01  0.000e+00 -6.920e-01  2.011e+00  9.927e+00  4.652e+00  3.256e+00  0.000e+00
 0.4005  3.42383e+01  1.276e+01  2.147e+01  1.299e+00  2.017e+01  0.000e+00 -6.853e-01  1.985e+00  1.233e+01  4.143e+00  3.697e+00  0.000e+00
 0.4020  3.42380e+01  1.496e+01  1.928e+01  1.297e+00  1.798e+01  0.000e+00 -6.850e-01  1.982e+00  1.044e+01  3.463e+00  4.077e+00  0.000e+00
 0.4035  3.42352e+01  2.062e+01  1.362e+01  1.315e+00  1.230e+01  0.000e+00 -6.919e-01  2.006e+00  5.090e+00  2.839e+00  4.374e+00  0.000e+00
 0.4050  3.42357e+01  2.144e+01  1.280e+01  1.340e+00  1.146e+01  0.000e+00 -7.027e-01  2.043e+00  4.339e+00  2.565e+00  4.555e+00  0.000e+00
 0.4065  3.42382e+01  1.875e+01  1.549e+01  1.356e+00  1.414e+01  0.000e+00 -7.118e-01  2.068e+00  6.733e+00  2.821e+00  4.582e+00  0.000e+00
 0.4080  3.42371e+01  1.934e+01  1.489e+01  1.349e+00  1.354e+01  0.000e+00 -7.151e-01  2.064e+00  5.644e+00  3.465e+00  4.433e+00  0.000e+00
 0.4095  3.42354e+01  2.041e+01  1.382e+01  1.323e+00  1.250e+01  0.000e+00 -7.131e-01  2.037e+00  4.223e+00  4.154e+00  4.122e+00  0.000e+00
 0.4110  3.42373e+01  1.751e+01  1.673e+01  1.296e+00  1.543e+01  0.000e+00 -7.105e-01  2.006e+00  7.142e+00  4.609e+00  3.678e+00  0.000e+00
 0.4125  3.42383e+01  1.581e+01  1.843e+01  1.283e+00  1.714e+01  0.000e+00 -7.121e-01  1.995e+00  9.162e+00  4.837e+00  3.144e+00  0.000e+00
 0.4140  3.42360e+01  1.811e+01  1.613e+01  1.293e+00  1.483e+01  0.000e+00 -7.196e-01  2.012e+00  7.078e+00  5.164e+00  2.593e+00  0.000e+00
 0.4155  3.42356e+01  1.778e+01  1.645e+01  1.315e+00  1.514e+01  0.000e+00 -7.302e-01  2.045e+00  7.102e+00  5.904e+00  2.132e+00  0.000e+00
 0.4170  3.42383e+01  1.380e+01  2.044e+01  1.334e+00  1.911e+01  0.000e+00 -7.382e-01  2.072e+00  1.039e+01  6.846e+00  1.872e+00  0.000e+00
 0.4185  3.42382e+01  1.370e+01  2.054e+01  1.333e+00  1.920e+01  0.000e+00 -7.388e-01  2.072e+00  1.010e+01  7.231e+00  1.872e+00  0.000e+00
 0.4200  3.42359e+01  1.759e+01  1.665e+01  1.313e+00  1.534e+01  0.000e+00 -7.318e-01  2.045e+00  6.731e+00  6.485e+00  2.121e+00  0.000e+00
 0.4215  3.42365e+01  1.896e+01  1.528e+01  1.289e+00  1.399e+01  0.000e+00 -7.218e-01  2.011e+00  6.594e+00  4.830e+00  2.564e+00  0.000e+00
 0.4230  3.42381e+01  1.934e+01  1.490e+01  1.278e+00  1.362e+01  0.000e+00 -7.143e-01  1.993e+00  7.423e+00  3.076e+00  3.119e+00  0.000e+00
 0.4245  3.42363e+01  2.285e+01  1.139e+01  1.290e+00  1.010e+01  0.000e+00 -7.123e-01  2.002e+00  4.387e+00  2.046e+00  3.664e+00  0.000e+00
 0.4260  3.42349e+01  2.442e+01  9.816e+00  1.318e+00  8.498e+00  0.000e+00 -7.145e-01  2.032e+00  2.318e+00  2.135e+00  4.045e+00  0.000e+00
 0.4275  3.42372e+01  2.017e+01  1.407e+01  1.346e+00  1.272e+01  0.000e+00 -7.165e-01  2.063e+00  5.438e+00  3.151e+00  4.132e+00  0.000e+00
 0.4290  3.42384e+01  1.665e+01  1.758e+01  1.358e+00  1.623e+01  0.000e+00 -7.134e-01  2.071e+00  7.881e+00  4.459e+00  3.887e+00  0.000e+00
 0.4305  3.42364e+01  1.741e+01  1.683e+01  1.347e+00  1.548e+01  0.000e+00 -7.043e-01  2.051e+00  6.690e+00  5.417e+00  3.377e+00  0.000e+00
 0.4320  3.42361e+01  1.680e+01  1.743e+01  1.325e+00  1.611e+01  0.000e+00 -6.928e-01  2.018e+00  7.643e+00  5.728e+00  2.737e+00  0.000e+00
 0.4335  3.42383e+01  1.428e+01  1.996e+01  1.309e+00  1.865e+01  0.000e+00 -6.845e-01  1.993e+00  1.112e+01  5.402e+00  2.133e+00  0.000e+00
 0.4350  3.42376e+01  1.574e+01  1.850e+01  1.311e+00  1.719e+01  0.000e+00 -6.829e-01  1.994e+00  1.082e+01  4.623e+00  1.741e+00  0.000e+00
 0.4365  3.42355e+01  1.935e+01  1.488e+01  1.330e+00  1.355e+01  0.000e+00 -6.883e-01  2.018e+00  8.105e+00  3.743e+00  1.705e+00  0.000e+00
 0.4380  3.42366e+01  1.901e+01  1.523e+01  1.353e+00  1.387e+01  0.000e+00 -6.969e-01  2.050e+00  8.628e+00  3.181e+00  2.064e+00  0.000e+00
 0.4395  3.42383e+01  1.769e+01  1.655e+01  1.365e+00  1.518e+01  0.000e+00 -7.037e-01  2.068e+00  9.279e+00  3.192e+00  2.711e+00  0.000e+00
 0.4410  3.42366e+01  1.997e+01  1.426e+01  1.355e+00  1.291e+01  0.000e+00 -7.057e-01  2.060e+00  5.744e+00  3.719e+00  3.445e+00  0.000e+00
 0.4425  3.42354e+01  2.112e+01  1.312e+01  1.330e+00  1.179e+01  0.000e+00 -7.043e-01  2.034e+00  3.217e+00  4.502e+00  4.067e+00  0.000e+00
 0.4440  3.42375e+01  1.790e+01  1.634e+01  1.306e+00  1.503e+01  0.000e+00 -7.041e-01  2.010e+00  5.417e+00  5.182e+00  4.434e+00  0.000e+00
 0.4455  3.42382e+01  1.618e+01  1.806e+01  1.298e+00  1.676e+01  0.000e+00 -7.089e-01  2.007e+00  6.858e+00  5.423e+00  4.476e+00  0.000e+00
 0.4470  3.42362e+01  1.796e+01  1.627e+01  1.309e+00  1.496e+01  0.000e+00 -7.196e-01  2.028e+00  5.603e+00  5.159e+00  4.202e+00  0.000e+00
 0.4485  3.42363e+01  1.767e+01  1.656e+01  1.329e+00  1.523e+01  0.000e+00 -7.327e-01  2.061e+00  6.798e+00  4.725e+00  3.710e+00  0.000e+00
 0.4500  3.42382e+01  1.562e+01  1.861e+01  1.341e+00  1.727e+01  0.000e+00 -7.424e-01  2.084e+00  9.477e+00  4.627e+00  3.168e+00  0.000e+00
 0.4515  3.42372e+01  1.687e+01  1.736e+01  1.336e+00  1.603e+01  0.000e+00 -7.449e-01  2.081e+00  8.212e+00  5.074e+00  2.743e+00  0.000e+00
 0.4530  3.42355e+01  1.855e+01  1.569e+01  1.316e+00  1.437e+01  0.000e+00 -7.409e-01  2.057e+00  6.119e+00  5.720e+00  2.532e+00  0.000e+00
 0.4545  3.42372e+01  1.599e+01  1.824e+01  1.296e+00  1.695e+01  0.000e+00 -7.351e-01  2.031e+00  8.430e+00  5.950e+00  2.566e+00  0.000e+00
 0.4560  3.42387e+01  1.407e+01  2.017e+01  1.290e+00  1.888e+01  0.000e+00 -7.322e-01  2.022e+00  1.064e+01  5.428e+00  2.814e+00  0.000e+00
 0.4575  3.42368e+01  1.711e+01  1.713e+01  1.302e+00  1.582e+01  0.000e+00 -7.342e-01  2.037e+00  8.309e+00  4.326e+00  3.188e+00  0.000e+00
 0.4590  3.42359e+01  2.001e+01  1.423e+01  1.327e+00  1.290e+01  0.000e+00 -7.385e-01  2.065e+00  6.252e+00  3.098e+00  3.553e+00  0.000e+00
 0.4605  3.42376e+01  2.010e+01  1.413e+01  1.348e+00  1.279e+01  0.000e+00 -7.402e-01  2.088e+00  6.803e+00  2.207e+00  3.776e+00  0.000e+00
 0.4620  3.42372e+01  2.182e+01  1.242e+01  1.352e+00  1.107e+01  0.000e+00 -7.355e-01  2.087e+00  5.250e+00  2.025e+00  3.794e+00  0.000e+00
 0.4635  3.42352e+01  2.388e+01  1.035e+01  1.338e+00  9.015e+00  0.000e+00 -7.248e-01  2.063e+00  2.685e+00  2.713e+00  3.618e+00  0.000e+00
 0.4650  3.42363e+01  2.055e+01  1.368e+01  1.320e+00  1.236e+01  0.000e+00 -7.128e-01  2.033e+00  5.009e+00  4.064e+00  3.291e+00  0.000e+00
 0.4665  3.42386e+01  1.531e+01  1.893e+01  1.311e+00  1.762e+01  0.000e+00 -7.047e-01  2.016e+00  9.249e+00  5.501e+00  2.865e+00  0.000e+00
 0.4680  3.42375e+01  1.497e+01  1.927e+01  1.321e+00  1.795e+01  0.000e+00 -7.032e-01  2.024e+00  9.175e+00  6.358e+00  2.413e+00  0.000e+00
 0.4695  3.42359e+01  1.638e+01  1.785e+01  1.343e+00  1.651e+01  0.000e+00 -7.068e-01  2.050e+00  8.165e+00  6.313e+00  2.033e+00  0.000e+00
 0.4710  3.42375e+01  1.513e+01  1.911e+01  1.363e+00  1.774e+01  0.000e+00 -7.116e-01  2.074e+00  1.030e+01  5.633e+00  1.812e+00  0.000e+00
 0.4725  3.42381e+01  1.538e+01  1.886e+01  1.367e+00  1.749e+01  0.000e+00 -7.131e-01  2.080e+00  1.076e+01  4.948e+00  1.781e+00  0.000e+00
 0.4740  3.42360e+01  1.870e+01  1.553e+01  1.351e+00  1.418e+01  0.000e+00 -7.106e-01  2.061e+00  7.599e+00  4.672e+00  1.911e+00  0.000e+00
 0.4755  3.42360e+01  1.928e+01  1.495e+01  1.325e+00  1.363e+01  0.000e+00 -7.072e-01  2.033e+00  6.767e+00  4.709e+00  2.153e+00  0.000e+00
 0.4770  3.42383e+01  1.746e+01  1.678e+01  1.307e+00  1.547e+01  0.000e+00 -7.076e-01  2.014e+00  8.324e+00  4.697e+00  2.454e+00  0.000e+00
 0.4785  3.42376e+01  1.959e+01  1.465e+01  1.305e+00  1.334e+01  0.000e+00 -7.147e-01  2.020e+00  6.156e+00  4.418e+00  2.768e+00  0.000e+00
 0.4800  3.42353e+01  2.348e+01  1.076e+01  1.318e+00  9.438e+00  0.000e+00 -7.277e-01  2.046e+00  2.374e+00  3.995e+00  3.069e+00  0.000e+00
 0.4815  3.42363e+01  2.251e+01  1.172e+01  1.334e+00  1.039e+01  0.000e+00 -7.422e-01  2.076e+00  3.222e+00  3.800e+00  3.366e+00  0.000e+00
 0.4830  3.42379e+01  1.924e+01  1.500e+01  1.337e+00  1.366e+01  0.000e+00 -7.528e-01  2.089e+00  5.840e+00  4.140e+00  3.680e+00  0.000e+00
 0.4845  3.42366e+01  1.814e+01  1.610e+01  1.320e+00  1.478e+01  0.000e+00 -7.567e-01  2.077e+00  5.834e+00  4.958e+00  3.989e+00  0.000e+00
 0.4860  3.42361e+01  1.582e+01  1.841e+01  1.292e+00  1.712e+01  0.000e+00 -7.558e-01  2.048e+00  7.091e+00  5.824e+00  4.206e+00  0.000e+00
 0.4875  3.42384e+01  1.145e+01  2.279e+01  1.270e+00  2.152e+01  0.000e+00 -7.551e-01  2.025e+00  1.106e+01  6.215e+00  4.238e+00  0.000e+00
 0.4890  3.42385e+01  1.153e+01  2.271e+01  1.266e+00  2.144e+01  0.000e+00 -7.582e-01  2.025e+00  1.156e+01  5.845e+00  4.033e+00  0.000e+00
 0.4905  3.42361e+01  1.632e+01  1.791e+01  1.281e+00  1.663e+01  0.000e+00 -7.655e-01  2.046e+00  8.161e+00  4.876e+00  3.596e+00  0.000e+00
 0.4920  3.42362e+01  1.875e+01  1.549e+01  1.303e+00  1.419e+01  0.000e+00 -7.731e-01  2.076e+00  7.342e+00  3.850e+00  2.996e+00  0.000e+00
 0.4935  3.42379e+01  1.877e+01  1.547e+01  1.316e+00  1.415e+01  0.000e+00 -7.757e-01  2.092e+00  8.485e+00  3.283e+00  2.382e+00  0.000e+00
 0.4950  3.42369e+01  2.116e+01  1.307e+01  1.312e+00  1.176e+01  0.000e+00 -7.705e-01  2.082e+00  6.554e+00  3.268e+00  1.939e+00  0.000e+00
 0.4965  3.42355e+01  2.317e+01  1.106e+01  1.295e+00  9.767e+00  0.000e+00 -7.595e-01  2.055e+00  4.436e+00  3.523e+00  1.809e+00  0.000e+00
 0.4980  3.42371e+01  2.104e+01  1.320e+01  1.281e+00  1.192e+01  0.000e+00 -7.482e-01  2.030e+00  6.111e+00  3.785e+00  2.018e+00  0.000e+00
 0.4995  3.42380e+01  1.930e+01  1.494e+01  1.283e+00  1.365e+01  0.000e+00 -7.414e-01  2.024e+00  7.176e+00  3.989e+00  2.489e+00  0.000e+00
 0.5010  3.42360e+01  2.041e+01  1.382e+01  1.302e+00  1.252e+01  0.000e+00 -7.406e-01  2.042e+00  5.242e+00  4.188e+00  3.091e+00  0.000e+00
 0.5025  3.42357e+01  1.875e+01  1.548e+01  1.329e+00  1.415e+01  0.000e+00 -7.434e-01  2.072e+00  5.984e+00  4.498e+00  3.670e+00  0.000e+00
 0.5040  3.42380e+01  1.355e+01  2.069e+01  1.349e+00  1.934e+01  0.000e+00 -7.449e-01  2.094e+00  1.026e+01  5.017e+00  4.064e+00  0.000e+00
 0.5055  3.42382e+01  1.150e+01  2.274e+01  1.351e+00  2.139e+01  0.000e+00 -7.420e-01  2.093e+00  1.158e+01  5.671e+00  4.140e+00  0.000e+00
 0.5070  3.42364e+01  1.316e+01  2.108e+01  1.336e+00  1.974e+01  0.000e+00 -7.352e-01  2.071e+00  9.745e+00  6.136e+00  3.861e+00  0.000e+00
 0.5085  3.42371e+01  1.377e+01  2.047e+01  1.315e+00  1.915e+01  0.000e+00 -7.288e-01  2.044e+00  9.846e+00  5.995e+00  3.310e+00  0.000e+00
 0.5100  3.42383e+01  1.517e+01  1.907e+01  1.305e+00  1.777e+01  0.000e+00 -7.276e-01  2.033e+00  1.012e+01  5.004e+00  2.640e+00  0.000e+00
 0.5115  3.42366e+01  2.052e+01  1.372e+01  1.310e+00  1.241e+01  0.000e+00 -7.336e-01  2.044e+00  7.052e+00  3.345e+00  2.012e+00  0.000e+00
 0.5130  3.42352e+01  2.470e+01  9.539e+00  1.326e+00  8.213e+00  0.000e+00 -7.449e-01  2.071e+00  4.920e+00  1.715e+00  1.578e+00  0.000e+00
 0.5145  3.42370e+01  2.372e+01  1.052e+01  1.338e+00  9.184e+00  0.000e+00 -7.570e-01  2.095e+00  6.692e+00  1.029e+00  1.463e+00  0.000e+00
 0.5160  3.42377e+01  2.225e+01  1.199e+01  1.334e+00  1.066e+01  0.000e+00 -7.653e-01  2.100e+00  7.158e+00  1.791e+00  1.707e+00  0.000e+00
 0.5175  3.42360e+01  2.235e+01  1.189e+01  1.314e+00  1.057e+01  0.000e+00 -7.688e-01  2.083e+00  4.689e+00  3.665e+00  2.220e+00  0.000e+00
 0.5190  3.42364e+01  1.966e+01  1.457e+01  1.288e+00  1.329e+01  0.000e+00 -7.703e-01  2.058e+00  4.771e+00  5.705e+00  2.810e+00  0.000e+00
 0.5205  3.42383e+01  1.531e+01  1.893e+01  1.270e+00  1.766e+01  0.000e+00 -7.745e-01  2.045e+00  7.354e+00  7.013e+00  3.288e+00  0.000e+00
 0.5220  3.42376e+01  1.483e+01  1.941e+01  1.269e+00  1.814e+01  0.000e+00 -7.835e-01  2.052e+00  7.422e+00  7.182e+00  3.539e+00  0.000e+00
 0.5235  3.42360e+01  1.617e+01  1.806e+01  1.280e+00  1.678e+01  0.000e+00 -7.959e-01  2.076e+00  6.939e+00  6.306e+00  3.538e+00  0.000e+00
 0.5250  3.42373e+01  1.498e+01  1.926e+01  1.293e+00  1.797e+01  0.000e+00 -8.070e-01  2.100e+00  9.764e+00  4.872e+00  3.330e+00  0.000e+00
 0.5265  3.42384e+01  1.484e+01  1.939e+01  1.293e+00  1.810e+01  0.000e+00 -8.118e-01  2.104e+00  1.147e+01  3.612e+00  3.019e+00  0.000e+00
 0.5280  3.42364e+01  1.842e+01  1.581e+01  1.276e+00  1.454e+01  0.000e+00 -8.090e-01  2.085e+00  8.646e+00  3.159e+00  2.733e+00  0.000e+00
 0.5295  3.42357e+01  2.009e+01  1.414e+01  1.254e+00  1.289e+01  0.000e+00 -8.016e-01  2.055e+00  6.657e+00  3.662e+00  2.572e+00  0.000e+00
 0.5310  3.42378e+01  1.806e+01  1.618e+01  1.239e+00  1.494e+01  0.000e+00 -7.953e-01  2.035e+00  7.553e+00  4.816e+00  2.573e+00  0.000e+00
 0.5325  3.42378e+01  1.819e+01  1.605e+01  1.244e+00  1.480e+01  0.000e+00 -7.936e-01  2.037e+00  5.958e+00  6.131e+00  2.715e+00  0.000e+00
 0.5340  3.42358e+01  2.049e+01  1.375e+01  1.264e+00  1.249e+01  0.000e+00 -7.962e-01  2.061e+00  2.508e+00  7.027e+00  2.951e+00  0.000e+00
 0.5355  3.42366e+01  1.948e+01  1.475e+01  1.289e+00  1.347e+01  0.000e+00 -7.993e-01  2.088e+00  3.261e+00  6.983e+00  3.221e+00  0.000e+00
 0.5370  3.42384e+01  1.747e+01  1.676e+01  1.302e+00  1.546e+01  0.000e+00 -7.981e-01  2.100e+00  6.052e+00  5.960e+00  3.450e+00  0.000e+00
 0.5385  3.42367e+01  1.911e+01  1.513e+01  1.295e+00  1.383e+01  0.000e+00 -7.910e-01  2.086e+00  5.628e+00  4.634e+00  3.573e+00  0.000e+00
 0.5400  3.42352e+01  1.969e+01  1.455e+01  1.277e+00  1.327e+01  0.000e+00 -7.809e-01  2.058e+00  5.831e+00  3.865e+00  3.576e+00  0.000e+00
 0.5415  3.42375e+01  1.538e+01  1.886e+01  1.261e+00  1.760e+01  0.000e+00 -7.730e-01  2.034e+00  1.012e+01  3.985e+00  3.495e+00  0.000e+00
 0.5430  3.42386e+01  1.265e+01  2.159e+01  1.261e+00  2.033e+01  0.000e+00 -7.716e-01  2.032e+00  1.229e+01  4.669e+00  3.369e+00  0.000e+00
 0.5445  3.42365e+01  1.481e+01  1.943e+01  1.277e+00  1.815e+01  0.000e+00 -7.774e-01  2.054e+00  9.709e+00  5.239e+00  3.205e+00  0.000e+00
 0.5460  3.42364e+01  1.613e+01  1.810e+01  1.299e+00  1.680e+01  0.000e+00 -7.871e-01  2.086e+00  8.725e+00  5.077e+00  3.000e+00  0.000e+00
 0.5475  3.42385e+01  1.630e+01  1.794e+01  1.312e+00  1.663e+01  0.000e+00 -7.957e-01  2.107e+00  9.799e+00  4.045e+00  2.783e+00  0.000e+00
 0.5490  3.42372e+01  2.068e+01  1.356e+01  1.303e+00  1.226e+01  0.000e+00 -7.994e-01  2.103e+00  6.946e+00  2.707e+00  2.605e+00  0.000e+00
 0.5505  3.42347e+01  2.544e+01  8.794e+00  1.279e+00  7.516e+00  0.000e+00 -7.991e-01  2.078e+00  3.076e+00  1.967e+00  2.473e+00  0.000e+00
 0.5520  3.42363e+01  2.348e+01  1.075e+01  1.252e+00  9.501e+00  0.000e+00 -7.993e-01  2.051e+00  4.855e+00  2.303e+00  2.342e+00  0.000e+00
 0.5535  3.42384e+01  1.945e+01  1.479e+01  1.238e+00  1.355e+01  0.000e+00 -8.049e-01  2.043e+00  7.880e+00  3.482e+00  2.192e+00  0.000e+00
 0.5550  3.42366e+01  1.957e+01  1.466e+01  1.243e+00  1.342e+01  0.000e+00 -8.174e-01  2.061e+00  6.475e+00  4.867e+00  2.077e+00  0.000e+00
 0.5565  3.42356e+01  1.906e+01  1.518e+01  1.260e+00  1.392e+01  0.000e+00 -8.342e-01  2.094e+00  6.001e+00  5.832e+00  2.087e+00  0.000e+00
 0.5580  3.42380e+01  1.504e+01  1.919e+01  1.272e+00  1.792e+01  0.000e+00 -8.491e-01  2.121e+00  9.619e+00  6.032e+00  2.271e+00  0.000e+00
 0.5595  3.42383e+01  1.428e+01  1.996e+01  1.266e+00  1.869e+01  0.000e+00 -8.568e-01  2.123e+00  1.055e+01  5.540e+00  2.600e+00  0.000e+00
 0.5610  3.42356e+01  1.737e+01  1.686e+01  1.243e+00  1.562e+01  0.000e+00 -8.566e-01  2.100e+00  7.820e+00  4.795e+00  3.006e+00  0.000e+00
 0.5625  3.42360e+01  1.667e+01  1.757e+01  1.215e+00  1.635e+01  0.000e+00 -8.527e-01  2.068e+00  8.637e+00  4.289e+00  3.425e+00  0.000e+00
 0.5640  3.42387e+01  1.354e+01  2.070e+01  1.199e+00  1.950e+01  0.000e+00 -8.509e-01  2.050e+00  1.157e+01  4.158e+00  3.771e+00  0.000e+00
 0.5655  3.42376e+01  1.556e+01  1.867e+01  1.204e+00  1.747e+01  0.000e+00 -8.545e-01  2.058e+00  9.395e+00  4.147e+00  3.929e+00  0.000e+00
 0.5670  3.42354e+01  1.982e+01  1.441e+01  1.223e+00  1.319e+01  0.000e+00 -8.619e-01  2.085e+00  5.407e+00  3.973e+00  3.811e+00  0.000e+00
 0.5685  3.42370e+01  2.007e+01  1.417e+01  1.245e+00  1.293e+01  0.000e+00 -8.681e-01  2.113e+00  5.824e+00  3.667e+00  3.435e+00  0.000e+00
 0.5700  3.42381e+01  2.027e+01  1.397e+01  1.251e+00  1.272e+01  0.000e+00 -8.678e-01  2.119e+00  6.278e+00  3.509e+00  2.930e+00  0.000e+00
 0.5715  3.42357e+01  2.339e+01  1.084e+01  1.239e+00  9.603e+00  0.000e+00 -8.600e-01  2.099e+00  3.483e+00  3.678e+00  2.442e+00  0.000e+00
 0.5730  3.42353e+01  2.294e+01  1.130e+01  1.218e+00  1.008e+01  0.000e+00 -8.490e-01  2.067e+00  3.895e+00  4.113e+00  2.070e+00  0.000e+00
 0.5745  3.42381e+01  1.793e+01  1.631e+01  1.204e+00  1.511e+01  0.000e+00 -8.411e-01  2.045e+00  8.569e+00  4.635e+00  1.903e+00  0.000e+00
 0.5760  3.42380e+01  1.626e+01  1.798e+01  1.207e+00  1.677e+01  0.000e+00 -8.403e-01  2.047e+00  9.736e+00  4.999e+00  2.034e+00  0.000e+00
 0.5775  3.42356e+01  1.788e+01  1.636e+01  1.225e+00  1.513e+01  0.000e+00 -8.465e-01  2.072e+00  7.671e+00  4.959e+00  2.501e+00  0.000e+00
 0.5790  3.42366e+01  1.609e+01  1.815e+01  1.246e+00  1.690e+01  0.000e+00 -8.553e-01  2.102e+00  9.236e+00  4.475e+00  3.190e+00  0.000e+00
 0.5805  3.42387e+01  1.356e+01  2.068e+01  1.254e+00  1.943e+01  0.000e+00 -8.617e-01  2.116e+00  1.172e+01  3.848e+00  3.856e+00  0.000e+00
 0.5820  3.42369e+01  1.585e+01  1.839e+01  1.240e+00  1.715e+01  0.000e+00 -8.629e-01  2.103e+00  9.376e+00  3.483e+00  4.290e+00  0.000e+00
 0.5835  3.42355e+01  1.817e+01  1.607e+01  1.212e+00  1.486e+01  0.000e+00 -8.612e-01  2.073e+00  6.934e+00  3.505e+00  4.419e+00  0.000e+00
 0.5850  3.42377e+01  1.655e+01  1.768e+01  1.185e+00  1.650e+01  0.000e+00 -8.618e-01  2.047e+00  8.484e+00  3.760e+00  4.255e+00  0.000e+00
 0.5865  3.42383e+01  1.723e+01  1.701e+01  1.174e+00  1.584e+01  0.000e+00 -8.690e-01  2.043e+00  7.905e+00  4.089e+00  3.841e+00  0.000e+00
 0.5880  3.42356e+01  2.179e+01  1.245e+01  1.180e+00  1.127e+01  0.000e+00 -8.835e-01  2.063e+00  3.474e+00  4.531e+00  3.262e+00  0.000e+00
 0.5895  3.42355e+01  2.248e+01  1.176e+01  1.194e+00  1.057e+01  0.000e+00 -9.015e-01  2.095e+00  2.622e+00  5.273e+00  2.670e+00  0.000e+00
 0.5910  3.42380e+01  1.886e+01  1.538e+01  1.199e+00  1.418e+01  0.000e+00 -9.172e-01  2.116e+00  5.571e+00  6.357e+00  2.251e+00  0.000e+00
 0.5925  3.42374e+01  1.794e+01  1.630e+01  1.185e+00  1.511e+01  0.000e+00 -9.260e-01  2.111e+00  5.581e+00  7.428e+00  2.102e+00  0.000e+00
 0.5940  3.42356e+01  1.826e+01  1.597e+01  1.155e+00  1.482e+01  0.000e+00 -9.287e-01  2.084e+00  4.762e+00  7.874e+00  2.180e+00  0.000e+00
 0.5955  3.42373e+01  1.497e+01  1.926e+01  1.125e+00  1.814e+01  0.000e+00 -9.301e-01  2.055e+00  8.438e+00  7.327e+00  2.373e+00  0.000e+00
 0.5970  3.42389e+01  1.306e+01  2.117e+01  1.110e+00  2.006e+01  0.000e+00 -9.352e-01  2.045e+00  1.150e+01  5.983e+00  2.583e+00  0.000e+00
 0.5985  3.42366e+01  1.688e+01  1.736e+01  1.115e+00  1.624e+01  0.000e+00 -9.455e-01  2.060e+00  9.062e+00  4.434e+00  2.749e+00  0.000e+00
 0.6000  3.42354e+01  1.981e+01  1.443e+01  1.133e+00  1.329e+01  0.000e+00 -9.583e-01  2.091e+00  7.211e+00  3.251e+00  2.831e+00  0.000e+00
 0.6015  3.42378e+01  1.850e+01  1.574e+01  1.149e+00  1.459e+01  0.000e+00 -9.677e-01  2.116e+00  9.057e+00  2.725e+00  2.810e+00  0.000e+00
 0.6030  3.42380e+01  1.931e+01  1.493e+01  1.148e+00  1.378e+01  0.000e+00 -9.690e-01  2.117e+00  8.221e+00  2.855e+00  2.708e+00  0.000e+00
 0.6045  3.42355e+01  2.269e+01  1.154e+01  1.131e+00  1.041e+01  0.000e+00 -9.623e-01  2.093e+00  4.373e+00  3.468e+00  2.572e+00  0.000e+00
 0.6060  3.42362e+01  2.196e+01  1.228e+01  1.109e+00  1.117e+01  0.000e+00 -9.528e-01  2.062e+00  4.435e+00  4.292e+00  2.443e+00  0.000e+00
 0.6075  3.42384e+01  1.900e+01  1.524e+01  1.100e+00  1.414e+01  0.000e+00 -9.465e-01  2.047e+00  6.791e+00  5.002e+00  2.350e+00  0.000e+00
 0.6090  3.42370e+01  2.000e+01  1.424e+01  1.110e+00  1.313e+01  0.000e+00 -9.466e-01  2.056e+00  5.464e+00  5.334e+00  2.332e+00  0.000e+00
 0.6105  3.42352e+01  2.101e+01  1.323e+01  1.133e+00  1.210e+01  0.000e+00 -9.519e-01  2.084e+00  4.463e+00  5.208e+00  2.426e+00  0.000e+00
 0.6120  3.42374e+01  1.715e+01  1.709e+01  1.155e+00  1.593e+01  0.000e+00 -9.577e-01  2.113e+00  8.558e+00  4.734e+00  2.641e+00  0.000e+00
 0.6135  3.42387e+01  1.444e+01  1.980e+01  1.162e+00  1.864e+01  0.000e+00 -9.594e-01  2.121e+00  1.161e+01  4.110e+00  2.922e+00  0.000e+00
 0.6150  3.42363e+01  1.666e+01  1.757e+01  1.149e+00  1.642e+01  0.000e+00 -9.562e-01  2.105e+00  9.671e+00  3.561e+00  3.192e+00  0.000e+00
 0.6165  3.42358e+01  1.730e+01  1.694e+01  1.125e+00  1.581e+01  0.000e+00 -9.518e-01  2.077e+00  9.111e+00  3.304e+00  3.397e+00  0.000e+00
 0.6180  3.42382e+01  1.475e+01  1.949e+01  1.106e+00  1.838e+01  0.000e+00 -9.517e-01  2.058e+00  1.145e+01  3.426e+00  3.507e+00  0.000e+00
 0.6195  3.42378e+01  1.567e+01  1.857e+01  1.102e+00  1.746e+01  0.000e+00 -9.594e-01  2.061e+00  1.015e+01  3.803e+00  3.511e+00  0.000e+00
 0.6210  3.42355e+01  1.913e+01  1.511e+01  1.111e+00  1.400e+01  0.000e+00 -9.744e-01  2.085e+00  6.393e+00  4.177e+00  3.430e+00  0.000e+00
 0.6225  3.42366e+01  1.863e+01  1.561e+01  1.121e+00  1.449e+01  0.000e+00 -9.925e-01  2.114e+00  6.819e+00  4.344e+00  3.325e+00  0.000e+00
 0.6240  3.42386e+01  1.728e+01  1.695e+01  1.118e+00  1.584e+01  0.000e+00 -1.008e+00  2.126e+00  8.271e+00  4.303e+00  3.261e+00  0.000e+00
 0.6255  3.42367e+01  2.045e+01  1.379e+01  1.096e+00  1.269e+01  0.000e+00 -1.017e+00  2.113e+00  5.193e+00  4.256e+00  3.244e+00  0.000e+00
 0.6270  3.42351e+01  2.268e+01  1.156e+01  1.060e+00  1.050e+01  0.000e+00 -1.022e+00  2.083e+00  2.877e+00  4.403e+00  3.215e+00  0.000e+00
 0.6285  3.42373e+01  1.944e+01  1.480e+01  1.028e+00  1.377e+01  0.000e+00 -1.029e+00  2.057e+00  5.891e+00  4.749e+00  3.127e+00  0.000e+00
 0.6300  3.42382e+01  1.695e+01  1.728e+01  1.011e+00  1.627e+01  0.000e+00 -1.041e+00  2.053e+00  8.177e+00  5.128e+00  2.969e+00  0.000e+00
 0.6315  3.42361e+01  1.793e+01  1.630e+01  1.013e+00  1.529e+01  0.000e+00 -1.059e+00  2.072e+00  7.203e+00  5.334e+00  2.753e+00  0.000e+00
 0.6330  3.42364e+01  1.657e+01  1.767e+01  1.023e+00  1.665e+01  0.000e+00 -1.079e+00  2.102e+00  8.988e+00  5.146e+00  2.511e+00  0.000e+00
 0.6345  3.42389e+01  1.390e+01  2.034e+01  1.026e+00  1.931e+01  0.000e+00 -1.094e+00  2.120e+00  1.262e+01  4.376e+00  2.317e+00  0.000e+00
 0.6360  3.42377e+01  1.673e+01  1.751e+01  1.012e+00  1.650e+01  0.000e+00 -1.100e+00  2.112e+00  1.109e+01  3.136e+00  2.274e+00  0.000e+00
 0.6375  3.42351e+01  2.156e+01  1.268e+01  9.846e-01  1.169e+01  0.000e+00 -1.098e+00  2.083e+00  7.277e+00  1.993e+00  2.424e+00  0.000e+00
 0.6390  3.42365e+01  2.109e+01  1.314e+01  9.581e-01  1.219e+01  0.000e+00 -1.095e+00  2.053e+00  7.821e+00  1.661e+00  2.703e+00  0.000e+00
 0.6405  3.42382e+01  1.935e+01  1.489e+01  9.475e-01  1.394e+01  0.000e+00 -1.096e+00  2.043e+00  8.443e+00  2.493e+00  3.006e+00  0.000e+00
 0.6420  3.42362e+01  2.115e+01  1.309e+01  9.570e-01  1.213e+01  0.000e+00 -1.103e+00  2.060e+00  4.665e+00  4.218e+00  3.251e+00  0.000e+00
 0.6435  3.42354e+01  2.080e+01  1.343e+01  9.782e-01  1.245e+01  0.000e+00 -1.113e+00  2.091e+00  2.990e+00  6.084e+00  3.381e+00  0.000e+00
 0.6450  3.42382e+01  1.627e+01  1.797e+01  9.948e-01  1.698e+01  0.000e+00 -1.121e+00  2.116e+00  6.387e+00  7.247e+00  3.342e+00  0.000e+00
 0.6465  3.42384e+01  1.542e+01  1.881e+01  9.923e-01  1.782e+01  0.000e+00 -1.123e+00  2.115e+00  7.456e+00  7.266e+00  3.099e+00  0.000e+00
 0.6480  3.42355e+01  1.895e+01  1.529e+01  9.700e-01  1.432e+01  0.000e+00 -1.118e+00  2.088e+00  5.260e+00  6.362e+00  2.696e+00  0.000e+00
 0.6495  3.42359e+01  1.875e+01  1.548e+01  9.411e-01  1.454e+01  0.000e+00 -1.113e+00  2.054e+00  7.152e+00  5.143e+00  2.247e+00  0.000e+00
 0.6510  3.42384e+01  1.596e+01  1.828e+01  9.222e-01  1.736e+01  0.000e+00 -1.113e+00  2.036e+00  1.134e+01  4.149e+00  1.869e+00  0.000e+00
 0.6525  3.42372e+01  1.758e+01  1.666e+01  9.217e-01  1.573e+01  0.000e+00 -1.122e+00  2.043e+00  1.041e+01  3.685e+00  1.643e+00  0.000e+00
 0.6540  3.42352e+01  2.014e+01  1.409e+01  9.358e-01  1.316e+01  0.000e+00 -1.137e+00  2.072e+00  7.675e+00  3.837e+00  1.647e+00  0.000e+00
 0.6555  3.42372e+01  1.797e+01  1.627e+01  9.506e-01  1.532e+01  0.000e+00 -1.153e+00  2.104e+00  8.952e+00  4.414e+00  1.955e+00  0.000e+00
 0.6570  3.42387e+01  1.660e+01  1.764e+01  9.506e-01  1.669e+01  0.000e+00 -1.166e+00  2.116e+00  9.154e+00  4.975e+00  2.557e+00  0.000e+00
 0.6585  3.42362e+01  2.005e+01  1.418e+01  9.301e-01  1.325e+01  0.000e+00 -1.173e+00  2.103e+00  4.825e+00  5.153e+00  3.275e+00  0.000e+00
 0.6600  3.42354e+01  2.144e+01  1.279e+01  8.983e-01  1.189e+01  0.000e+00 -1.177e+00  2.076e+00  3.066e+00  4.948e+00  3.879e+00  0.000e+00
 0.6615  3.42379e+01  1.858e+01  1.566e+01  8.716e-01  1.479e+01  0.000e+00 -1.185e+00  2.057e+00  5.953e+00  4.596e+00  4.238e+00  0.000e+00
 0.6630  3.42378e+01  1.843e+01  1.580e+01  8.611e-01  1.494e+01  0.000e+00 -1.199e+00  2.060e+00  6.310e+00  4.314e+00  4.320e+00  0.000e+00
 0.6645  3.42354e+01  2.068e+01  1.355e+01  8.665e-01  1.269e+01  0.000e+00 -1.220e+00  2.087e+00  4.317e+00  4.238e+00  4.131e+00  0.000e+00
 0.6660  3.42365e+01  1.872e+01  1.552e+01  8.768e-01  1.464e+01  0.000e+00 -1.243e+00  2.119e+00  6.508e+00  4.419e+00  3.716e+00  0.000e+00
 0.6675  3.42387e+01  1.546e+01  1.878e+01  8.766e-01  1.791e+01  0.000e+00 -1.260e+00  2.137e+00  9.988e+00  4.709e+00  3.209e+00  0.000e+00
 0.6690  3.42370e+01  1.692e+01  1.732e+01  8.575e-01  1.646e+01  0.000e+00 -1.270e+00  2.128e+00  8.845e+00  4.798e+00  2.817e+00  0.000e+00
 0.6705  3.42354e+01  1.848e+01  1.575e+01  8.256e-01  1.493e+01  0.000e+00 -1.274e+00  2.099e+00  7.765e+00  4.512e+00  2.650e+00  0.000e+00
 0.6720  3.42376e+01  1.592e+01  1.832e+01  7.960e-01  1.752e+01  0.000e+00 -1.277e+00  2.073e+00  1.090e+01  3.968e+00  2.652e+00  0.000e+00
 0.6735  3.42385e+01  1.555e+01  1.868e+01  7.811e-01  1.790e+01  0.000e+00 -1.286e+00  2.067e+00  1.176e+01  3.430e+00  2.715e+00  0.000e+00
 0.6750  3.42359e+01  1.970e+01  1.454e+01  7.826e-01  1.376e+01  0.000e+00 -1.302e+00  2.084e+00  7.823e+00  3.157e+00  2.776e+00  0.000e+00
 0.6765  3.42357e+01  2.099e+01  1.325e+01  7.916e-01  1.245e+01  0.000e+00 -1.320e+00  2.111e+00  6.315e+00  3.332e+00  2.807e+00  0.000e+00
 0.6780  3.42382e+01  1.876e+01  1.548e+01  7.928e-01  1.469e+01  0.000e+00 -1.334e+00  2.127e+00  7.903e+00  3.995e+00  2.788e+00  0.000e+00
 0.6795  3.42374e+01  1.974e+01  1.449e+01  7.753e-01  1.372e+01  0.000e+00 -1.342e+00  2.117e+00  6.057e+00  4.964e+00  2.697e+00  0.000e+00
 0.6810  3.42353e+01  2.200e+01  1.223e+01  7.414e-01  1.149e+01  0.000e+00 -1.344e+00  2.085e+00  3.051e+00  5.880e+00  2.559e+00  0.000e+00
 0.6825  3.42368e+01  1.951e+01  1.472e+01  7.047e-01  1.402e+01  0.000e+00 -1.346e+00  2.051e+00  5.250e+00  6.327e+00  2.441e+00  0.000e+00
 0.6840  3.42386e+01  1.660e+01  1.763e+01  6.791e-01  1.695e+01  0.000e+00 -1.354e+00  2.033e+00  8.600e+00  5.963e+00  2.391e+00  0.000e+00
 0.6855  3.42367e+01  1.854e+01  1.569e+01  6.703e-01  1.502e+01  0.000e+00 -1.369e+00  2.039e+00  7.841e+00  4.774e+00  2.408e+00  0.000e+00
 0.6870  3.42355e+01  1.985e+01  1.438e+01  6.726e-01  1.371e+01  0.000e+00 -1.388e+00  2.061e+00  7.995e+00  3.239e+00  2.476e+00  0.000e+00
 0.6885  3.42377e+01  1.716e+01  1.708e+01  6.721e-01  1.641e+01  0.000e+00 -1.406e+00  2.078e+00  1.171e+01  2.112e+00  2.583e+00  0.000e+00
 0.6900  3.42381e+01  1.667e+01  1.757e+01  6.559e-01  1.691e+01  0.000e+00 -1.419e+00  2.075e+00  1.230e+01  1.901e+00  2.713e+00  0.000e+00
 0.6915  3.42358e+01  1.939e+01  1.485e+01  6.228e-01  1.423e+01  0.000e+00 -1.426e+00  2.049e+00  8.878e+00  2.535e+00  2.813e+00  0.000e+00
 0.6930  3.42363e+01  1.896e+01  1.528e+01  5.850e-01  1.470e+01  0.000e+00 -1.433e+00  2.018e+00  8.358e+00  3.499e+00  2.839e+00  0.000e+00
 0.6945  3.42386e+01  1.711e+01  1.713e+01  5.584e-01  1.657e+01  0.000e+00 -1.444e+00  2.002e+00  9.496e+00  4.270e+00  2.805e+00  0.000e+00
 0.6960  3.42371e+01  2.000e+01  1.423e+01  5.517e-01  1.368e+01  0.000e+00 -1.462e+00  2.014e+00  6.289e+00  4.631e+00  2.763e+00  0.000e+00
 0.6975  3.42351e+01  2.344e+01  1.080e+01  5.609e-01  1.024e+01  0.000e+00 -1.486e+00  2.047e+00  2.792e+00  4.687e+00  2.756e+00  0.000e+00
 0.6990  3.42369e+01  2.149e+01  1.275e+01  5.720e-01  1.218e+01  0.000e+00 -1.509e+00  2.081e+00  4.689e+00  4.687e+00  2.802e+00  0.000e+00
 0.7005  3.42382e+01  1.905e+01  1.519e+01  5.698e-01  1.462e+01  0.000e+00 -1.527e+00  2.097e+00  6.879e+00  4.828e+00  2.909e+00  0.000e+00
 0.7020  3.42361e+01  1.981e+01  1.443e+01  5.497e-01  1.388e+01  0.000e+00 -1.539e+00  2.088e+00  5.691e+00  5.121e+00  3.066e+00  0.000e+00
 0.7035  3.42359e+01  1.812e+01  1.612e+01  5.210e-01  1.560e+01  0.000e+00 -1.547e+00  2.068e+00  7.026e+00  5.358e+00  3.215e+00  0.000e+00
 0.7050  3.42386e+01  1.381e+01  2.043e+01  4.990e-01  1.993e+01  0.000e+00 -1.558e+00  2.057e+00  1.131e+01  5.348e+00  3.272e+00  0.000e+00
 0.7065  3.42380e+01  1.443e+01  1.981e+01  4.928e-01  1.932e+01  0.000e+00 -1.576e+00  2.069e+00  1.096e+01  5.166e+00  3.190e+00  0.000e+00
 0.7080  3.42354e+01  1.845e+01  1.578e+01  5.003e-01  1.528e+01  0.000e+00 -1.600e+00  2.100e+00  7.218e+00  5.082e+00  2.984e+00  0.000e+00
 0.7095  3.42365e+01  1.826e+01  1.598e+01  5.097e-01  1.547e+01  0.000e+00 -1.624e+00  2.134e+00  7.527e+00  5.224e+00  2.716e+00  0.000e+00
 0.7110  3.42386e+01  1.676e+01  1.748e+01  5.061e-01  1.697e+01  0.000e+00 -1.643e+00  2.149e+00  9.065e+00  5.440e+00  2.465e+00  0.000e+00
 0.7125  3.42367e+01  1.984e+01  1.440e+01  4.822e-01  1.392e+01  0.000e+00 -1.654e+00  2.136e+00  6.059e+00  5.551e+00  2.305e+00  0.000e+00
 0.7140  3.42352e+01  2.237e+01  1.186e+01  4.450e-01  1.142e+01  0.000e+00 -1.660e+00  2.105e+00  3.580e+00  5.535e+00  2.302e+00  0.000e+00
 0.7155  3.42375e+01  2.014e+01  1.410e+01  4.100e-01  1.369e+01  0.000e+00 -1.667e+00  2.077e+00  5.756e+00  5.449e+00  2.487e+00  0.000e+00
 0.7170  3.42381e+01  1.949e+01  1.475e+01  3.891e-01  1.436e+01  0.000e+00 -1.679e+00  2.068e+00  6.208e+00  5.321e+00  2.827e+00  0.000e+00
 0.7185  3.42354e+01  2.209e+01  1.215e+01  3.843e-01  1.176e+01  0.000e+00 -1.696e+00  2.080e+00  3.397e+00  5.146e+00  3.220e+00  0.000e+00
 0.7200  3.42357e+01  2.043e+01  1.381e+01  3.865e-01  1.342e+01  0.000e+00 -1.712e+00  2.099e+00  4.986e+00  4.902e+00  3.534e+00  0.000e+00
 0.7215  3.42387e+01  1.540e+01  1.884e+01  3.810e-01  1.846e+01  0.000e+00 -1.724e+00  2.105e+00  1.026e+01  4.535e+00  3.668e+00  0.000e+00
 0.7230  3.42379e+01  1.541e+01  1.883e+01  3.581e-01  1.847e+01  0.000e+00 -1.727e+00  2.085e+00  1.090e+01  4.000e+00  3.573e+00  0.000e+00
 0.7245  3.42355e+01  1.852e+01  1.572e+01  3.220e-01  1.540e+01  0.000e+00 -1.723e+00  2.045e+00  8.793e+00  3.350e+00  3.253e+00  0.000e+00
 0.7260  3.42369e+01  1.803e+01  1.621e+01  2.876e-01  1.592e+01  0.000e+00 -1.718e+00  2.005e+00  1.043e+01  2.735e+00  2.760e+00  0.000e+00
 0.7275  3.42384e+01  1.784e+01  1.640e+01  2.686e-01  1.613e+01  0.000e+00 -1.718e+00  1.986e+00  1.153e+01  2.397e+00  2.208e+00  0.000e+00
 0.7290  3.42360e+01  2.197e+01  1.226e+01  2.683e-01  1.200e+01  0.000e+00 -1.728e+00  1.996e+00  7.623e+00  2.628e+00  1.746e+00  0.000e+00
 0.7305  3.42350e+01  2.341e+01  1.082e+01  2.780e-01  1.054e+01  0.000e+00 -1.747e+00  2.025e+00  5.475e+00  3.559e+00  1.509e+00  0.000e+00
 0.7320  3.42379e+01  1.937e+01  1.487e+01  2.831e-01  1.459e+01  0.000e+00 -1.770e+00  2.053e+00  8.143e+00  4.883e+00  1.562e+00  0.000e+00
 0.7335  3.42384e+01  1.810e+01  1.613e+01  2.720e-01  1.586e+01  0.000e+00 -1.789e+00  2.061e+00  8.041e+00  5.941e+00  1.879e+00  0.000e+00
 0.7350  3.42356e+01  2.109e+01  1.314e+01  2.444e-01  1.290e+01  0.000e+00 -1.802e+00  2.046e+00  4.295e+00  6.233e+00  2.371e+00  0.000e+00
 0.7365  3.42360e+01  2.071e+01  1.353e+01  2.116e-01  1.331e+01  0.000e+00 -1.813e+00  2.024e+00  4.607e+00  5.790e+00  2.918e+00  0.000e+00
 0.7380  3.42384e+01  1.799e+01  1.625e+01  1.879e-01  1.606e+01  0.000e+00 -1.827e+00  2.015e+00  7.651e+00  5.013e+00  3.393e+00  0.000e+00
 0.7395  3.42370e+01  1.933e+01  1.490e+01  1.805e-01  1.472e+01  0.000e+00 -1.847e+00  2.027e+00  6.750e+00  4.274e+00  3.699e+00  0.000e+00
 0.7410  3.42351e+01  2.071e+01  1.353e+01  1.864e-01  1.334e+01  0.000e+00 -1.870e+00  2.057e+00  5.795e+00  3.749e+00  3.795e+00  0.000e+00
 0.7425  3.42374e+01  1.688e+01  1.735e+01  1.950e-01  1.716e+01  0.000e+00 -1.890e+00  2.085e+00  9.943e+00  3.496e+00  3.720e+00  0.000e+00
 0.7440  3.42389e+01  1.434e+01  1.990e+01  1.963e-01  1.970e+01  0.000e+00 -1.896e+00  2.092e+00  1.262e+01  3.519e+00  3.562e+00  0.000e+00
 0.7455  3.42364e+01  1.743e+01  1.681e+01  1.918e-01  1.662e+01  0.000e+00 -1.881e+00  2.073e+00  9.482e+00  3.740e+00  3.398e+00  0.000e+00
 0.7470  3.42357e+01  1.916e+01  1.508e+01  1.991e-01  1.488e+01  0.000e+00 -1.841e+00  2.040e+00  7.589e+00  4.020e+00  3.268e+00  0.000e+00
 0.7485  3.42381e+01  1.753e+01  1.671e+01  2.423e-01  1.646e+01  0.000e+00 -1.774e+00  2.017e+00  9.012e+00  4.263e+00  3.188e+00  0.000e+00
 0.7500  3.42377e+01  1.932e+01  1.492e+01  3.335e-01  1.458e+01  0.000e+00 -1.683e+00  2.016e+00  6.987e+00  4.450e+00  3.145e+00  0.000e+00
 0.7515  3.42351e+01  2.318e+01  1.106e+01  4.596e-01  1.060e+01  0.000e+00 -1.578e+00  2.038e+00  2.912e+00  4.593e+00  3.094e+00  0.000e+00
 0.7530  3.42364e+01  2.193e+01  1.231e+01  5.882e-01  1.172e+01  0.000e+00 -1.475e+00  2.064e+00  4.064e+00  4.664e+00  2.990e+00  0.000e+00
 0.7545  3.42386e+01  1.899e+01  1.524e+01  6.939e-01  1.455e+01  0.000e+00 -1.379e+00  2.073e+00  7.125e+00  4.586e+00  2.839e+00  0.000e+00
 0.7560  3.42366e+01  2.041e+01  1.383e+01  7.787e-01  1.305e+01  0.000e+00 -1.277e+00  2.056e+00  6.021e+00  4.311e+00  2.716e+00  0.000e+00
 0.7575  3.42351e+01  2.087e+01  1.336e+01  8.650e-01  1.250e+01  0.000e+00 -1.156e+00  2.021e+00  5.949e+00  3.876e+00  2.673e+00  0.000e+00
 0.7590  3.42378e+01  1.650e+01  1.774e+01  9.657e-01  1.677e+01  0.000e+00 -1.026e+00  1.992e+00  1.069e+01  3.396e+00  2.687e+00  0.000e+00
 0.7605  3.42386e+01  1.472e+01  1.952e+01  1.058e+00  1.846e+01  0.000e+00 -9.256e-01  1.984e+00  1.271e+01  3.031e+00  2.722e+00  0.000e+00
 0.7620  3.42358e+01  1.784e+01  1.639e+01  1.095e+00  1.530e+01  0.000e+00 -9.063e-01  2.002e+00  9.530e+00  2.974e+00  2.793e+00  0.000e+00
 0.7635  3.42358e+01  1.808e+01  1.616e+01  1.050e+00  1.511e+01  0.000e+00 -9.813e-01  2.031e+00  8.746e+00  3.424e+00  2.939e+00  0.000e+00
 0.7650  3.42385e+01  1.544e+01  1.880e+01  9.423e-01  1.786e+01  0.000e+00 -1.109e+00  2.051e+00  1.028e+01  4.424e+00  3.155e+00  0.000e+00
 0.7665  3.42374e+01  1.714e+01  1.709e+01  8.144e-01  1.628e+01  0.000e+00 -1.233e+00  2.048e+00  7.236e+00  5.683e+00  3.361e+00  0.000e+00
 0.7680  3.42351e+01  2.029e+01  1.395e+01  6.972e-01  1.325e+01  0.000e+00 -1.327e+00  2.025e+00  3.117e+00  6.649e+00  3.484e+00  0.000e+00
 0.7695  3.42369e+01  1.843e+01  1.581e+01  6.072e-01  1.520e+01  0.000e+00 -1.394e+00  2.001e+00  4.801e+00  6.889e+00  3.513e+00  0.000e+00
 0.7710  3.42387e+01  1.673e+01  1.751e+01  5.493e-01  1.696e+01  0.000e+00 -1.448e+00  1.997e+00  7.107e+00  6.387e+00  3.464e+00  0.000e+00
 0.7725  3.42363e+01  2.025e+01  1.398e+01  5.198e-01  1.346e+01  0.000e+00 -1.500e+00  2.020e+00  4.633e+00  5.469e+00  3.362e+00  0.000e+00
 0.7740  3.42351e+01  2.217e+01  1.207e+01  5.104e-01  1.156e+01  0.000e+00 -1.547e+00  2.058e+00  3.764e+00  4.529e+00  3.264e+00  0.000e+00
 0.7755  3.42376e+01  1.899e+01  1.525e+01  5.140e-01  1.474e+01  0.000e+00 -1.576e+00  2.090e+00  7.599e+00  3.869e+00  3.268e+00  0.000e+00
 0.7770  3.42378e+01  1.753e+01  1.671e+01  5.314e-01  1.618e+01  0.000e+00 -1.566e+00  2.098e+00  9.076e+00  3.662e+00  3.439e+00  0.000e+00
 0.7785  3.42355e+01  1.838e+01  1.586e+01  5.783e-01  1.528e+01  0.000e+00 -1.500e+00  2.078e+00  7.660e+00  3.908e+00  3.710e+00  0.000e+00
 0.7800  3.42367e+01  1.535e+01  1.889e+01  6.833e-01  1.820e+01  0.000e+00 -1.365e+00  2.048e+00  9.887e+00  4.389e+00  3.929e+00  0.000e+00
 0.7815  3.42391e+01  1.194e+01  2.230e+01  8.727e-01  2.143e+01  0.000e+00 -1.155e+00  2.028e+00  1.270e+01  4.725e+00  3.996e+00  0.000e+00
 0.7830  3.42373e+01  1.511e+01  1.913e+01  1.148e+00  1.798e+01  0.000e+00 -8.799e-01  2.028e+00  9.463e+00  4.617e+00  3.904e+00  0.000e+00
 0.7845  3.42351e+01  1.960e+01  1.464e+01  1.481e+00  1.316e+01  0.000e+00 -5.647e-01  2.045e+00  5.319e+00  4.154e+00  3.683e+00  0.000e+00
 0.7860  3.42370e+01  1.901e+01  1.523e+01  1.831e+00  1.339e+01  0.000e+00 -2.302e-01  2.061e+00  6.219e+00  3.808e+00  3.368e+00  0.000e+00
 0.7875  3.42380e+01  1.845e+01  1.578e+01  2.190e+00  1.359e+01  0.000e+00  1.330e-01  2.057e+00  6.560e+00  4.009e+00  3.025e+00  0.000e+00
 0.7890  3.42356e+01  2.064e+01  1.360e+01  2.584e+00  1.101e+01  0.000e+00  5.542e-01  2.030e+00  3.510e+00  4.723e+00  2.780e+00  0.000e+00
 0.7905  3.42356e+01  1.890e+01  1.533e+01  3.022e+00  1.231e+01  0.000e+00  1.028e+00  1.994e+00  4.072e+00  5.494e+00  2.744e+00  0.000e+00
 0.7920  3.42385e+01  1.370e+01  2.054e+01  3.423e+00  1.711e+01  0.000e+00  1.451e+00  1.972e+00  8.339e+00  5.835e+00  2.941e+00  0.000e+00
 0.7935  3.42379e+01  1.340e+01  2.084e+01  3.611e+00  1.723e+01  0.000e+00  1.633e+00  1.978e+00  8.367e+00  5.527e+00  3.335e+00  0.000e+00
 0.7950  3.42352e+01  1.621e+01  1.802e+01  3.466e+00  1.456e+01  0.000e+00  1.458e+00  2.008e+00  5.917e+00  4.742e+00  3.900e+00  0.000e+00
 0.7965  3.42365e+01  1.450e+01  1.974e+01  3.068e+00  1.667e+01  0.000e+00  1.026e+00  2.042e+00  8.143e+00  3.929e+00  4.601e+00  0.000e+00
 0.7980  3.42386e+01  1.170e+01  2.254e+01  2.613e+00  1.993e+01  0.000e+00  5.541e-01  2.059e+00  1.112e+01  3.493e+00  5.318e+00  0.000e+00
 0.7995  3.42368e+01  1.363e+01  2.060e+01  2.237e+00  1.837e+01  0.000e+00  1.887e-01  2.048e+00  8.998e+00  3.546e+00  5.824e+00  0.000e+00
 0.8010  3.42356e+01  1.529e+01  1.895e+01  1.977e+00  1.697e+01  0.000e+00 -4.252e-02  2.019e+00  7.092e+00  3.943e+00  5.938e+00  0.000e+00
 0.8025  3.42379e+01  1.346e+01  2.078e+01  1.814e+00  1.897e+01  0.000e+00 -1.796e-01  1.993e+00  8.839e+00  4.485e+00  5.645e+00  0.000e+00
 0.8040  3.42382e+01  1.471e+01  1.952e+01  1.706e+00  1.782e+01  0.000e+00 -2.800e-01  1.986e+00  7.764e+00  5.007e+00  5.047e+00  0.000e+00
 0.8055  3.42355e+01  1.973e+01  1.451e+01  1.616e+00  1.289e+01  0.000e+00 -3.835e-01  1.999e+00  3.167e+00  5.430e+00  4.292e+00  0.000e+00
 0.8070  3.42357e+01  2.060e+01  1.364e+01  1.532e+00  1.211e+01  0.000e+00 -4.903e-01  2.022e+00  2.786e+00  5.749e+00  3.571e+00  0.000e+00
 0.8085  3.42381e+01  1.777e+01  1.647e+01  1.467e+00  1.500e+01  0.000e+00 -5.676e-01  2.035e+00  5.981e+00  5.881e+00  3.142e+00  0.000e+00
 0.8100  3.42372e+01  1.789e+01  1.635e+01  1.445e+00  1.491e+01  0.000e+00 -5.796e-01  2.025e+00  6.127e+00  5.577e+00  3.201e+00  0.000e+00
 0.8115  3.42355e+01  1.847e+01  1.577e+01  1.483e+00  1.428e+01  0.000e+00 -5.149e-01  1.998e+00  5.930e+00  4.668e+00  3.686e+00  0.000e+00
 0.8130  3.42374e+01  1.513e+01  1.911e+01  1.570e+00  1.754e+01  0.000e+00 -4.039e-01  1.973e+00  9.813e+00  3.398e+00  4.327e+00  0.000e+00
 0.8145  3.42385e+01  1.332e+01  2.092e+01  1.649e+00  1.927e+01  0.000e+00 -3.228e-01  1.972e+00  1.208e+01  2.306e+00  4.879e+00  0.000e+00
 0.8160  3.42361e+01  1.620e+01  1.803e+01  1.642e+00  1.639e+01  0.000e+00 -3.563e-01  1.999e+00  9.295e+00  1.875e+00  5.221e+00  0.000e+00
 0.8175  3.42356e+01  1.691e+01  1.733e+01  1.522e+00  1.581e+01  0.000e+00 -5.181e-01  2.041e+00  8.092e+00  2.398e+00  5.317e+00  0.000e+00
 0.8190  3.42381e+01  1.378e+01  2.046e+01  1.344e+00  1.912e+01  0.000e+00 -7.307e-01  2.074e+00  1.006e+01  3.875e+00  5.178e+00  0.000e+00
 0.8205  3.42380e+01  1.383e+01  2.040e+01  1.177e+00  1.923e+01  0.000e+00 -9.050e-01  2.082e+00  8.553e+00  5.817e+00  4.858e+00  0.000e+00
 0.8220  3.42357e+01  1.684e+01  1.739e+01  1.060e+00  1.633e+01  0.000e+00 -1.004e+00  2.065e+00  4.521e+00  7.347e+00  4.467e+00  0.000e+00
 0.8235  3.42367e+01  1.673e+01  1.750e+01  9.983e-01  1.651e+01  0.000e+00 -1.041e+00  2.039e+00  4.658e+00  7.737e+00  4.111e+00  0.000e+00
 0.8250  3.42385e+01  1.620e+01  1.804e+01  9.786e-01  1.706e+01  0.000e+00 -1.046e+00  2.025e+00  6.389e+00  6.832e+00  3.843e+00  0.000e+00
 0.8265  3.42366e+01  2.001e+01  1.422e+01  9.820e-01  1.324e+01  0.000e+00 -1.049e+00  2.032e+00  4.491e+00  5.070e+00  3.682e+00  0.000e+00
 0.8280  3.42351e+01  2.284e+01  1.139e+01  9.918e-01  1.040e+01  0.000e+00 -1.059e+00  2.051e+00  3.443e+00  3.304e+00  3.655e+00  0.000e+00
 0.8295  3.42372e+01  2.025e+01  1.399e+01  9.995e-01  1.299e+01  0.000e+00 -1.066e+00  2.066e+00  6.796e+00  2.414e+00  3.780e+00  0.000e+00
 0.8310  3.42380e+01  1.781e+01  1.643e+01  1.008e+00  1.542e+01  0.000e+00 -1.051e+00  2.059e+00  8.670e+00  2.734e+00  4.014e+00  0.000e+00
 0.8325  3.42362e+01  1.808e+01  1.615e+01  1.034e+00  1.512e+01  0.000e+00 -9.955e-01  2.029e+00  7.073e+00  3.810e+00  4.236e+00  0.000e+00
 0.8340  3.42364e+01  1.616e+01  1.808e+01  1.100e+00  1.698e+01  0.000e+00 -8.883e-01  1.988e+00  7.749e+00  4.891e+00  4.338e+00  0.000e+00
 0.8355  3.42385e+01  1.304e+01  2.119e+01  1.220e+00  1.997e+01  0.000e+00 -7.372e-01  1.957e+00  1.019e+01  5.485e+00  4.295e+00  0.000e+00
 0.8370  3.42376e+01  1.448e+01  1.975e+01  1.364e+00  1.839e+01  0.000e+00 -5.839e-01  1.948e+00  8.840e+00  5.425e+00  4.126e+00  0.000e+00
 0.8385  3.42358e+01  1.795e+01  1.628e+01  1.461e+00  1.482e+01  0.000e+00 -4.973e-01  1.958e+00  6.148e+00  4.821e+00  3.852e+00  0.000e+00
 0.8400  3.42371e+01  1.831e+01  1.592e+01  1.456e+00  1.447e+01  0.000e+00 -5.176e-01  1.974e+00  6.859e+00  4.085e+00  3.522e+00  0.000e+00
 0.8415  3.42380e+01  1.874e+01  1.550e+01  1.364e+00  1.413e+01  0.000e+00 -6.109e-01  1.975e+00  7.155e+00  3.729e+00  3.250e+00  0.000e+00
 0.8430  3.42361e+01  2.172e+01  1.252e+01  1.244e+00  1.128e+01  0.000e+00 -7.097e-01  1.954e+00  4.188e+00  3.945e+00  3.143e+00  0.000e+00
 0.8445  3.42357e+01  2.203e+01  1.220e+01  1.139e+00  1.107e+01  0.000e+00 -7.820e-01  1.921e+00  3.390e+00  4.494e+00  3.182e+00  0.000e+00
 0.8460  3.42378e+01  1.873e+01  1.551e+01  1.044e+00  1.447e+01  0.000e+00 -8.531e-01  1.897e+00  6.246e+00  4.968e+00  3.254e+00  0.000e+00
 0.8475  3.42377e+01  1.787e+01  1.637e+01  9.206e-01  1.545e+01  0.000e+00 -9.766e-01  1.897e+00  7.157e+00  5.029e+00  3.266e+00  0.000e+00
 0.8490  3.42359e+01  1.927e+01  1.496e+01  7.480e-01  1.422e+01  0.000e+00 -1.175e+00  1.923e+00  6.469e+00  4.559e+00  3.188e+00  0.000e+00
 0.8505  3.42368e+01  1.784e+01  1.640e+01  5.494e-01  1.585e+01  0.000e+00 -1.410e+00  1.959e+00  9.005e+00  3.812e+00  3.035e+00  0.000e+00
 0.8520  3.42384e+01  1.597e+01  1.827e+01  3.657e-01  1.790e+01  0.000e+00 -1.617e+00  1.983e+00  1.170e+01  3.359e+00  2.841e+00  0.000e+00
 0.8535  3.42368e+01  1.793e+01  1.631e+01  2.182e-01  1.609e+01  0.000e+00 -1.765e+00  1.983e+00  9.694e+00  3.720e+00  2.674e+00  0.000e+00
 0.8550  3.42356e+01  1.943e+01  1.480e+01  1.105e-01  1.469e+01  0.000e+00 -1.858e+00  1.969e+00  7.153e+00  4.920e+00  2.620e+00  0.000e+00
 0.8565  3.42376e+01  1.725e+01  1.698e+01  4.316e-02  1.694e+01  0.000e+00 -1.916e+00  1.959e+00  7.853e+00  6.368e+00  2.719e+00  0.000e+00
 0.8580  3.42383e+01  1.695e+01  1.729e+01  1.586e-02  1.727e+01  0.000e+00 -1.956e+00  1.972e+00  7.185e+00  7.161e+00  2.929e+00  0.000e+00
 0.8595  3.42363e+01  2.061e+01  1.363e+01  2.165e-02  1.361e+01  0.000e+00 -1.986e+00  2.007e+00  3.730e+00  6.714e+00  3.163e+00  0.000e+00
 0.8610  3.42361e+01  2.244e+01  1.179e+01  4.514e-02  1.175e+01  0.000e+00 -2.005e+00  2.050e+00  3.148e+00  5.250e+00  3.350e+00  0.000e+00
 0.8625  3.42377e+01  2.169e+01  1.254e+01  6.729e-02  1.248e+01  0.000e+00 -2.012e+00  2.079e+00  5.398e+00  3.630e+00  3.449e+00  0.000e+00
 0.8640  3.42369e+01  2.283e+01  1.141e+01  7.547e-02  1.133e+01  0.000e+00 -2.005e+00  2.081e+00  5.216e+00  2.690e+00  3.424e+00  0.000e+00
 0.8655  3.42353e+01  2.350e+01  1.073e+01  7.083e-02  1.066e+01  0.000e+00 -1.989e+00  2.060e+00  4.701e+00  2.700e+00  3.260e+00  0.000e+00
 0.8670  3.42369e+01  1.946e+01  1.477e+01  6.479e-02  1.471e+01  0.000e+00 -1.971e+00  2.035e+00  8.346e+00  3.358e+00  3.004e+00  0.000e+00
 0.8685  3.42386e+01  1.552e+01  1.872e+01  6.837e-02  1.865e+01  0.000e+00 -1.956e+00  2.024e+00  1.176e+01  4.123e+00  2.768e+00  0.000e+00
 0.8700  3.42370e+01  1.650e+01  1.774e+01  8.389e-02  1.766e+01  0.000e+00 -1.947e+00  2.031e+00  1.046e+01  4.530e+00  2.669e+00  0.000e+00
 0.8715  3.42361e+01  1.806e+01  1.617e+01  1.036e-01  1.607e+01  0.000e+00 -1.944e+00  2.048e+00  8.904e+00  4.387e+00  2.777e+00  0.000e+00
 0.8730  3.42377e+01  1.750e+01  1.674e+01  1.146e-01  1.663e+01  0.000e+00 -1.942e+00  2.057e+00  9.651e+00  3.880e+00  3.096e+00  0.000e+00
 0.8745  3.42375e+01  1.893e+01  1.531e+01  1.074e-01  1.520e+01  0.000e+00 -1.936e+00  2.044e+00  8.146e+00  3.491e+00  3.563e+00  0.000e+00
 0.8760  3.42355e+01  2.158e+01  1.265e+01  8.413e-02  1.257e+01  0.000e+00 -1.925e+00  2.009e+00  4.888e+00  3.635e+00  4.046e+00  0.000e+00
 0.8775  3.42364e+01  2.003e+01  1.420e+01  5.707e-02  1.415e+01  0.000e+00 -1.912e+00  1.969e+00  5.488e+00  4.294e+00  4.365e+00  0.000e+00
 0.8790  3.42385e+01  1.705e+01  1.719e+01  4.057e-02  1.715e+01  0.000e+00 -1.905e+00  1.946e+00  7.720e+00  5.057e+00  4.373e+00  0.000e+00
 0.8805  3.42372e+01  1.863e+01  1.561e+01  4.240e-02  1.557e+01  0.000e+00 -1.908e+00  1.951e+00  6.069e+00  5.467e+00  4.033e+00  0.000e+00
 0.8820  3.42356e+01  2.130e+01  1.293e+01  6.013e-02  1.287e+01  0.000e+00 -1.918e+00  1.979e+00  4.089e+00  5.341e+00  3.443e+00  0.000e+00
 0.8835  3.42371e+01  2.025e+01  1.398e+01  8.240e-02  1.390e+01  0.000e+00 -1.927e+00  2.010e+00  6.296e+00  4.815e+00  2.790e+00  0.000e+00
 0.8850  3.42379e+01  1.941e+01  1.482e+01  9.578e-02  1.473e+01  0.000e+00 -1.927e+00  2.022e+00  8.249e+00  4.192e+00  2.285e+00  0.000e+00
 0.8865  3.42359e+01  2.099e+01  1.325e+01  9.565e-02  1.315e+01  0.000e+00 -1.915e+00  2.011e+00  7.275e+00  3.790e+00  2.088e+00  0.000e+00
 0.8880  3.42359e+01  1.974e+01  1.450e+01  9.086e-02  1.441e+01  0.000e+00 -1.898e+00  1.988e+00  8.358e+00  3.793e+00  2.259e+00  0.000e+00
 0.8895  3.42383e+01  1.584e+01  1.840e+01  9.614e-02  1.830e+01  0.000e+00 -1.881e+00  1.977e+00  1.140e+01  4.151e+00  2.754e+00  0.000e+00
 0.8910  3.42379e+01  1.597e+01  1.827e+01  1.204e-01  1.815e+01  0.000e+00 -1.869e+00  1.990e+00  1.009e+01  4.619e+00  3.438e+00  0.000e+00
 0.8925  3.42357e+01  1.899e+01  1.525e+01  1.604e-01  1.509e+01  0.000e+00 -1.862e+00  2.022e+00  6.044e+00  4.935e+00  4.108e+00  0.000e+00
 0.8940  3.42366e+01  1.875e+01  1.548e+01  2.018e-01  1.528e+01  0.000e+00 -1.854e+00  2.055e+00  5.736e+00  4.982e+00  4.562e+00  0.000e+00
 0.8955  3.42382e+01  1.763e+01  1.661e+01  2.284e-01  1.638e+01  0.000e+00 -1.839e+00  2.068e+00  6.855e+00  4.848e+00  4.676e+00  0.000e+00
 0.8970  3.42367e+01  2.003e+01  1.420e+01  2.338e-01  1.397e+01  0.000e+00 -1.817e+00  2.051e+00  4.837e+00  4.695e+00  4.437e+00  0.000e+00
 0.8985  3.42356e+01  2.165e+01  1.258e+01  2.267e-01  1.236e+01  0.000e+00 -1.790e+00  2.017e+00  3.886e+00  4.561e+00  3.911e+00  0.000e+00
 0.9000  3.42376e+01  1.963e+01  1.461e+01  2.233e-01  1.439e+01  0.000e+00 -1.766e+00  1.989e+00  6.888e+00  4.292e+00  3.207e+00  0.000e+00
 0.9015  3.42380e+01  1.967e+01  1.457e+01  2.360e-01  1.433e+01  0.000e+00 -1.747e+00  1.983e+00  8.116e+00  3.738e+00  2.479e+00  0.000e+00
 0.9030  3.42357e+01  2.284e+01  1.140e+01  2.661e-01  1.113e+01  0.000e+00 -1.735e+00  2.001e+00  6.171e+00  3.025e+00  1.933e+00  0.000e+00
 0.9045  3.42357e+01  2.241e+01  1.183e+01  3.036e-01  1.153e+01  0.000e+00 -1.726e+00  2.030e+00  7.224e+00  2.568e+00  1.735e+00  0.000e+00
 0.9060  3.42380e+01  1.850e+01  1.574e+01  3.328e-01  1.541e+01  0.000e+00 -1.715e+00  2.048e+00  1.075e+01  2.751e+00  1.909e+00  0.000e+00
 0.9075  3.42374e+01  1.741e+01  1.683e+01  3.441e-01  1.649e+01  0.000e+00 -1.698e+00  2.042e+00  1.056e+01  3.603e+00  2.326e+00  0.000e+00
 0.9090  3.42358e+01  1.769e+01  1.654e+01  3.407e-01  1.620e+01  0.000e+00 -1.679e+00  2.019e+00  8.590e+00  4.803e+00  2.809e+00  0.000e+00
 0.9105  3.42374e+01  1.514e+01  1.910e+01  3.359e-01  1.876e+01  0.000e+00 -1.661e+00  1.997e+00  9.599e+00  5.931e+00  3.235e+00  0.000e+00
 0.9120  3.42386e+01  1.417e+01  2.007e+01  3.429e-01  1.973e+01  0.000e+00 -1.651e+00  1.994e+00  9.544e+00  6.662e+00  3.521e+00  0.000e+00
 0.9135  3.42365e+01  1.832e+01  1.592e+01  3.653e-01  1.555e+01  0.000e+00 -1.648e+00  2.013e+00  5.166e+00  6.769e+00  3.615e+00  0.000e+00
 0.9150  3.42356e+01  2.158e+01  1.265e+01  3.953e-01  1.226e+01  0.000e+00 -1.649e+00  2.044e+00  2.588e+00  6.135e+00  3.534e+00  0.000e+00
 0.9165  3.42375e+01  2.100e+01  1.324e+01  4.178e-01  1.282e+01  0.000e+00 -1.649e+00  2.067e+00  4.502e+00  4.916e+00  3.406e+00  0.000e+00
 0.9180  3.42375e+01  2.175e+01  1.249e+01  4.211e-01  1.207e+01  0.000e+00 -1.644e+00  2.065e+00  5.041e+00  3.630e+00  3.400e+00  0.000e+00
 0.9195  3.42354e+01  2.353e+01  1.070e+01  4.067e-01  1.030e+01  0.000e+00 -1.632e+00  2.039e+00  3.861e+00  2.866e+00  3.570e+00  0.000e+00
 0.9210  3.42363e+01  2.072e+01  1.352e+01  3.887e-01  1.313e+01  0.000e+00 -1.620e+00  2.009e+00  6.467e+00  2.840e+00  3.821e+00  0.000e+00
 0.9225  3.42385e+01  1.619e+01  1.805e+01  3.835e-01  1.767e+01  0.000e+00 -1.611e+00  1.995e+00  1.029e+01  3.345e+00  4.035e+00  0.000e+00
 0.9240  3.42372e+01  1.606e+01  1.817e+01  3.991e-01  1.778e+01  0.000e+00 -1.609e+00  2.008e+00  9.592e+00  4.053e+00  4.131e+00  0.000e+00
 0.9255  3.42358e+01  1.689e+01  1.735e+01  4.303e-01  1.692e+01  0.000e+00 -1.609e+00  2.040e+00  8.135e+00  4.743e+00  4.041e+00  0.000e+00
 0.9270  3.42378e+01  1.483e+01  1.941e+01  4.617e-01  1.895e+01  0.000e+00 -1.607e+00  2.069e+00  9.949e+00  5.272e+00  3.726e+00  0.000e+00
 0.9285  3.42385e+01  1.534e+01  1.890e+01  4.780e-01  1.842e+01  0.000e+00 -1.597e+00  2.075e+00  9.656e+00  5.519e+00  3.247e+00  0.000e+00
 0.9300  3.42359e+01  2.028e+01  1.395e+01  4.759e-01  1.348e+01  0.000e+00 -1.579e+00  2.055e+00  5.238e+00  5.450e+00  2.791e+00  0.000e+00
 0.9315  3.42355e+01  2.230e+01  1.193e+01  4.666e-01  1.146e+01  0.000e+00 -1.558e+00  2.024e+00  3.849e+00  5.094e+00  2.521e+00  0.000e+00
 0.9330  3.42379e+01  2.039e+01  1.385e+01  4.657e-01  1.338e+01  0.000e+00 -1.539e+00  2.005e+00  6.412e+00  4.497e+00  2.474e+00  0.000e+00
 0.9345  3.42374e+01  2.129e+01  1.295e+01  4.821e-01  1.247e+01  0.000e+00 -1.528e+00  2.010e+00  6.080e+00  3.773e+00  2.613e+00  0.000e+00
 0.9360  3.42352e+01  2.351e+01  1.073e+01  5.129e-01  1.021e+01  0.000e+00 -1.521e+00  2.034e+00  4.150e+00  3.149e+00  2.914e+00  0.000e+00
 0.9375  3.42365e+01  2.079e+01  1.345e+01  5.446e-01  1.291e+01  0.000e+00 -1.516e+00  2.060e+00  6.691e+00  2.860e+00  3.355e+00  0.000e+00
 0.9390  3.42386e+01  1.694e+01  1.730e+01  5.616e-01  1.673e+01  0.000e+00 -1.506e+00  2.067e+00  9.891e+00  3.007e+00  3.836e+00  0.000e+00
 0.9405  3.42368e+01  1.761e+01  1.663e+01  5.577e-01  1.607e+01  0.000e+00 -1.490e+00  2.047e+00  8.353e+00  3.562e+00  4.158e+00  0.000e+00
 0.9420  3.42355e+01  1.785e+01  1.639e+01  5.413e-01  1.585e+01  0.000e+00 -1.471e+00  2.013e+00  7.309e+00  4.372e+00  4.166e+00  0.000e+00
 0.9435  3.42378e+01  1.424e+01  2.000e+01  5.288e-01  1.947e+01  0.000e+00 -1.456e+00  1.985e+00  1.046e+01  5.145e+00  3.867e+00  0.000e+00
 0.9450  3.42385e+01  1.342e+01  2.082e+01  5.330e-01  2.029e+01  0.000e+00 -1.447e+00  1.981e+00  1.133e+01  5.600e+00  3.360e+00  0.000e+00
 0.9465  3.42361e+01  1.742e+01  1.682e+01  5.554e-01  1.626e+01  0.000e+00 -1.446e+00  2.001e+00  7.860e+00  5.624e+00  2.781e+00  0.000e+00
 0.9480  3.42362e+01  1.949e+01  1.475e+01  5.854e-01  1.416e+01  0.000e+00 -1.448e+00  2.033e+00  6.601e+00  5.243e+00  2.316e+00  0.000e+00
 0.9495  3.42382e+01  1.945e+01  1.479e+01  6.065e-01  1.418e+01  0.000e+00 -1.448e+00  2.054e+00  7.459e+00  4.516e+00  2.204e+00  0.000e+00
 0.9510  3.42369e+01  2.258e+01  1.166e+01  6.086e-01  1.105e+01  0.000e+00 -1.442e+00  2.051e+00  4.871e+00  3.601e+00  2.575e+00  0.000e+00
 0.9525  3.42349e+01  2.530e+01  8.934e+00  5.961e-01  8.338e+00  0.000e+00 -1.433e+00  2.029e+00  2.193e+00  2.879e+00  3.266e+00  0.000e+00
 0.9540  3.42367e+01  2.213e+01  1.211e+01  5.839e-01  1.152e+01  0.000e+00 -1.425e+00  2.008e+00  4.822e+00  2.753e+00  3.947e+00  0.000e+00
 0.9555  3.42384e+01  1.829e+01  1.594e+01  5.854e-01  1.536e+01  0.000e+00 -1.422e+00  2.007e+00  7.728e+00  3.260e+00  4.371e+00  0.000e+00
 0.9570  3.42365e+01  1.851e+01  1.573e+01  6.037e-01  1.512e+01  0.000e+00 -1.426e+00  2.029e+00  6.740e+00  3.957e+00  4.426e+00  0.000e+00
 0.9585  3.42360e+01  1.768e+01  1.656e+01  6.299e-01  1.593e+01  0.000e+00 -1.432e+00  2.062e+00  7.547e+00  4.283e+00  4.100e+00  0.000e+00
 0.9600  3.42384e+01  1.452e+01  1.972e+01  6.476e-01  1.907e+01  0.000e+00 -1.434e+00  2.082e+00  1.155e+01  4.045e+00  3.479e+00  0.000e+00
 0.9615  3.42380e+01  1.557e+01  1.867e+01  6.450e-01  1.802e+01  0.000e+00 -1.428e+00  2.073e+00  1.168e+01  3.572e+00  2.773e+00  0.000e+00
 0.9630  3.42353e+01  1.969e+01  1.455e+01  6.254e-01  1.392e+01  0.000e+00 -1.414e+00  2.040e+00  8.292e+00  3.382e+00  2.248e+00  0.000e+00
 0.9645  3.42362e+01  1.949e+01  1.474e+01  6.050e-01  1.414e+01  0.000e+00 -1.398e+00  2.003e+00  8.351e+00  3.731e+00  2.054e+00  0.000e+00
 0.9660  3.42383e+01  1.743e+01  1.680e+01  6.011e-01  1.620e+01  0.000e+00 -1.386e+00  1.987e+00  9.511e+00  4.498e+00  2.193e+00  0.000e+00
 0.9675  3.42367e+01  1.954e+01  1.470e+01  6.206e-01  1.408e+01  0.000e+00 -1.379e+00  2.000e+00  6.121e+00  5.359e+00  2.599e+00  0.000e+00
 0.9690  3.42352e+01  2.129e+01  1.295e+01  6.565e-01  1.229e+01  0.000e+00 -1.376e+00  2.033e+00  3.133e+00  5.957e+00  3.199e+00  0.000e+00
 0.9705  3.42375e+01  1.832e+01  1.592e+01  6.914e-01  1.522e+01  0.000e+00 -1.371e+00  2.063e+00  5.337e+00  6.007e+00  3.880e+00  0.000e+00
 0.9720  3.42384e+01  1.695e+01  1.729e+01  7.093e-01  1.658e+01  0.000e+00 -1.360e+00  2.069e+00  6.693e+00  5.435e+00  4.452e+00  0.000e+00
 0.9735  3.42359e+01  1.982e+01  1.441e+01  7.073e-01  1.371e+01  0.000e+00 -1.342e+00  2.049e+00  4.519e+00  4.463e+00  4.725e+00  0.000e+00
 0.9750  3.42357e+01  1.980e+01  1.444e+01  6.977e-01  1.374e+01  0.000e+00 -1.323e+00  2.020e+00  5.607e+00  3.482e+00  4.649e+00  0.000e+00
 0.9765  3.42382e+01  1.634e+01  1.790e+01  6.966e-01  1.721e+01  0.000e+00 -1.308e+00  2.004e+00  1.004e+01  2.867e+00  4.295e+00  0.000e+00
 0.9780  3.42376e+01  1.660e+01  1.764e+01  7.123e-01  1.692e+01  0.000e+00 -1.301e+00  2.013e+00  1.031e+01  2.864e+00  3.750e+00  0.000e+00
 0.9795  3.42354e+01  1.900e+01  1.523e+01  7.411e-01  1.449e+01  0.000e+00 -1.301e+00  2.042e+00  7.878e+00  3.505e+00  3.110e+00  0.000e+00
 0.9810  3.42369e+01  1.732e+01  1.692e+01  7.689e-01  1.615e+01  0.000e+00 -1.305e+00  2.074e+00  9.078e+00  4.531e+00  2.538e+00  0.000e+00
 0.9825  3.42387e+01  1.556e+01  1.868e+01  7.801e-01  1.790e+01  0.000e+00 -1.305e+00  2.086e+00  1.016e+01  5.492e+00  2.250e+00  0.000e+00
 0.9840  3.42366e+01  1.864e+01  1.560e+01  7.685e-01  1.483e+01  0.000e+00 -1.302e+00  2.070e+00  6.527e+00  5.986e+00  2.318e+00  0.000e+00
 0.9855  3.42355e+01  2.085e+01  1.339e+01  7.428e-01  1.265e+01  0.000e+00 -1.296e+00  2.038e+00  4.248e+00  5.810e+00  2.588e+00  0.000e+00
 0.9870  3.42378e+01  1.918e+01  1.505e+01  7.191e-01  1.434e+01  0.000e+00 -1.293e+00  2.012e+00  6.443e+00  5.031e+00  2.862e+00  0.000e+00
 0.9885  3.42379e+01  2.018e+01  1.406e+01  7.102e-01  1.335e+01  0.000e+00 -1.298e+00  2.008e+00  6.327e+00  3.967e+00  3.056e+00  0.000e+00
 0.9900  3.42352e+01  2.393e+01  1.030e+01  7.180e-01  9.585e+00  0.000e+00 -1.310e+00  2.028e+00  3.412e+00  3.006e+00  3.167e+00  0.000e+00
 0.9915  3.42359e+01  2.289e+01  1.134e+01  7.328e-01  1.061e+01  0.000e+00 -1.323e+00  2.056e+00  4.969e+00  2.435e+00  3.205e+00  0.000e+00
 0.9930  3.42384e+01  1.886e+01  1.538e+01  7.385e-01  1.464e+01  0.000e+00 -1.333e+00  2.071e+00  9.020e+00  2.437e+00  3.186e+00  0.000e+00
 0.9945  3.42370e+01  1.879e+01  1.545e+01  7.254e-01  1.472e+01  0.000e+00 -1.334e+00  2.059e+00  8.431e+00  3.101e+00  3.188e+00  0.000e+00
 0.9960  3.42352e+01  1.902e+01  1.522e+01  6.989e-01  1.452e+01  0.000e+00 -1.328e+00  2.027e+00  6.944e+00  4.273e+00  3.301e+00  0.000e+00
 0.9975  3.42375e+01  1.465e+01  1.958e+01  6.755e-01  1.891e+01  0.000e+00 -1.322e+00  1.997e+00  9.887e+00  5.511e+00  3.509e+00  0.000e+00
 0.9990  3.42389e+01  1.232e+01  2.192e+01  6.701e-01  2.125e+01  0.000e+00 -1.318e+00  1.989e+00  1.123e+01  6.317e+00  3.705e+00  0.000e+00
