#
# INPUTFILE /home/tmpchem/coding/compchem/input/md/ethane.md
#
# -- INPUT DATA --
#
# MOLFILE /home/tmpchem/coding/compchem/geom/prm/ethane.prm
# ENERGYOUT /home/tmpchem/coding/compchem/data/md/ethane.dat
# GEOMOUT /home/tmpchem/coding/compchem/data/md/ethane.xyz
# RANDOMSEED 3435445132
# TEMPERATURE 298.150000 K
# BOUNDARY 10.000000 A
# BOUNDARYSPRING 250.000000 kcal/(mol*A^2)
# BOUNDARYTYPE sphere
# STATUSTIME 5.000000 s
# ENERGYTIME 0.001000 ps
# GEOMTIME 0.001000 ps
# TOTALTIME 0.500000 ps
# TIMESTEP 0.000100 ps
# EQTIME 0.000000 ps
# EQRATE 2.000000 ps
#
# -- ENERGY DATA --
#
# energy terms [kcal/mol]
#  time      e_total      e_kin      e_pot  e_nonbond   e_bonded e_boundary      e_vdw     e_elst     e_bond    e_angle     e_tors      e_oop
 0.0000  7.39152e+00  7.110e+00  2.817e-01  0.000e+00  2.817e-01  0.000e+00  0.000e+00  0.000e+00  9.474e-02  1.870e-01  2.337e-09  0.000e+00
 0.0010  7.39164e+00  6.960e+00  4.317e-01  0.000e+00  4.317e-01  0.000e+00  0.000e+00  0.000e+00  2.352e-01  1.928e-01  3.705e-03  0.000e+00
 0.0020  7.39193e+00  6.103e+00  1.288e+00  0.000e+00  1.288e+00  0.000e+00  0.000e+00  0.000e+00  4.541e-01  8.219e-01  1.247e-02  0.000e+00
 0.0030  7.39215e+00  5.000e+00  2.392e+00  0.000e+00  2.392e+00  0.000e+00  0.000e+00  0.000e+00  4.810e-01  1.887e+00  2.414e-02  0.000e+00
 0.0040  7.39220e+00  3.978e+00  3.414e+00  0.000e+00  3.414e+00  0.000e+00  0.000e+00  0.000e+00  2.746e-01  3.103e+00  3.604e-02  0.000e+00
 0.0050  7.39222e+00  3.139e+00  4.253e+00  0.000e+00  4.253e+00  0.000e+00  0.000e+00  0.000e+00  6.215e-02  4.145e+00  4.575e-02  0.000e+00
 0.0060  7.39233e+00  2.526e+00  4.866e+00  0.000e+00  4.866e+00  0.000e+00  0.000e+00  0.000e+00  6.967e-02  4.745e+00  5.175e-02  0.000e+00
 0.0070  7.39249e+00  2.309e+00  5.083e+00  0.000e+00  5.083e+00  0.000e+00  0.000e+00  0.000e+00  2.638e-01  4.765e+00  5.387e-02  0.000e+00
 0.0080  7.39249e+00  2.709e+00  4.683e+00  0.000e+00  4.683e+00  0.000e+00  0.000e+00  0.000e+00  4.021e-01  4.228e+00  5.327e-02  0.000e+00
 0.0090  7.39223e+00  3.713e+00  3.679e+00  0.000e+00  3.679e+00  0.000e+00  0.000e+00  0.000e+00  3.276e-01  3.299e+00  5.212e-02  0.000e+00
 0.0100  7.39187e+00  4.936e+00  2.456e+00  0.000e+00  2.456e+00  0.000e+00  0.000e+00  0.000e+00  1.627e-01  2.241e+00  5.303e-02  0.000e+00
 0.0110  7.39165e+00  5.828e+00  1.564e+00  0.000e+00  1.564e+00  0.000e+00  0.000e+00  0.000e+00  1.739e-01  1.332e+00  5.822e-02  0.000e+00
 0.0120  7.39172e+00  6.064e+00  1.328e+00  0.000e+00  1.328e+00  0.000e+00  0.000e+00  0.000e+00  4.649e-01  7.940e-01  6.885e-02  0.000e+00
 0.0130  7.39194e+00  5.731e+00  1.660e+00  0.000e+00  1.660e+00  0.000e+00  0.000e+00  0.000e+00  8.464e-01  7.296e-01  8.450e-02  0.000e+00
 0.0140  7.39210e+00  5.154e+00  2.238e+00  0.000e+00  2.238e+00  0.000e+00  0.000e+00  0.000e+00  1.032e+00  1.103e+00  1.032e-01  0.000e+00
 0.0150  7.39212e+00  4.576e+00  2.816e+00  0.000e+00  2.816e+00  0.000e+00  0.000e+00  0.000e+00  9.368e-01  1.757e+00  1.222e-01  0.000e+00
 0.0160  7.39211e+00  4.038e+00  3.354e+00  0.000e+00  3.354e+00  0.000e+00  0.000e+00  0.000e+00  7.487e-01  2.467e+00  1.386e-01  0.000e+00
 0.0170  7.39221e+00  3.546e+00  3.846e+00  0.000e+00  3.846e+00  0.000e+00  0.000e+00  0.000e+00  6.959e-01  3.000e+00  1.502e-01  0.000e+00
 0.0180  7.39239e+00  3.263e+00  4.130e+00  0.000e+00  4.130e+00  0.000e+00  0.000e+00  0.000e+00  7.842e-01  3.189e+00  1.563e-01  0.000e+00
 0.0190  7.39246e+00  3.456e+00  3.936e+00  0.000e+00  3.936e+00  0.000e+00  0.000e+00  0.000e+00  7.991e-01  2.980e+00  1.577e-01  0.000e+00
 0.0200  7.39227e+00  4.215e+00  3.177e+00  0.000e+00  3.177e+00  0.000e+00  0.000e+00  0.000e+00  5.740e-01  2.447e+00  1.562e-01  0.000e+00
 0.0210  7.39191e+00  5.247e+00  2.145e+00  0.000e+00  2.145e+00  0.000e+00  0.000e+00  0.000e+00  2.231e-01  1.767e+00  1.544e-01  0.000e+00
 0.0220  7.39164e+00  6.012e+00  1.379e+00  0.000e+00  1.379e+00  0.000e+00  0.000e+00  0.000e+00  6.822e-02  1.156e+00  1.546e-01  0.000e+00
 0.0230  7.39166e+00  6.117e+00  1.275e+00  0.000e+00  1.275e+00  0.000e+00  0.000e+00  0.000e+00  3.243e-01  7.923e-01  1.583e-01  0.000e+00
 0.0240  7.39188e+00  5.579e+00  1.813e+00  0.000e+00  1.813e+00  0.000e+00  0.000e+00  0.000e+00  8.803e-01  7.666e-01  1.659e-01  0.000e+00
 0.0250  7.39209e+00  4.736e+00  2.656e+00  0.000e+00  2.656e+00  0.000e+00  0.000e+00  0.000e+00  1.412e+00  1.067e+00  1.764e-01  0.000e+00
 0.0260  7.39215e+00  3.913e+00  3.479e+00  0.000e+00  3.479e+00  0.000e+00  0.000e+00  0.000e+00  1.701e+00  1.589e+00  1.883e-01  0.000e+00
 0.0270  7.39214e+00  3.220e+00  4.172e+00  0.000e+00  4.172e+00  0.000e+00  0.000e+00  0.000e+00  1.803e+00  2.170e+00  1.997e-01  0.000e+00
 0.0280  7.39222e+00  2.664e+00  4.728e+00  0.000e+00  4.728e+00  0.000e+00  0.000e+00  0.000e+00  1.897e+00  2.623e+00  2.085e-01  0.000e+00
 0.0290  7.39240e+00  2.374e+00  5.018e+00  0.000e+00  5.018e+00  0.000e+00  0.000e+00  0.000e+00  2.014e+00  2.792e+00  2.129e-01  0.000e+00
 0.0300  7.39250e+00  2.610e+00  4.783e+00  0.000e+00  4.783e+00  0.000e+00  0.000e+00  0.000e+00  1.971e+00  2.600e+00  2.120e-01  0.000e+00
 0.0310  7.39234e+00  3.504e+00  3.888e+00  0.000e+00  3.888e+00  0.000e+00  0.000e+00  0.000e+00  1.596e+00  2.087e+00  2.055e-01  0.000e+00
 0.0320  7.39197e+00  4.809e+00  2.583e+00  0.000e+00  2.583e+00  0.000e+00  0.000e+00  0.000e+00  9.780e-01  1.411e+00  1.941e-01  0.000e+00
 0.0330  7.39164e+00  5.967e+00  1.424e+00  0.000e+00  1.424e+00  0.000e+00  0.000e+00  0.000e+00  4.451e-01  7.993e-01  1.798e-01  0.000e+00
 0.0340  7.39157e+00  6.481e+00  9.102e-01  0.000e+00  9.102e-01  0.000e+00  0.000e+00  0.000e+00  2.774e-01  4.677e-01  1.652e-01  0.000e+00
 0.0350  7.39177e+00  6.253e+00  1.139e+00  0.000e+00  1.139e+00  0.000e+00  0.000e+00  0.000e+00  4.570e-01  5.292e-01  1.527e-01  0.000e+00
 0.0360  7.39202e+00  5.577e+00  1.815e+00  0.000e+00  1.815e+00  0.000e+00  0.000e+00  0.000e+00  7.162e-01  9.549e-01  1.441e-01  0.000e+00
 0.0370  7.39214e+00  4.835e+00  2.557e+00  0.000e+00  2.557e+00  0.000e+00  0.000e+00  0.000e+00  8.241e-01  1.593e+00  1.398e-01  0.000e+00
 0.0380  7.39212e+00  4.217e+00  3.175e+00  0.000e+00  3.175e+00  0.000e+00  0.000e+00  0.000e+00  8.048e-01  2.232e+00  1.389e-01  0.000e+00
 0.0390  7.39212e+00  3.716e+00  3.676e+00  0.000e+00  3.676e+00  0.000e+00  0.000e+00  0.000e+00  8.610e-01  2.675e+00  1.395e-01  0.000e+00
 0.0400  7.39223e+00  3.346e+00  4.046e+00  0.000e+00  4.046e+00  0.000e+00  0.000e+00  0.000e+00  1.100e+00  2.807e+00  1.392e-01  0.000e+00
 0.0410  7.39235e+00  3.261e+00  4.132e+00  0.000e+00  4.132e+00  0.000e+00  0.000e+00  0.000e+00  1.372e+00  2.623e+00  1.360e-01  0.000e+00
 0.0420  7.39231e+00  3.624e+00  3.768e+00  0.000e+00  3.768e+00  0.000e+00  0.000e+00  0.000e+00  1.409e+00  2.231e+00  1.284e-01  0.000e+00
 0.0430  7.39206e+00  4.358e+00  3.034e+00  0.000e+00  3.034e+00  0.000e+00  0.000e+00  0.000e+00  1.118e+00  1.800e+00  1.164e-01  0.000e+00
 0.0440  7.39178e+00  5.090e+00  2.302e+00  0.000e+00  2.302e+00  0.000e+00  0.000e+00  0.000e+00  7.096e-01  1.491e+00  1.008e-01  0.000e+00
 0.0450  7.39170e+00  5.409e+00  1.983e+00  0.000e+00  1.983e+00  0.000e+00  0.000e+00  0.000e+00  4.973e-01  1.402e+00  8.325e-02  0.000e+00
 0.0460  7.39187e+00  5.200e+00  2.192e+00  0.000e+00  2.192e+00  0.000e+00  0.000e+00  0.000e+00  5.793e-01  1.547e+00  6.559e-02  0.000e+00
 0.0470  7.39209e+00  4.713e+00  2.679e+00  0.000e+00  2.679e+00  0.000e+00  0.000e+00  0.000e+00  7.551e-01  1.875e+00  4.956e-02  0.000e+00
 0.0480  7.39217e+00  4.290e+00  3.103e+00  0.000e+00  3.103e+00  0.000e+00  0.000e+00  0.000e+00  7.642e-01  2.302e+00  3.653e-02  0.000e+00
 0.0490  7.39208e+00  4.056e+00  3.336e+00  0.000e+00  3.336e+00  0.000e+00  0.000e+00  0.000e+00  5.744e-01  2.734e+00  2.737e-02  0.000e+00
 0.0500  7.39201e+00  3.897e+00  3.495e+00  0.000e+00  3.495e+00  0.000e+00  0.000e+00  0.000e+00  3.968e-01  3.076e+00  2.220e-02  0.000e+00
 0.0510  7.39209e+00  3.713e+00  3.679e+00  0.000e+00  3.679e+00  0.000e+00  0.000e+00  0.000e+00  4.239e-01  3.235e+00  2.039e-02  0.000e+00
 0.0520  7.39228e+00  3.632e+00  3.760e+00  0.000e+00  3.760e+00  0.000e+00  0.000e+00  0.000e+00  6.032e-01  3.136e+00  2.067e-02  0.000e+00
 0.0530  7.39234e+00  3.912e+00  3.481e+00  0.000e+00  3.481e+00  0.000e+00  0.000e+00  0.000e+00  7.014e-01  2.758e+00  2.142e-02  0.000e+00
 0.0540  7.39217e+00  4.634e+00  2.758e+00  0.000e+00  2.758e+00  0.000e+00  0.000e+00  0.000e+00  5.739e-01  2.163e+00  2.122e-02  0.000e+00
 0.0550  7.39186e+00  5.528e+00  1.864e+00  0.000e+00  1.864e+00  0.000e+00  0.000e+00  0.000e+00  3.291e-01  1.516e+00  1.941e-02  0.000e+00
 0.0560  7.39165e+00  6.130e+00  1.262e+00  0.000e+00  1.262e+00  0.000e+00  0.000e+00  0.000e+00  2.113e-01  1.034e+00  1.638e-02  0.000e+00
 0.0570  7.39169e+00  6.137e+00  1.255e+00  0.000e+00  1.255e+00  0.000e+00  0.000e+00  0.000e+00  3.412e-01  9.002e-01  1.332e-02  0.000e+00
 0.0580  7.39190e+00  5.616e+00  1.776e+00  0.000e+00  1.776e+00  0.000e+00  0.000e+00  0.000e+00  5.925e-01  1.172e+00  1.160e-02  0.000e+00
 0.0590  7.39210e+00  4.898e+00  2.494e+00  0.000e+00  2.494e+00  0.000e+00  0.000e+00  0.000e+00  7.230e-01  1.759e+00  1.221e-02  0.000e+00
 0.0600  7.39214e+00  4.285e+00  3.107e+00  0.000e+00  3.107e+00  0.000e+00  0.000e+00  0.000e+00  6.172e-01  2.474e+00  1.545e-02  0.000e+00
 0.0610  7.39209e+00  3.862e+00  3.530e+00  0.000e+00  3.530e+00  0.000e+00  0.000e+00  0.000e+00  3.972e-01  3.111e+00  2.109e-02  0.000e+00
 0.0620  7.39207e+00  3.564e+00  3.828e+00  0.000e+00  3.828e+00  0.000e+00  0.000e+00  0.000e+00  2.955e-01  3.504e+00  2.853e-02  0.000e+00
 0.0630  7.39215e+00  3.367e+00  4.026e+00  0.000e+00  4.026e+00  0.000e+00  0.000e+00  0.000e+00  4.243e-01  3.564e+00  3.700e-02  0.000e+00
 0.0640  7.39223e+00  3.376e+00  4.016e+00  0.000e+00  4.016e+00  0.000e+00  0.000e+00  0.000e+00  6.750e-01  3.295e+00  4.574e-02  0.000e+00
 0.0650  7.39219e+00  3.700e+00  3.693e+00  0.000e+00  3.693e+00  0.000e+00  0.000e+00  0.000e+00  8.519e-01  2.787e+00  5.410e-02  0.000e+00
 0.0660  7.39201e+00  4.261e+00  3.131e+00  0.000e+00  3.131e+00  0.000e+00  0.000e+00  0.000e+00  8.898e-01  2.179e+00  6.166e-02  0.000e+00
 0.0670  7.39184e+00  4.792e+00  2.600e+00  0.000e+00  2.600e+00  0.000e+00  0.000e+00  0.000e+00  9.183e-01  1.613e+00  6.834e-02  0.000e+00
 0.0680  7.39182e+00  5.038e+00  2.354e+00  0.000e+00  2.354e+00  0.000e+00  0.000e+00  0.000e+00  1.097e+00  1.183e+00  7.443e-02  0.000e+00
 0.0690  7.39195e+00  4.973e+00  2.419e+00  0.000e+00  2.419e+00  0.000e+00  0.000e+00  0.000e+00  1.410e+00  9.279e-01  8.057e-02  0.000e+00
 0.0700  7.39209e+00  4.801e+00  2.591e+00  0.000e+00  2.591e+00  0.000e+00  0.000e+00  0.000e+00  1.658e+00  8.452e-01  8.751e-02  0.000e+00
 0.0710  7.39211e+00  4.736e+00  2.657e+00  0.000e+00  2.657e+00  0.000e+00  0.000e+00  0.000e+00  1.650e+00  9.103e-01  9.584e-02  0.000e+00
 0.0720  7.39201e+00  4.808e+00  2.584e+00  0.000e+00  2.584e+00  0.000e+00  0.000e+00  0.000e+00  1.390e+00  1.088e+00  1.057e-01  0.000e+00
 0.0730  7.39193e+00  4.892e+00  2.500e+00  0.000e+00  2.500e+00  0.000e+00  0.000e+00  0.000e+00  1.050e+00  1.333e+00  1.168e-01  0.000e+00
 0.0740  7.39195e+00  4.870e+00  2.522e+00  0.000e+00  2.522e+00  0.000e+00  0.000e+00  0.000e+00  7.993e-01  1.595e+00  1.282e-01  0.000e+00
 0.0750  7.39201e+00  4.750e+00  2.642e+00  0.000e+00  2.642e+00  0.000e+00  0.000e+00  0.000e+00  6.823e-01  1.821e+00  1.389e-01  0.000e+00
 0.0760  7.39203e+00  4.614e+00  2.778e+00  0.000e+00  2.778e+00  0.000e+00  0.000e+00  0.000e+00  6.582e-01  1.972e+00  1.478e-01  0.000e+00
 0.0770  7.39200e+00  4.495e+00  2.897e+00  0.000e+00  2.897e+00  0.000e+00  0.000e+00  0.000e+00  7.066e-01  2.035e+00  1.547e-01  0.000e+00
 0.0780  7.39196e+00  4.342e+00  3.050e+00  0.000e+00  3.050e+00  0.000e+00  0.000e+00  0.000e+00  8.607e-01  2.029e+00  1.597e-01  0.000e+00
 0.0790  7.39198e+00  4.101e+00  3.291e+00  0.000e+00  3.291e+00  0.000e+00  0.000e+00  0.000e+00  1.144e+00  1.984e+00  1.635e-01  0.000e+00
 0.0800  7.39206e+00  3.805e+00  3.587e+00  0.000e+00  3.587e+00  0.000e+00  0.000e+00  0.000e+00  1.509e+00  1.910e+00  1.668e-01  0.000e+00
 0.0810  7.39214e+00  3.579e+00  3.813e+00  0.000e+00  3.813e+00  0.000e+00  0.000e+00  0.000e+00  1.847e+00  1.796e+00  1.700e-01  0.000e+00
 0.0820  7.39216e+00  3.545e+00  3.847e+00  0.000e+00  3.847e+00  0.000e+00  0.000e+00  0.000e+00  2.053e+00  1.621e+00  1.735e-01  0.000e+00
 0.0830  7.39212e+00  3.743e+00  3.649e+00  0.000e+00  3.649e+00  0.000e+00  0.000e+00  0.000e+00  2.077e+00  1.395e+00  1.769e-01  0.000e+00
 0.0840  7.39204e+00  4.111e+00  3.281e+00  0.000e+00  3.281e+00  0.000e+00  0.000e+00  0.000e+00  1.932e+00  1.169e+00  1.798e-01  0.000e+00
 0.0850  7.39197e+00  4.534e+00  2.858e+00  0.000e+00  2.858e+00  0.000e+00  0.000e+00  0.000e+00  1.661e+00  1.015e+00  1.816e-01  0.000e+00
 0.0860  7.39193e+00  4.898e+00  2.494e+00  0.000e+00  2.494e+00  0.000e+00  0.000e+00  0.000e+00  1.319e+00  9.932e-01  1.818e-01  0.000e+00
 0.0870  7.39190e+00  5.122e+00  2.270e+00  0.000e+00  2.270e+00  0.000e+00  0.000e+00  0.000e+00  9.675e-01  1.122e+00  1.799e-01  0.000e+00
 0.0880  7.39190e+00  5.156e+00  2.236e+00  0.000e+00  2.236e+00  0.000e+00  0.000e+00  0.000e+00  6.898e-01  1.371e+00  1.756e-01  0.000e+00
 0.0890  7.39194e+00  4.995e+00  2.397e+00  0.000e+00  2.397e+00  0.000e+00  0.000e+00  0.000e+00  5.610e-01  1.667e+00  1.687e-01  0.000e+00
 0.0900  7.39203e+00  4.709e+00  2.683e+00  0.000e+00  2.683e+00  0.000e+00  0.000e+00  0.000e+00  6.027e-01  1.921e+00  1.593e-01  0.000e+00
 0.0910  7.39210e+00  4.428e+00  2.964e+00  0.000e+00  2.964e+00  0.000e+00  0.000e+00  0.000e+00  7.630e-01  2.053e+00  1.483e-01  0.000e+00
 0.0920  7.39211e+00  4.267e+00  3.125e+00  0.000e+00  3.125e+00  0.000e+00  0.000e+00  0.000e+00  9.598e-01  2.028e+00  1.369e-01  0.000e+00
 0.0930  7.39206e+00  4.250e+00  3.142e+00  0.000e+00  3.142e+00  0.000e+00  0.000e+00  0.000e+00  1.149e+00  1.866e+00  1.265e-01  0.000e+00
 0.0940  7.39201e+00  4.309e+00  3.083e+00  0.000e+00  3.083e+00  0.000e+00  0.000e+00  0.000e+00  1.334e+00  1.631e+00  1.187e-01  0.000e+00
 0.0950  7.39202e+00  4.379e+00  3.013e+00  0.000e+00  3.013e+00  0.000e+00  0.000e+00  0.000e+00  1.494e+00  1.405e+00  1.140e-01  0.000e+00
 0.0960  7.39205e+00  4.470e+00  2.922e+00  0.000e+00  2.922e+00  0.000e+00  0.000e+00  0.000e+00  1.542e+00  1.267e+00  1.121e-01  0.000e+00
 0.0970  7.39202e+00  4.618e+00  2.774e+00  0.000e+00  2.774e+00  0.000e+00  0.000e+00  0.000e+00  1.387e+00  1.275e+00  1.117e-01  0.000e+00
 0.0980  7.39190e+00  4.764e+00  2.628e+00  0.000e+00  2.628e+00  0.000e+00  0.000e+00  0.000e+00  1.061e+00  1.457e+00  1.108e-01  0.000e+00
 0.0990  7.39181e+00  4.737e+00  2.655e+00  0.000e+00  2.655e+00  0.000e+00  0.000e+00  0.000e+00  7.430e-01  1.805e+00  1.073e-01  0.000e+00
 0.1000  7.39187e+00  4.405e+00  2.987e+00  0.000e+00  2.987e+00  0.000e+00  0.000e+00  0.000e+00  6.131e-01  2.274e+00  9.982e-02  0.000e+00
 0.1010  7.39208e+00  3.857e+00  3.535e+00  0.000e+00  3.535e+00  0.000e+00  0.000e+00  0.000e+00  6.714e-01  2.776e+00  8.778e-02  0.000e+00
 0.1020  7.39228e+00  3.401e+00  3.992e+00  0.000e+00  3.992e+00  0.000e+00  0.000e+00  0.000e+00  7.391e-01  3.181e+00  7.205e-02  0.000e+00
 0.1030  7.39231e+00  3.334e+00  4.058e+00  0.000e+00  4.058e+00  0.000e+00  0.000e+00  0.000e+00  6.558e-01  3.348e+00  5.442e-02  0.000e+00
 0.1040  7.39217e+00  3.713e+00  3.679e+00  0.000e+00  3.679e+00  0.000e+00  0.000e+00  0.000e+00  4.598e-01  3.182e+00  3.717e-02  0.000e+00
 0.1050  7.39200e+00  4.341e+00  3.051e+00  0.000e+00  3.051e+00  0.000e+00  0.000e+00  0.000e+00  3.434e-01  2.685e+00  2.247e-02  0.000e+00
 0.1060  7.39194e+00  4.969e+00  2.423e+00  0.000e+00  2.423e+00  0.000e+00  0.000e+00  0.000e+00  4.317e-01  1.980e+00  1.197e-02  0.000e+00
 0.1070  7.39195e+00  5.485e+00  1.907e+00  0.000e+00  1.907e+00  0.000e+00  0.000e+00  0.000e+00  6.293e-01  1.271e+00  6.612e-03  0.000e+00
 0.1080  7.39192e+00  5.888e+00  1.504e+00  0.000e+00  1.504e+00  0.000e+00  0.000e+00  0.000e+00  7.136e-01  7.838e-01  6.569e-03  0.000e+00
 0.1090  7.39180e+00  6.119e+00  1.273e+00  0.000e+00  1.273e+00  0.000e+00  0.000e+00  0.000e+00  5.766e-01  6.850e-01  1.130e-02  0.000e+00
 0.1100  7.39170e+00  5.993e+00  1.399e+00  0.000e+00  1.399e+00  0.000e+00  0.000e+00  0.000e+00  3.500e-01  1.029e+00  1.959e-02  0.000e+00
 0.1110  7.39177e+00  5.354e+00  2.038e+00  0.000e+00  2.038e+00  0.000e+00  0.000e+00  0.000e+00  2.698e-01  1.739e+00  2.961e-02  0.000e+00
 0.1120  7.39206e+00  4.318e+00  3.074e+00  0.000e+00  3.074e+00  0.000e+00  0.000e+00  0.000e+00  4.194e-01  2.615e+00  3.914e-02  0.000e+00
 0.1130  7.39239e+00  3.315e+00  4.077e+00  0.000e+00  4.077e+00  0.000e+00  0.000e+00  0.000e+00  6.317e-01  3.400e+00  4.598e-02  0.000e+00
 0.1140  7.39251e+00  2.828e+00  4.564e+00  0.000e+00  4.564e+00  0.000e+00  0.000e+00  0.000e+00  6.622e-01  3.853e+00  4.871e-02  0.000e+00
 0.1150  7.39234e+00  3.041e+00  4.352e+00  0.000e+00  4.352e+00  0.000e+00  0.000e+00  0.000e+00  4.569e-01  3.848e+00  4.717e-02  0.000e+00
 0.1160  7.39205e+00  3.712e+00  3.680e+00  0.000e+00  3.680e+00  0.000e+00  0.000e+00  0.000e+00  2.296e-01  3.407e+00  4.271e-02  0.000e+00
 0.1170  7.39188e+00  4.414e+00  2.978e+00  0.000e+00  2.978e+00  0.000e+00  0.000e+00  0.000e+00  2.509e-01  2.689e+00  3.769e-02  0.000e+00
 0.1180  7.39191e+00  4.884e+00  2.508e+00  0.000e+00  2.508e+00  0.000e+00  0.000e+00  0.000e+00  5.596e-01  1.913e+00  3.470e-02  0.000e+00
 0.1190  7.39201e+00  5.155e+00  2.237e+00  0.000e+00  2.237e+00  0.000e+00  0.000e+00  0.000e+00  9.115e-01  1.289e+00  3.585e-02  0.000e+00
 0.1200  7.39198e+00  5.355e+00  2.037e+00  0.000e+00  2.037e+00  0.000e+00  0.000e+00  0.000e+00  1.037e+00  9.577e-01  4.219e-02  0.000e+00
 0.1210  7.39183e+00  5.439e+00  1.952e+00  0.000e+00  1.952e+00  0.000e+00  0.000e+00  0.000e+00  9.377e-01  9.612e-01  5.357e-02  0.000e+00
 0.1220  7.39176e+00  5.189e+00  2.203e+00  0.000e+00  2.203e+00  0.000e+00  0.000e+00  0.000e+00  8.858e-01  1.248e+00  6.870e-02  0.000e+00
 0.1230  7.39193e+00  4.500e+00  2.892e+00  0.000e+00  2.892e+00  0.000e+00  0.000e+00  0.000e+00  1.107e+00  1.699e+00  8.559e-02  0.000e+00
 0.1240  7.39228e+00  3.635e+00  3.757e+00  0.000e+00  3.757e+00  0.000e+00  0.000e+00  0.000e+00  1.498e+00  2.157e+00  1.021e-01  0.000e+00
 0.1250  7.39253e+00  3.108e+00  4.285e+00  0.000e+00  4.285e+00  0.000e+00  0.000e+00  0.000e+00  1.698e+00  2.471e+00  1.164e-01  0.000e+00
 0.1260  7.39245e+00  3.275e+00  4.117e+00  0.000e+00  4.117e+00  0.000e+00  0.000e+00  0.000e+00  1.456e+00  2.533e+00  1.275e-01  0.000e+00
 0.1270  7.39214e+00  4.031e+00  3.361e+00  0.000e+00  3.361e+00  0.000e+00  0.000e+00  0.000e+00  9.054e-01  2.321e+00  1.354e-01  0.000e+00
 0.1280  7.39186e+00  4.911e+00  2.481e+00  0.000e+00  2.481e+00  0.000e+00  0.000e+00  0.000e+00  4.347e-01  1.906e+00  1.404e-01  0.000e+00
 0.1290  7.39181e+00  5.500e+00  1.892e+00  0.000e+00  1.892e+00  0.000e+00  0.000e+00  0.000e+00  3.177e-01  1.431e+00  1.434e-01  0.000e+00
 0.1300  7.39193e+00  5.713e+00  1.679e+00  0.000e+00  1.679e+00  0.000e+00  0.000e+00  0.000e+00  4.816e-01  1.052e+00  1.452e-01  0.000e+00
 0.1310  7.39198e+00  5.701e+00  1.691e+00  0.000e+00  1.691e+00  0.000e+00  0.000e+00  0.000e+00  6.569e-01  8.874e-01  1.468e-01  0.000e+00
 0.1320  7.39189e+00  5.540e+00  1.852e+00  0.000e+00  1.852e+00  0.000e+00  0.000e+00  0.000e+00  7.155e-01  9.871e-01  1.493e-01  0.000e+00
 0.1330  7.39180e+00  5.105e+00  2.287e+00  0.000e+00  2.287e+00  0.000e+00  0.000e+00  0.000e+00  8.081e-01  1.325e+00  1.538e-01  0.000e+00
 0.1340  7.39190e+00  4.268e+00  3.124e+00  0.000e+00  3.124e+00  0.000e+00  0.000e+00  0.000e+00  1.152e+00  1.811e+00  1.607e-01  0.000e+00
 0.1350  7.39222e+00  3.199e+00  4.193e+00  0.000e+00  4.193e+00  0.000e+00  0.000e+00  0.000e+00  1.722e+00  2.302e+00  1.696e-01  0.000e+00
 0.1360  7.39253e+00  2.380e+00  5.013e+00  0.000e+00  5.013e+00  0.000e+00  0.000e+00  0.000e+00  2.202e+00  2.632e+00  1.788e-01  0.000e+00
 0.1370  7.39257e+00  2.268e+00  5.124e+00  0.000e+00  5.124e+00  0.000e+00  0.000e+00  0.000e+00  2.272e+00  2.666e+00  1.864e-01  0.000e+00
 0.1380  7.39232e+00  2.926e+00  4.466e+00  0.000e+00  4.466e+00  0.000e+00  0.000e+00  0.000e+00  1.914e+00  2.361e+00  1.904e-01  0.000e+00
 0.1390  7.39198e+00  3.974e+00  3.418e+00  0.000e+00  3.418e+00  0.000e+00  0.000e+00  0.000e+00  1.428e+00  1.800e+00  1.901e-01  0.000e+00
 0.1400  7.39181e+00  4.912e+00  2.479e+00  0.000e+00  2.479e+00  0.000e+00  0.000e+00  0.000e+00  1.124e+00  1.170e+00  1.860e-01  0.000e+00
 0.1410  7.39185e+00  5.484e+00  1.908e+00  0.000e+00  1.908e+00  0.000e+00  0.000e+00  0.000e+00  1.041e+00  6.881e-01  1.793e-01  0.000e+00
 0.1420  7.39194e+00  5.739e+00  1.653e+00  0.000e+00  1.653e+00  0.000e+00  0.000e+00  0.000e+00  9.592e-01  5.222e-01  1.714e-01  0.000e+00
 0.1430  7.39192e+00  5.804e+00  1.588e+00  0.000e+00  1.588e+00  0.000e+00  0.000e+00  0.000e+00  6.985e-01  7.259e-01  1.637e-01  0.000e+00
 0.1440  7.39183e+00  5.656e+00  1.736e+00  0.000e+00  1.736e+00  0.000e+00  0.000e+00  0.000e+00  3.515e-01  1.227e+00  1.566e-01  0.000e+00
 0.1450  7.39185e+00  5.176e+00  2.216e+00  0.000e+00  2.216e+00  0.000e+00  0.000e+00  0.000e+00  2.033e-01  1.862e+00  1.507e-01  0.000e+00
 0.1460  7.39206e+00  4.393e+00  2.999e+00  0.000e+00  2.999e+00  0.000e+00  0.000e+00  0.000e+00  4.195e-01  2.434e+00  1.457e-01  0.000e+00
 0.1470  7.39235e+00  3.625e+00  3.767e+00  0.000e+00  3.767e+00  0.000e+00  0.000e+00  0.000e+00  8.468e-01  2.779e+00  1.417e-01  0.000e+00
 0.1480  7.39247e+00  3.291e+00  4.101e+00  0.000e+00  4.101e+00  0.000e+00  0.000e+00  0.000e+00  1.144e+00  2.819e+00  1.383e-01  0.000e+00
 0.1490  7.39231e+00  3.566e+00  3.827e+00  0.000e+00  3.827e+00  0.000e+00  0.000e+00  0.000e+00  1.106e+00  2.586e+00  1.352e-01  0.000e+00
 0.1500  7.39201e+00  4.214e+00  3.178e+00  0.000e+00  3.178e+00  0.000e+00  0.000e+00  0.000e+00  8.388e-01  2.208e+00  1.317e-01  0.000e+00
 0.1510  7.39181e+00  4.788e+00  2.603e+00  0.000e+00  2.603e+00  0.000e+00  0.000e+00  0.000e+00  6.215e-01  1.855e+00  1.265e-01  0.000e+00
 0.1520  7.39185e+00  4.996e+00  2.396e+00  0.000e+00  2.396e+00  0.000e+00  0.000e+00  0.000e+00  6.077e-01  1.670e+00  1.188e-01  0.000e+00
 0.1530  7.39201e+00  4.876e+00  2.516e+00  0.000e+00  2.516e+00  0.000e+00  0.000e+00  0.000e+00  6.986e-01  1.710e+00  1.080e-01  0.000e+00
 0.1540  7.39210e+00  4.657e+00  2.735e+00  0.000e+00  2.735e+00  0.000e+00  0.000e+00  0.000e+00  6.943e-01  1.947e+00  9.427e-02  0.000e+00
 0.1550  7.39206e+00  4.481e+00  2.911e+00  0.000e+00  2.911e+00  0.000e+00  0.000e+00  0.000e+00  5.345e-01  2.297e+00  7.904e-02  0.000e+00
 0.1560  7.39200e+00  4.305e+00  3.087e+00  0.000e+00  3.087e+00  0.000e+00  0.000e+00  0.000e+00  3.555e-01  2.667e+00  6.429e-02  0.000e+00
 0.1570  7.39205e+00  4.048e+00  3.344e+00  0.000e+00  3.344e+00  0.000e+00  0.000e+00  0.000e+00  3.175e-01  2.974e+00  5.208e-02  0.000e+00
 0.1580  7.39221e+00  3.789e+00  3.603e+00  0.000e+00  3.603e+00  0.000e+00  0.000e+00  0.000e+00  4.146e-01  3.145e+00  4.362e-02  0.000e+00
 0.1590  7.39232e+00  3.750e+00  3.642e+00  0.000e+00  3.642e+00  0.000e+00  0.000e+00  0.000e+00  4.876e-01  3.116e+00  3.885e-02  0.000e+00
 0.1600  7.39226e+00  4.087e+00  3.305e+00  0.000e+00  3.305e+00  0.000e+00  0.000e+00  0.000e+00  4.167e-01  2.852e+00  3.659e-02  0.000e+00
 0.1610  7.39207e+00  4.713e+00  2.679e+00  0.000e+00  2.679e+00  0.000e+00  0.000e+00  0.000e+00  2.648e-01  2.379e+00  3.530e-02  0.000e+00
 0.1620  7.39188e+00  5.338e+00  2.054e+00  0.000e+00  2.054e+00  0.000e+00  0.000e+00  0.000e+00  2.110e-01  1.809e+00  3.398e-02  0.000e+00
 0.1630  7.39183e+00  5.690e+00  1.702e+00  0.000e+00  1.702e+00  0.000e+00  0.000e+00  0.000e+00  3.512e-01  1.318e+00  3.255e-02  0.000e+00
 0.1640  7.39189e+00  5.692e+00  1.700e+00  0.000e+00  1.700e+00  0.000e+00  0.000e+00  0.000e+00  5.886e-01  1.080e+00  3.154e-02  0.000e+00
 0.1650  7.39197e+00  5.442e+00  1.950e+00  0.000e+00  1.950e+00  0.000e+00  0.000e+00  0.000e+00  7.257e-01  1.193e+00  3.144e-02  0.000e+00
 0.1660  7.39200e+00  5.065e+00  2.327e+00  0.000e+00  2.327e+00  0.000e+00  0.000e+00  0.000e+00  6.547e-01  1.640e+00  3.228e-02  0.000e+00
 0.1670  7.39200e+00  4.612e+00  2.780e+00  0.000e+00  2.780e+00  0.000e+00  0.000e+00  0.000e+00  4.526e-01  2.293e+00  3.365e-02  0.000e+00
 0.1680  7.39206e+00  4.102e+00  3.290e+00  0.000e+00  3.290e+00  0.000e+00  0.000e+00  0.000e+00  2.970e-01  2.958e+00  3.506e-02  0.000e+00
 0.1690  7.39218e+00  3.621e+00  3.771e+00  0.000e+00  3.771e+00  0.000e+00  0.000e+00  0.000e+00  2.992e-01  3.435e+00  3.639e-02  0.000e+00
 0.1700  7.39230e+00  3.355e+00  4.038e+00  0.000e+00  4.038e+00  0.000e+00  0.000e+00  0.000e+00  4.174e-01  3.582e+00  3.806e-02  0.000e+00
 0.1710  7.39229e+00  3.462e+00  3.930e+00  0.000e+00  3.930e+00  0.000e+00  0.000e+00  0.000e+00  5.238e-01  3.365e+00  4.077e-02  0.000e+00
 0.1720  7.39215e+00  3.932e+00  3.460e+00  0.000e+00  3.460e+00  0.000e+00  0.000e+00  0.000e+00  5.489e-01  2.866e+00  4.501e-02  0.000e+00
 0.1730  7.39195e+00  4.543e+00  2.849e+00  0.000e+00  2.849e+00  0.000e+00  0.000e+00  0.000e+00  5.548e-01  2.243e+00  5.061e-02  0.000e+00
 0.1740  7.39184e+00  5.004e+00  2.388e+00  0.000e+00  2.388e+00  0.000e+00  0.000e+00  0.000e+00  6.676e-01  1.664e+00  5.674e-02  0.000e+00
 0.1750  7.39187e+00  5.145e+00  2.247e+00  0.000e+00  2.247e+00  0.000e+00  0.000e+00  0.000e+00  9.419e-01  1.242e+00  6.239e-02  0.000e+00
 0.1760  7.39198e+00  5.009e+00  2.383e+00  0.000e+00  2.383e+00  0.000e+00  0.000e+00  0.000e+00  1.297e+00  1.019e+00  6.699e-02  0.000e+00
 0.1770  7.39207e+00  4.764e+00  2.628e+00  0.000e+00  2.628e+00  0.000e+00  0.000e+00  0.000e+00  1.584e+00  9.739e-01  7.078e-02  0.000e+00
 0.1780  7.39210e+00  4.557e+00  2.835e+00  0.000e+00  2.835e+00  0.000e+00  0.000e+00  0.000e+00  1.696e+00  1.065e+00  7.477e-02  0.000e+00
 0.1790  7.39209e+00  4.434e+00  2.958e+00  0.000e+00  2.958e+00  0.000e+00  0.000e+00  0.000e+00  1.629e+00  1.248e+00  8.027e-02  0.000e+00
 0.1800  7.39208e+00  4.377e+00  3.015e+00  0.000e+00  3.015e+00  0.000e+00  0.000e+00  0.000e+00  1.442e+00  1.485e+00  8.830e-02  0.000e+00
 0.1810  7.39210e+00  4.375e+00  3.017e+00  0.000e+00  3.017e+00  0.000e+00  0.000e+00  0.000e+00  1.188e+00  1.730e+00  9.904e-02  0.000e+00
 0.1820  7.39210e+00  4.444e+00  2.948e+00  0.000e+00  2.948e+00  0.000e+00  0.000e+00  0.000e+00  9.027e-01  1.934e+00  1.117e-01  0.000e+00
 0.1830  7.39207e+00  4.586e+00  2.806e+00  0.000e+00  2.806e+00  0.000e+00  0.000e+00  0.000e+00  6.247e-01  2.056e+00  1.249e-01  0.000e+00
 0.1840  7.39201e+00  4.750e+00  2.642e+00  0.000e+00  2.642e+00  0.000e+00  0.000e+00  0.000e+00  4.194e-01  2.086e+00  1.371e-01  0.000e+00
 0.1850  7.39195e+00  4.835e+00  2.557e+00  0.000e+00  2.557e+00  0.000e+00  0.000e+00  0.000e+00  3.607e-01  2.049e+00  1.474e-01  0.000e+00
 0.1860  7.39193e+00  4.754e+00  2.638e+00  0.000e+00  2.638e+00  0.000e+00  0.000e+00  0.000e+00  4.928e-01  1.990e+00  1.554e-01  0.000e+00
 0.1870  7.39199e+00  4.494e+00  2.898e+00  0.000e+00  2.898e+00  0.000e+00  0.000e+00  0.000e+00  7.968e-01  1.939e+00  1.617e-01  0.000e+00
 0.1880  7.39208e+00  4.147e+00  3.246e+00  0.000e+00  3.246e+00  0.000e+00  0.000e+00  0.000e+00  1.185e+00  1.894e+00  1.666e-01  0.000e+00
 0.1890  7.39216e+00  3.862e+00  3.530e+00  0.000e+00  3.530e+00  0.000e+00  0.000e+00  0.000e+00  1.530e+00  1.829e+00  1.708e-01  0.000e+00
 0.1900  7.39218e+00  3.766e+00  3.626e+00  0.000e+00  3.626e+00  0.000e+00  0.000e+00  0.000e+00  1.730e+00  1.722e+00  1.745e-01  0.000e+00
 0.1910  7.39213e+00  3.886e+00  3.506e+00  0.000e+00  3.506e+00  0.000e+00  0.000e+00  0.000e+00  1.758e+00  1.570e+00  1.778e-01  0.000e+00
 0.1920  7.39206e+00  4.147e+00  3.245e+00  0.000e+00  3.245e+00  0.000e+00  0.000e+00  0.000e+00  1.662e+00  1.402e+00  1.808e-01  0.000e+00
 0.1930  7.39201e+00  4.436e+00  2.956e+00  0.000e+00  2.956e+00  0.000e+00  0.000e+00  0.000e+00  1.500e+00  1.272e+00  1.835e-01  0.000e+00
 0.1940  7.39200e+00  4.678e+00  2.714e+00  0.000e+00  2.714e+00  0.000e+00  0.000e+00  0.000e+00  1.286e+00  1.243e+00  1.861e-01  0.000e+00
 0.1950  7.39199e+00  4.840e+00  2.552e+00  0.000e+00  2.552e+00  0.000e+00  0.000e+00  0.000e+00  1.004e+00  1.360e+00  1.880e-01  0.000e+00
 0.1960  7.39197e+00  4.900e+00  2.492e+00  0.000e+00  2.492e+00  0.000e+00  0.000e+00  0.000e+00  6.815e-01  1.622e+00  1.888e-01  0.000e+00
 0.1970  7.39195e+00  4.820e+00  2.572e+00  0.000e+00  2.572e+00  0.000e+00  0.000e+00  0.000e+00  4.184e-01  1.965e+00  1.877e-01  0.000e+00
 0.1980  7.39199e+00  4.586e+00  2.806e+00  0.000e+00  2.806e+00  0.000e+00  0.000e+00  0.000e+00  3.335e-01  2.288e+00  1.842e-01  0.000e+00
 0.1990  7.39208e+00  4.262e+00  3.130e+00  0.000e+00  3.130e+00  0.000e+00  0.000e+00  0.000e+00  4.592e-01  2.492e+00  1.785e-01  0.000e+00
 0.2000  7.39218e+00  3.998e+00  3.394e+00  0.000e+00  3.394e+00  0.000e+00  0.000e+00  0.000e+00  6.973e-01  2.526e+00  1.710e-01  0.000e+00
 0.2010  7.39221e+00  3.945e+00  3.447e+00  0.000e+00  3.447e+00  0.000e+00  0.000e+00  0.000e+00  8.857e-01  2.399e+00  1.628e-01  0.000e+00
 0.2020  7.39215e+00  4.150e+00  3.242e+00  0.000e+00  3.242e+00  0.000e+00  0.000e+00  0.000e+00  9.207e-01  2.167e+00  1.551e-01  0.000e+00
 0.2030  7.39203e+00  4.511e+00  2.881e+00  0.000e+00  2.881e+00  0.000e+00  0.000e+00  0.000e+00  8.268e-01  1.906e+00  1.486e-01  0.000e+00
 0.2040  7.39193e+00  4.842e+00  2.550e+00  0.000e+00  2.550e+00  0.000e+00  0.000e+00  0.000e+00  7.159e-01  1.691e+00  1.434e-01  0.000e+00
 0.2050  7.39192e+00  4.993e+00  2.399e+00  0.000e+00  2.399e+00  0.000e+00  0.000e+00  0.000e+00  6.738e-01  1.586e+00  1.388e-01  0.000e+00
 0.2060  7.39197e+00  4.935e+00  2.457e+00  0.000e+00  2.457e+00  0.000e+00  0.000e+00  0.000e+00  6.805e-01  1.643e+00  1.339e-01  0.000e+00
 0.2070  7.39201e+00  4.732e+00  2.660e+00  0.000e+00  2.660e+00  0.000e+00  0.000e+00  0.000e+00  6.428e-01  1.890e+00  1.273e-01  0.000e+00
 0.2080  7.39202e+00  4.450e+00  2.942e+00  0.000e+00  2.942e+00  0.000e+00  0.000e+00  0.000e+00  5.109e-01  2.312e+00  1.183e-01  0.000e+00
 0.2090  7.39202e+00  4.108e+00  3.284e+00  0.000e+00  3.284e+00  0.000e+00  0.000e+00  0.000e+00  3.538e-01  2.823e+00  1.068e-01  0.000e+00
 0.2100  7.39210e+00  3.735e+00  3.657e+00  0.000e+00  3.657e+00  0.000e+00  0.000e+00  0.000e+00  2.961e-01  3.268e+00  9.324e-02  0.000e+00
 0.2110  7.39223e+00  3.459e+00  3.933e+00  0.000e+00  3.933e+00  0.000e+00  0.000e+00  0.000e+00  3.753e-01  3.479e+00  7.845e-02  0.000e+00
 0.2120  7.39232e+00  3.489e+00  3.903e+00  0.000e+00  3.903e+00  0.000e+00  0.000e+00  0.000e+00  4.883e-01  3.351e+00  6.354e-02  0.000e+00
 0.2130  7.39224e+00  3.948e+00  3.444e+00  0.000e+00  3.444e+00  0.000e+00  0.000e+00  0.000e+00  5.029e-01  2.892e+00  4.967e-02  0.000e+00
 0.2140  7.39203e+00  4.718e+00  2.674e+00  0.000e+00  2.674e+00  0.000e+00  0.000e+00  0.000e+00  4.121e-01  2.224e+00  3.795e-02  0.000e+00
 0.2150  7.39181e+00  5.471e+00  1.921e+00  0.000e+00  1.921e+00  0.000e+00  0.000e+00  0.000e+00  3.463e-01  1.545e+00  2.936e-02  0.000e+00
 0.2160  7.39175e+00  5.884e+00  1.508e+00  0.000e+00  1.508e+00  0.000e+00  0.000e+00  0.000e+00  4.211e-01  1.062e+00  2.449e-02  0.000e+00
 0.2170  7.39184e+00  5.849e+00  1.543e+00  0.000e+00  1.543e+00  0.000e+00  0.000e+00  0.000e+00  5.960e-01  9.238e-01  2.329e-02  0.000e+00
 0.2180  7.39197e+00  5.486e+00  1.906e+00  0.000e+00  1.906e+00  0.000e+00  0.000e+00  0.000e+00  7.109e-01  1.170e+00  2.486e-02  0.000e+00
 0.2190  7.39204e+00  4.983e+00  2.409e+00  0.000e+00  2.409e+00  0.000e+00  0.000e+00  0.000e+00  6.646e-01  1.716e+00  2.765e-02  0.000e+00
 0.2200  7.39206e+00  4.444e+00  2.948e+00  0.000e+00  2.948e+00  0.000e+00  0.000e+00  0.000e+00  5.334e-01  2.385e+00  2.997e-02  0.000e+00
 0.2210  7.39211e+00  3.904e+00  3.488e+00  0.000e+00  3.488e+00  0.000e+00  0.000e+00  0.000e+00  4.885e-01  2.969e+00  3.051e-02  0.000e+00
 0.2220  7.39223e+00  3.454e+00  3.938e+00  0.000e+00  3.938e+00  0.000e+00  0.000e+00  0.000e+00  6.012e-01  3.308e+00  2.883e-02  0.000e+00
 0.2230  7.39234e+00  3.283e+00  4.109e+00  0.000e+00  4.109e+00  0.000e+00  0.000e+00  0.000e+00  7.521e-01  3.332e+00  2.541e-02  0.000e+00
 0.2240  7.39232e+00  3.555e+00  3.838e+00  0.000e+00  3.838e+00  0.000e+00  0.000e+00  0.000e+00  7.516e-01  3.064e+00  2.148e-02  0.000e+00
 0.2250  7.39212e+00  4.221e+00  3.171e+00  0.000e+00  3.171e+00  0.000e+00  0.000e+00  0.000e+00  5.511e-01  2.602e+00  1.871e-02  0.000e+00
 0.2260  7.39188e+00  4.983e+00  2.409e+00  0.000e+00  2.409e+00  0.000e+00  0.000e+00  0.000e+00  3.219e-01  2.069e+00  1.867e-02  0.000e+00
 0.2270  7.39176e+00  5.470e+00  1.922e+00  0.000e+00  1.922e+00  0.000e+00  0.000e+00  0.000e+00  3.132e-01  1.586e+00  2.237e-02  0.000e+00
 0.2280  7.39183e+00  5.493e+00  1.898e+00  0.000e+00  1.898e+00  0.000e+00  0.000e+00  0.000e+00  6.207e-01  1.248e+00  2.983e-02  0.000e+00
 0.2290  7.39200e+00  5.149e+00  2.243e+00  0.000e+00  2.243e+00  0.000e+00  0.000e+00  0.000e+00  1.094e+00  1.109e+00  4.014e-02  0.000e+00
 0.2300  7.39212e+00  4.687e+00  2.705e+00  0.000e+00  2.705e+00  0.000e+00  0.000e+00  0.000e+00  1.476e+00  1.177e+00  5.189e-02  0.000e+00
 0.2310  7.39213e+00  4.293e+00  3.099e+00  0.000e+00  3.099e+00  0.000e+00  0.000e+00  0.000e+00  1.629e+00  1.406e+00  6.372e-02  0.000e+00
 0.2320  7.39210e+00  3.992e+00  3.400e+00  0.000e+00  3.400e+00  0.000e+00  0.000e+00  0.000e+00  1.626e+00  1.699e+00  7.467e-02  0.000e+00
 0.2330  7.39215e+00  3.763e+00  3.629e+00  0.000e+00  3.629e+00  0.000e+00  0.000e+00  0.000e+00  1.611e+00  1.933e+00  8.432e-02  0.000e+00
 0.2340  7.39227e+00  3.689e+00  3.703e+00  0.000e+00  3.703e+00  0.000e+00  0.000e+00  0.000e+00  1.600e+00  2.010e+00  9.262e-02  0.000e+00
 0.2350  7.39231e+00  3.938e+00  3.454e+00  0.000e+00  3.454e+00  0.000e+00  0.000e+00  0.000e+00  1.456e+00  1.898e+00  9.984e-02  0.000e+00
 0.2360  7.39217e+00  4.565e+00  2.827e+00  0.000e+00  2.827e+00  0.000e+00  0.000e+00  0.000e+00  1.078e+00  1.643e+00  1.066e-01  0.000e+00
 0.2370  7.39190e+00  5.350e+00  2.042e+00  0.000e+00  2.042e+00  0.000e+00  0.000e+00  0.000e+00  5.783e-01  1.350e+00  1.137e-01  0.000e+00
 0.2380  7.39169e+00  5.883e+00  1.509e+00  0.000e+00  1.509e+00  0.000e+00  0.000e+00  0.000e+00  2.412e-01  1.146e+00  1.222e-01  0.000e+00
 0.2390  7.39171e+00  5.858e+00  1.534e+00  0.000e+00  1.534e+00  0.000e+00  0.000e+00  0.000e+00  2.712e-01  1.130e+00  1.331e-01  0.000e+00
 0.2400  7.39192e+00  5.299e+00  2.093e+00  0.000e+00  2.093e+00  0.000e+00  0.000e+00  0.000e+00  6.083e-01  1.338e+00  1.466e-01  0.000e+00
 0.2410  7.39213e+00  4.509e+00  2.883e+00  0.000e+00  2.883e+00  0.000e+00  0.000e+00  0.000e+00  9.989e-01  1.722e+00  1.622e-01  0.000e+00
 0.2420  7.39221e+00  3.810e+00  3.582e+00  0.000e+00  3.582e+00  0.000e+00  0.000e+00  0.000e+00  1.248e+00  2.155e+00  1.786e-01  0.000e+00
 0.2430  7.39218e+00  3.333e+00  4.059e+00  0.000e+00  4.059e+00  0.000e+00  0.000e+00  0.000e+00  1.384e+00  2.481e+00  1.937e-01  0.000e+00
 0.2440  7.39218e+00  3.060e+00  4.332e+00  0.000e+00  4.332e+00  0.000e+00  0.000e+00  0.000e+00  1.560e+00  2.566e+00  2.056e-01  0.000e+00
 0.2450  7.39226e+00  2.998e+00  4.394e+00  0.000e+00  4.394e+00  0.000e+00  0.000e+00  0.000e+00  1.825e+00  2.356e+00  2.131e-01  0.000e+00
 0.2460  7.39233e+00  3.265e+00  4.127e+00  0.000e+00  4.127e+00  0.000e+00  0.000e+00  0.000e+00  2.011e+00  1.900e+00  2.158e-01  0.000e+00
 0.2470  7.39224e+00  3.951e+00  3.441e+00  0.000e+00  3.441e+00  0.000e+00  0.000e+00  0.000e+00  1.888e+00  1.339e+00  2.143e-01  0.000e+00
 0.2480  7.39198e+00  4.909e+00  2.483e+00  0.000e+00  2.483e+00  0.000e+00  0.000e+00  0.000e+00  1.416e+00  8.572e-01  2.102e-01  0.000e+00
 0.2490  7.39170e+00  5.737e+00  1.655e+00  0.000e+00  1.655e+00  0.000e+00  0.000e+00  0.000e+00  8.246e-01  6.245e-01  2.055e-01  0.000e+00
 0.2500  7.39162e+00  6.021e+00  1.371e+00  0.000e+00  1.371e+00  0.000e+00  0.000e+00  0.000e+00  4.349e-01  7.337e-01  2.022e-01  0.000e+00
 0.2510  7.39181e+00  5.645e+00  1.747e+00  0.000e+00  1.747e+00  0.000e+00  0.000e+00  0.000e+00  3.773e-01  1.168e+00  2.013e-01  0.000e+00
 0.2520  7.39210e+00  4.877e+00  2.515e+00  0.000e+00  2.515e+00  0.000e+00  0.000e+00  0.000e+00  5.041e-01  1.808e+00  2.032e-01  0.000e+00
 0.2530  7.39227e+00  4.147e+00  3.245e+00  0.000e+00  3.245e+00  0.000e+00  0.000e+00  0.000e+00  5.700e-01  2.468e+00  2.072e-01  0.000e+00
 0.2540  7.39226e+00  3.728e+00  3.665e+00  0.000e+00  3.665e+00  0.000e+00  0.000e+00  0.000e+00  4.889e-01  2.964e+00  2.120e-01  0.000e+00
 0.2550  7.39216e+00  3.609e+00  3.783e+00  0.000e+00  3.783e+00  0.000e+00  0.000e+00  0.000e+00  3.942e-01  3.173e+00  2.162e-01  0.000e+00
 0.2560  7.39212e+00  3.649e+00  3.744e+00  0.000e+00  3.744e+00  0.000e+00  0.000e+00  0.000e+00  4.515e-01  3.074e+00  2.184e-01  0.000e+00
 0.2570  7.39217e+00  3.790e+00  3.603e+00  0.000e+00  3.603e+00  0.000e+00  0.000e+00  0.000e+00  6.434e-01  2.742e+00  2.171e-01  0.000e+00
 0.2580  7.39219e+00  4.094e+00  3.298e+00  0.000e+00  3.298e+00  0.000e+00  0.000e+00  0.000e+00  7.731e-01  2.314e+00  2.111e-01  0.000e+00
 0.2590  7.39208e+00  4.582e+00  2.810e+00  0.000e+00  2.810e+00  0.000e+00  0.000e+00  0.000e+00  6.807e-01  1.929e+00  1.999e-01  0.000e+00
 0.2600  7.39189e+00  5.086e+00  2.306e+00  0.000e+00  2.306e+00  0.000e+00  0.000e+00  0.000e+00  4.294e-01  1.693e+00  1.839e-01  0.000e+00
 0.2610  7.39178e+00  5.319e+00  2.073e+00  0.000e+00  2.073e+00  0.000e+00  0.000e+00  0.000e+00  2.495e-01  1.659e+00  1.646e-01  0.000e+00
 0.2620  7.39186e+00  5.119e+00  2.273e+00  0.000e+00  2.273e+00  0.000e+00  0.000e+00  0.000e+00  2.971e-01  1.832e+00  1.443e-01  0.000e+00
 0.2630  7.39207e+00  4.604e+00  2.788e+00  0.000e+00  2.788e+00  0.000e+00  0.000e+00  0.000e+00  4.895e-01  2.173e+00  1.255e-01  0.000e+00
 0.2640  7.39223e+00  4.085e+00  3.307e+00  0.000e+00  3.307e+00  0.000e+00  0.000e+00  0.000e+00  5.944e-01  2.602e+00  1.102e-01  0.000e+00
 0.2650  7.39223e+00  3.808e+00  3.585e+00  0.000e+00  3.585e+00  0.000e+00  0.000e+00  0.000e+00  4.800e-01  3.005e+00  9.952e-02  0.000e+00
 0.2660  7.39213e+00  3.786e+00  3.607e+00  0.000e+00  3.607e+00  0.000e+00  0.000e+00  0.000e+00  2.565e-01  3.257e+00  9.299e-02  0.000e+00
 0.2670  7.39208e+00  3.885e+00  3.507e+00  0.000e+00  3.507e+00  0.000e+00  0.000e+00  0.000e+00  1.609e-01  3.257e+00  8.916e-02  0.000e+00
 0.2680  7.39213e+00  4.027e+00  3.365e+00  0.000e+00  3.365e+00  0.000e+00  0.000e+00  0.000e+00  3.067e-01  2.972e+00  8.607e-02  0.000e+00
 0.2690  7.39219e+00  4.283e+00  3.109e+00  0.000e+00  3.109e+00  0.000e+00  0.000e+00  0.000e+00  5.683e-01  2.459e+00  8.198e-02  0.000e+00
 0.2700  7.39213e+00  4.734e+00  2.658e+00  0.000e+00  2.658e+00  0.000e+00  0.000e+00  0.000e+00  7.201e-01  1.862e+00  7.591e-02  0.000e+00
 0.2710  7.39192e+00  5.281e+00  2.111e+00  0.000e+00  2.111e+00  0.000e+00  0.000e+00  0.000e+00  6.780e-01  1.365e+00  6.774e-02  0.000e+00
 0.2720  7.39173e+00  5.626e+00  1.766e+00  0.000e+00  1.766e+00  0.000e+00  0.000e+00  0.000e+00  5.805e-01  1.127e+00  5.807e-02  0.000e+00
 0.2730  7.39174e+00  5.500e+00  1.892e+00  0.000e+00  1.892e+00  0.000e+00  0.000e+00  0.000e+00  6.219e-01  1.222e+00  4.781e-02  0.000e+00
 0.2740  7.39196e+00  4.923e+00  2.468e+00  0.000e+00  2.468e+00  0.000e+00  0.000e+00  0.000e+00  8.221e-01  1.608e+00  3.793e-02  0.000e+00
 0.2750  7.39221e+00  4.222e+00  3.170e+00  0.000e+00  3.170e+00  0.000e+00  0.000e+00  0.000e+00  9.893e-01  2.151e+00  2.935e-02  0.000e+00
 0.2760  7.39231e+00  3.778e+00  3.614e+00  0.000e+00  3.614e+00  0.000e+00  0.000e+00  0.000e+00  9.242e-01  2.667e+00  2.296e-02  0.000e+00
 0.2770  7.39222e+00  3.739e+00  3.653e+00  0.000e+00  3.653e+00  0.000e+00  0.000e+00  0.000e+00  6.438e-01  2.990e+00  1.954e-02  0.000e+00
 0.2780  7.39207e+00  3.971e+00  3.421e+00  0.000e+00  3.421e+00  0.000e+00  0.000e+00  0.000e+00  3.766e-01  3.025e+00  1.946e-02  0.000e+00
 0.2790  7.39202e+00  4.257e+00  3.135e+00  0.000e+00  3.135e+00  0.000e+00  0.000e+00  0.000e+00  3.330e-01  2.779e+00  2.239e-02  0.000e+00
 0.2800  7.39206e+00  4.512e+00  2.880e+00  0.000e+00  2.880e+00  0.000e+00  0.000e+00  0.000e+00  5.064e-01  2.347e+00  2.719e-02  0.000e+00
 0.2810  7.39207e+00  4.782e+00  2.610e+00  0.000e+00  2.610e+00  0.000e+00  0.000e+00  0.000e+00  7.209e-01  1.857e+00  3.222e-02  0.000e+00
 0.2820  7.39197e+00  5.076e+00  2.316e+00  0.000e+00  2.316e+00  0.000e+00  0.000e+00  0.000e+00  8.569e-01  1.423e+00  3.603e-02  0.000e+00
 0.2830  7.39184e+00  5.254e+00  2.138e+00  0.000e+00  2.138e+00  0.000e+00  0.000e+00  0.000e+00  9.894e-01  1.111e+00  3.790e-02  0.000e+00
 0.2840  7.39182e+00  5.131e+00  2.261e+00  0.000e+00  2.261e+00  0.000e+00  0.000e+00  0.000e+00  1.280e+00  9.422e-01  3.816e-02  0.000e+00
 0.2850  7.39197e+00  4.692e+00  2.700e+00  0.000e+00  2.700e+00  0.000e+00  0.000e+00  0.000e+00  1.752e+00  9.100e-01  3.799e-02  0.000e+00
 0.2860  7.39218e+00  4.165e+00  3.228e+00  0.000e+00  3.228e+00  0.000e+00  0.000e+00  0.000e+00  2.199e+00  9.896e-01  3.893e-02  0.000e+00
 0.2870  7.39227e+00  3.856e+00  3.536e+00  0.000e+00  3.536e+00  0.000e+00  0.000e+00  0.000e+00  2.350e+00  1.143e+00  4.236e-02  0.000e+00
 0.2880  7.39219e+00  3.905e+00  3.487e+00  0.000e+00  3.487e+00  0.000e+00  0.000e+00  0.000e+00  2.115e+00  1.323e+00  4.911e-02  0.000e+00
 0.2890  7.39203e+00  4.195e+00  3.197e+00  0.000e+00  3.197e+00  0.000e+00  0.000e+00  0.000e+00  1.658e+00  1.480e+00  5.934e-02  0.000e+00
 0.2900  7.39196e+00  4.500e+00  2.892e+00  0.000e+00  2.892e+00  0.000e+00  0.000e+00  0.000e+00  1.241e+00  1.578e+00  7.258e-02  0.000e+00
 0.2910  7.39199e+00  4.701e+00  2.691e+00  0.000e+00  2.691e+00  0.000e+00  0.000e+00  0.000e+00  9.885e-01  1.614e+00  8.789e-02  0.000e+00
 0.2920  7.39204e+00  4.836e+00  2.556e+00  0.000e+00  2.556e+00  0.000e+00  0.000e+00  0.000e+00  8.308e-01  1.621e+00  1.041e-01  0.000e+00
 0.2930  7.39200e+00  4.963e+00  2.429e+00  0.000e+00  2.429e+00  0.000e+00  0.000e+00  0.000e+00  6.581e-01  1.651e+00  1.198e-01  0.000e+00
 0.2940  7.39189e+00  5.015e+00  2.377e+00  0.000e+00  2.377e+00  0.000e+00  0.000e+00  0.000e+00  4.994e-01  1.743e+00  1.341e-01  0.000e+00
 0.2950  7.39184e+00  4.838e+00  2.554e+00  0.000e+00  2.554e+00  0.000e+00  0.000e+00  0.000e+00  5.175e-01  1.890e+00  1.462e-01  0.000e+00
 0.2960  7.39197e+00  4.381e+00  3.011e+00  0.000e+00  3.011e+00  0.000e+00  0.000e+00  0.000e+00  8.199e-01  2.035e+00  1.557e-01  0.000e+00
 0.2970  7.39219e+00  3.835e+00  3.557e+00  0.000e+00  3.557e+00  0.000e+00  0.000e+00  0.000e+00  1.300e+00  2.095e+00  1.625e-01  0.000e+00
 0.2980  7.39233e+00  3.527e+00  3.866e+00  0.000e+00  3.866e+00  0.000e+00  0.000e+00  0.000e+00  1.694e+00  2.004e+00  1.671e-01  0.000e+00
 0.2990  7.39226e+00  3.657e+00  3.735e+00  0.000e+00  3.735e+00  0.000e+00  0.000e+00  0.000e+00  1.813e+00  1.751e+00  1.703e-01  0.000e+00
 0.3000  7.39206e+00  4.134e+00  3.259e+00  0.000e+00  3.259e+00  0.000e+00  0.000e+00  0.000e+00  1.693e+00  1.392e+00  1.733e-01  0.000e+00
 0.3010  7.39189e+00  4.658e+00  2.734e+00  0.000e+00  2.734e+00  0.000e+00  0.000e+00  0.000e+00  1.519e+00  1.037e+00  1.773e-01  0.000e+00
 0.3020  7.39187e+00  4.980e+00  2.412e+00  0.000e+00  2.412e+00  0.000e+00  0.000e+00  0.000e+00  1.413e+00  8.164e-01  1.826e-01  0.000e+00
 0.3030  7.39194e+00  5.054e+00  2.338e+00  0.000e+00  2.338e+00  0.000e+00  0.000e+00  0.000e+00  1.319e+00  8.295e-01  1.889e-01  0.000e+00
 0.3040  7.39199e+00  4.981e+00  2.411e+00  0.000e+00  2.411e+00  0.000e+00  0.000e+00  0.000e+00  1.115e+00  1.100e+00  1.952e-01  0.000e+00
 0.3050  7.39196e+00  4.831e+00  2.561e+00  0.000e+00  2.561e+00  0.000e+00  0.000e+00  0.000e+00  7.978e-01  1.563e+00  2.003e-01  0.000e+00
 0.3060  7.39194e+00  4.571e+00  2.821e+00  0.000e+00  2.821e+00  0.000e+00  0.000e+00  0.000e+00  5.251e-01  2.092e+00  2.034e-01  0.000e+00
 0.3070  7.39200e+00  4.177e+00  3.215e+00  0.000e+00  3.215e+00  0.000e+00  0.000e+00  0.000e+00  4.639e-01  2.547e+00  2.040e-01  0.000e+00
 0.3080  7.39216e+00  3.754e+00  3.638e+00  0.000e+00  3.638e+00  0.000e+00  0.000e+00  0.000e+00  6.136e-01  2.822e+00  2.024e-01  0.000e+00
 0.3090  7.39227e+00  3.527e+00  3.865e+00  0.000e+00  3.865e+00  0.000e+00  0.000e+00  0.000e+00  8.018e-01  2.865e+00  1.989e-01  0.000e+00
 0.3100  7.39225e+00  3.668e+00  3.724e+00  0.000e+00  3.724e+00  0.000e+00  0.000e+00  0.000e+00  8.496e-01  2.680e+00  1.942e-01  0.000e+00
 0.3110  7.39210e+00  4.142e+00  3.250e+00  0.000e+00  3.250e+00  0.000e+00  0.000e+00  0.000e+00  7.326e-01  2.329e+00  1.886e-01  0.000e+00
 0.3120  7.39193e+00  4.718e+00  2.674e+00  0.000e+00  2.674e+00  0.000e+00  0.000e+00  0.000e+00  5.772e-01  1.914e+00  1.823e-01  0.000e+00
 0.3130  7.39185e+00  5.138e+00  2.254e+00  0.000e+00  2.254e+00  0.000e+00  0.000e+00  0.000e+00  5.153e-01  1.563e+00  1.754e-01  0.000e+00
 0.3140  7.39187e+00  5.270e+00  2.122e+00  0.000e+00  2.122e+00  0.000e+00  0.000e+00  0.000e+00  5.554e-01  1.398e+00  1.680e-01  0.000e+00
 0.3150  7.39192e+00  5.133e+00  2.259e+00  0.000e+00  2.259e+00  0.000e+00  0.000e+00  0.000e+00  5.976e-01  1.502e+00  1.599e-01  0.000e+00
 0.3160  7.39196e+00  4.804e+00  2.588e+00  0.000e+00  2.588e+00  0.000e+00  0.000e+00  0.000e+00  5.570e-01  1.880e+00  1.507e-01  0.000e+00
 0.3170  7.39199e+00  4.352e+00  3.040e+00  0.000e+00  3.040e+00  0.000e+00  0.000e+00  0.000e+00  4.567e-01  2.443e+00  1.403e-01  0.000e+00
 0.3180  7.39208e+00  3.851e+00  3.541e+00  0.000e+00  3.541e+00  0.000e+00  0.000e+00  0.000e+00  3.950e-01  3.017e+00  1.288e-01  0.000e+00
 0.3190  7.39221e+00  3.446e+00  3.946e+00  0.000e+00  3.946e+00  0.000e+00  0.000e+00  0.000e+00  4.313e-01  3.399e+00  1.163e-01  0.000e+00
 0.3200  7.39231e+00  3.338e+00  4.054e+00  0.000e+00  4.054e+00  0.000e+00  0.000e+00  0.000e+00  5.229e-01  3.428e+00  1.032e-01  0.000e+00
 0.3210  7.39227e+00  3.664e+00  3.728e+00  0.000e+00  3.728e+00  0.000e+00  0.000e+00  0.000e+00  5.793e-01  3.059e+00  9.022e-02  0.000e+00
 0.3220  7.39210e+00  4.365e+00  3.027e+00  0.000e+00  3.027e+00  0.000e+00  0.000e+00  0.000e+00  5.651e-01  2.384e+00  7.793e-02  0.000e+00
 0.3230  7.39188e+00  5.180e+00  2.212e+00  0.000e+00  2.212e+00  0.000e+00  0.000e+00  0.000e+00  5.358e-01  1.609e+00  6.718e-02  0.000e+00
 0.3240  7.39174e+00  5.779e+00  1.613e+00  0.000e+00  1.613e+00  0.000e+00  0.000e+00  0.000e+00  5.749e-01  9.796e-01  5.867e-02  0.000e+00
 0.3250  7.39172e+00  5.937e+00  1.455e+00  0.000e+00  1.455e+00  0.000e+00  0.000e+00  0.000e+00  7.095e-01  6.929e-01  5.261e-02  0.000e+00
 0.3260  7.39182e+00  5.627e+00  1.765e+00  0.000e+00  1.765e+00  0.000e+00  0.000e+00  0.000e+00  8.912e-01  8.254e-01  4.862e-02  0.000e+00
 0.3270  7.39196e+00  4.988e+00  2.404e+00  0.000e+00  2.404e+00  0.000e+00  0.000e+00  0.000e+00  1.045e+00  1.313e+00  4.574e-02  0.000e+00
 0.3280  7.39209e+00  4.239e+00  3.153e+00  0.000e+00  3.153e+00  0.000e+00  0.000e+00  0.000e+00  1.123e+00  1.987e+00  4.276e-02  0.000e+00
 0.3290  7.39220e+00  3.594e+00  3.799e+00  0.000e+00  3.799e+00  0.000e+00  0.000e+00  0.000e+00  1.118e+00  2.642e+00  3.864e-02  0.000e+00
 0.3300  7.39225e+00  3.216e+00  4.176e+00  0.000e+00  4.176e+00  0.000e+00  0.000e+00  0.000e+00  1.045e+00  3.098e+00  3.290e-02  0.000e+00
 0.3310  7.39225e+00  3.195e+00  4.197e+00  0.000e+00  4.197e+00  0.000e+00  0.000e+00  0.000e+00  9.255e-01  3.246e+00  2.573e-02  0.000e+00
 0.3320  7.39220e+00  3.531e+00  3.861e+00  0.000e+00  3.861e+00  0.000e+00  0.000e+00  0.000e+00  7.845e-01  3.058e+00  1.807e-02  0.000e+00
 0.3330  7.39211e+00  4.142e+00  3.250e+00  0.000e+00  3.250e+00  0.000e+00  0.000e+00  0.000e+00  6.503e-01  2.589e+00  1.130e-02  0.000e+00
 0.3340  7.39200e+00  4.880e+00  2.512e+00  0.000e+00  2.512e+00  0.000e+00  0.000e+00  0.000e+00  5.491e-01  1.956e+00  6.900e-03  0.000e+00
 0.3350  7.39186e+00  5.553e+00  1.839e+00  0.000e+00  1.839e+00  0.000e+00  0.000e+00  0.000e+00  5.129e-01  1.320e+00  5.951e-03  0.000e+00
 0.3360  7.39176e+00  5.951e+00  1.441e+00  0.000e+00  1.441e+00  0.000e+00  0.000e+00  0.000e+00  5.935e-01  8.389e-01  8.677e-03  0.000e+00
 0.3370  7.39174e+00  5.911e+00  1.481e+00  0.000e+00  1.481e+00  0.000e+00  0.000e+00  0.000e+00  8.451e-01  6.213e-01  1.435e-02  0.000e+00
 0.3380  7.39184e+00  5.413e+00  1.979e+00  0.000e+00  1.979e+00  0.000e+00  0.000e+00  0.000e+00  1.263e+00  6.945e-01  2.161e-02  0.000e+00
 0.3390  7.39204e+00  4.633e+00  2.759e+00  0.000e+00  2.759e+00  0.000e+00  0.000e+00  0.000e+00  1.730e+00  1.000e+00  2.914e-02  0.000e+00
 0.3400  7.39221e+00  3.878e+00  3.514e+00  0.000e+00  3.514e+00  0.000e+00  0.000e+00  0.000e+00  2.060e+00  1.417e+00  3.612e-02  0.000e+00
 0.3410  7.39228e+00  3.428e+00  3.964e+00  0.000e+00  3.964e+00  0.000e+00  0.000e+00  0.000e+00  2.120e+00  1.802e+00  4.229e-02  0.000e+00
 0.3420  7.39222e+00  3.382e+00  4.010e+00  0.000e+00  4.010e+00  0.000e+00  0.000e+00  0.000e+00  1.930e+00  2.033e+00  4.780e-02  0.000e+00
 0.3430  7.39211e+00  3.653e+00  3.739e+00  0.000e+00  3.739e+00  0.000e+00  0.000e+00  0.000e+00  1.634e+00  2.051e+00  5.295e-02  0.000e+00
 0.3440  7.39205e+00  4.087e+00  3.305e+00  0.000e+00  3.305e+00  0.000e+00  0.000e+00  0.000e+00  1.372e+00  1.875e+00  5.811e-02  0.000e+00
 0.3450  7.39202e+00  4.577e+00  2.815e+00  0.000e+00  2.815e+00  0.000e+00  0.000e+00  0.000e+00  1.164e+00  1.587e+00  6.381e-02  0.000e+00
 0.3460  7.39197e+00  5.070e+00  2.322e+00  0.000e+00  2.322e+00  0.000e+00  0.000e+00  0.000e+00  9.407e-01  1.310e+00  7.072e-02  0.000e+00
 0.3470  7.39185e+00  5.472e+00  1.920e+00  0.000e+00  1.920e+00  0.000e+00  0.000e+00  0.000e+00  6.763e-01  1.164e+00  7.954e-02  0.000e+00
 0.3480  7.39173e+00  5.602e+00  1.790e+00  0.000e+00  1.790e+00  0.000e+00  0.000e+00  0.000e+00  4.814e-01  1.218e+00  9.059e-02  0.000e+00
 0.3490  7.39175e+00  5.296e+00  2.095e+00  0.000e+00  2.095e+00  0.000e+00  0.000e+00  0.000e+00  5.321e-01  1.460e+00  1.035e-01  0.000e+00
 0.3500  7.39195e+00  4.593e+00  2.799e+00  0.000e+00  2.799e+00  0.000e+00  0.000e+00  0.000e+00  8.850e-01  1.797e+00  1.171e-01  0.000e+00
 0.3510  7.39223e+00  3.797e+00  3.595e+00  0.000e+00  3.595e+00  0.000e+00  0.000e+00  0.000e+00  1.370e+00  2.095e+00  1.298e-01  0.000e+00
 0.3520  7.39237e+00  3.321e+00  4.071e+00  0.000e+00  4.071e+00  0.000e+00  0.000e+00  0.000e+00  1.700e+00  2.231e+00  1.402e-01  0.000e+00
 0.3530  7.39229e+00  3.386e+00  4.006e+00  0.000e+00  4.006e+00  0.000e+00  0.000e+00  0.000e+00  1.719e+00  2.140e+00  1.478e-01  0.000e+00
 0.3540  7.39207e+00  3.872e+00  3.520e+00  0.000e+00  3.520e+00  0.000e+00  0.000e+00  0.000e+00  1.531e+00  1.837e+00  1.524e-01  0.000e+00
 0.3550  7.39190e+00  4.449e+00  2.943e+00  0.000e+00  2.943e+00  0.000e+00  0.000e+00  0.000e+00  1.377e+00  1.411e+00  1.551e-01  0.000e+00
 0.3560  7.39190e+00  4.868e+00  2.524e+00  0.000e+00  2.524e+00  0.000e+00  0.000e+00  0.000e+00  1.366e+00  1.001e+00  1.568e-01  0.000e+00
 0.3570  7.39198e+00  5.113e+00  2.279e+00  0.000e+00  2.279e+00  0.000e+00  0.000e+00  0.000e+00  1.365e+00  7.545e-01  1.592e-01  0.000e+00
 0.3580  7.39197e+00  5.277e+00  2.115e+00  0.000e+00  2.115e+00  0.000e+00  0.000e+00  0.000e+00  1.167e+00  7.848e-01  1.632e-01  0.000e+00
 0.3590  7.39185e+00  5.338e+00  2.054e+00  0.000e+00  2.054e+00  0.000e+00  0.000e+00  0.000e+00  7.574e-01  1.127e+00  1.696e-01  0.000e+00
 0.3600  7.39177e+00  5.117e+00  2.275e+00  0.000e+00  2.275e+00  0.000e+00  0.000e+00  0.000e+00  3.781e-01  1.718e+00  1.781e-01  0.000e+00
 0.3610  7.39189e+00  4.504e+00  2.888e+00  0.000e+00  2.888e+00  0.000e+00  0.000e+00  0.000e+00  2.913e-01  2.409e+00  1.876e-01  0.000e+00
 0.3620  7.39218e+00  3.684e+00  3.708e+00  0.000e+00  3.708e+00  0.000e+00  0.000e+00  0.000e+00  5.001e-01  3.011e+00  1.968e-01  0.000e+00
 0.3630  7.39241e+00  3.093e+00  4.300e+00  0.000e+00  4.300e+00  0.000e+00  0.000e+00  0.000e+00  7.325e-01  3.363e+00  2.040e-01  0.000e+00
 0.3640  7.39239e+00  3.078e+00  4.314e+00  0.000e+00  4.314e+00  0.000e+00  0.000e+00  0.000e+00  7.205e-01  3.386e+00  2.077e-01  0.000e+00
 0.3650  7.39213e+00  3.599e+00  3.793e+00  0.000e+00  3.793e+00  0.000e+00  0.000e+00  0.000e+00  4.771e-01  3.109e+00  2.067e-01  0.000e+00
 0.3660  7.39188e+00  4.274e+00  3.118e+00  0.000e+00  3.118e+00  0.000e+00  0.000e+00  0.000e+00  2.721e-01  2.646e+00  2.007e-01  0.000e+00
 0.3670  7.39185e+00  4.724e+00  2.668e+00  0.000e+00  2.668e+00  0.000e+00  0.000e+00  0.000e+00  3.320e-01  2.146e+00  1.899e-01  0.000e+00
 0.3680  7.39200e+00  4.887e+00  2.505e+00  0.000e+00  2.505e+00  0.000e+00  0.000e+00  0.000e+00  5.886e-01  1.741e+00  1.754e-01  0.000e+00
 0.3690  7.39211e+00  4.969e+00  2.423e+00  0.000e+00  2.423e+00  0.000e+00  0.000e+00  0.000e+00  7.513e-01  1.513e+00  1.592e-01  0.000e+00
 0.3700  7.39203e+00  5.129e+00  2.263e+00  0.000e+00  2.263e+00  0.000e+00  0.000e+00  0.000e+00  6.276e-01  1.491e+00  1.437e-01  0.000e+00
 0.3710  7.39184e+00  5.255e+00  2.137e+00  0.000e+00  2.137e+00  0.000e+00  0.000e+00  0.000e+00  3.460e-01  1.660e+00  1.310e-01  0.000e+00
 0.3720  7.39177e+00  5.075e+00  2.317e+00  0.000e+00  2.317e+00  0.000e+00  0.000e+00  0.000e+00  2.307e-01  1.963e+00  1.224e-01  0.000e+00
 0.3730  7.39196e+00  4.505e+00  2.887e+00  0.000e+00  2.887e+00  0.000e+00  0.000e+00  0.000e+00  4.510e-01  2.318e+00  1.180e-01  0.000e+00
 0.3740  7.39226e+00  3.830e+00  3.562e+00  0.000e+00  3.562e+00  0.000e+00  0.000e+00  0.000e+00  8.210e-01  2.625e+00  1.164e-01  0.000e+00
 0.3750  7.39240e+00  3.505e+00  3.887e+00  0.000e+00  3.887e+00  0.000e+00  0.000e+00  0.000e+00  9.801e-01  2.791e+00  1.157e-01  0.000e+00
 0.3760  7.39225e+00  3.737e+00  3.655e+00  0.000e+00  3.655e+00  0.000e+00  0.000e+00  0.000e+00  7.780e-01  2.763e+00  1.141e-01  0.000e+00
 0.3770  7.39195e+00  4.293e+00  3.099e+00  0.000e+00  3.099e+00  0.000e+00  0.000e+00  0.000e+00  4.493e-01  2.540e+00  1.101e-01  0.000e+00
 0.3780  7.39180e+00  4.731e+00  2.661e+00  0.000e+00  2.661e+00  0.000e+00  0.000e+00  0.000e+00  3.788e-01  2.179e+00  1.030e-01  0.000e+00
 0.3790  7.39190e+00  4.817e+00  2.575e+00  0.000e+00  2.575e+00  0.000e+00  0.000e+00  0.000e+00  6.966e-01  1.786e+00  9.249e-02  0.000e+00
 0.3800  7.39211e+00  4.693e+00  2.699e+00  0.000e+00  2.699e+00  0.000e+00  0.000e+00  0.000e+00  1.139e+00  1.481e+00  7.939e-02  0.000e+00
 0.3810  7.39216e+00  4.644e+00  2.748e+00  0.000e+00  2.748e+00  0.000e+00  0.000e+00  0.000e+00  1.327e+00  1.356e+00  6.505e-02  0.000e+00
 0.3820  7.39201e+00  4.742e+00  2.650e+00  0.000e+00  2.650e+00  0.000e+00  0.000e+00  0.000e+00  1.160e+00  1.438e+00  5.143e-02  0.000e+00
 0.3830  7.39186e+00  4.780e+00  2.612e+00  0.000e+00  2.612e+00  0.000e+00  0.000e+00  0.000e+00  8.940e-01  1.677e+00  4.053e-02  0.000e+00
 0.3840  7.39193e+00  4.559e+00  2.833e+00  0.000e+00  2.833e+00  0.000e+00  0.000e+00  0.000e+00  8.260e-01  1.973e+00  3.384e-02  0.000e+00
 0.3850  7.39217e+00  4.185e+00  3.207e+00  0.000e+00  3.207e+00  0.000e+00  0.000e+00  0.000e+00  9.595e-01  2.216e+00  3.181e-02  0.000e+00
 0.3860  7.39234e+00  4.017e+00  3.376e+00  0.000e+00  3.376e+00  0.000e+00  0.000e+00  0.000e+00  1.014e+00  2.328e+00  3.368e-02  0.000e+00
 0.3870  7.39222e+00  4.291e+00  3.101e+00  0.000e+00  3.101e+00  0.000e+00  0.000e+00  0.000e+00  7.711e-01  2.292e+00  3.767e-02  0.000e+00
 0.3880  7.39192e+00  4.837e+00  2.555e+00  0.000e+00  2.555e+00  0.000e+00  0.000e+00  0.000e+00  3.652e-01  2.148e+00  4.158e-02  0.000e+00
 0.3890  7.39171e+00  5.205e+00  2.186e+00  0.000e+00  2.186e+00  0.000e+00  0.000e+00  0.000e+00  1.832e-01  1.960e+00  4.340e-02  0.000e+00
 0.3900  7.39181e+00  5.092e+00  2.300e+00  0.000e+00  2.300e+00  0.000e+00  0.000e+00  0.000e+00  4.782e-01  1.780e+00  4.194e-02  0.000e+00
 0.3910  7.39209e+00  4.627e+00  2.765e+00  0.000e+00  2.765e+00  0.000e+00  0.000e+00  0.000e+00  1.106e+00  1.622e+00  3.707e-02  0.000e+00
 0.3920  7.39228e+00  4.224e+00  3.168e+00  0.000e+00  3.168e+00  0.000e+00  0.000e+00  0.000e+00  1.668e+00  1.470e+00  2.986e-02  0.000e+00
 0.3930  7.39220e+00  4.162e+00  3.230e+00  0.000e+00  3.230e+00  0.000e+00  0.000e+00  0.000e+00  1.897e+00  1.311e+00  2.226e-02  0.000e+00
 0.3940  7.39199e+00  4.344e+00  3.048e+00  0.000e+00  3.048e+00  0.000e+00  0.000e+00  0.000e+00  1.882e+00  1.149e+00  1.657e-02  0.000e+00
 0.3950  7.39188e+00  4.462e+00  2.930e+00  0.000e+00  2.930e+00  0.000e+00  0.000e+00  0.000e+00  1.902e+00  1.013e+00  1.463e-02  0.000e+00
 0.3960  7.39201e+00  4.374e+00  3.018e+00  0.000e+00  3.018e+00  0.000e+00  0.000e+00  0.000e+00  2.065e+00  9.354e-01  1.741e-02  0.000e+00
 0.3970  7.39221e+00  4.261e+00  3.131e+00  0.000e+00  3.131e+00  0.000e+00  0.000e+00  0.000e+00  2.165e+00  9.413e-01  2.490e-02  0.000e+00
 0.3980  7.39222e+00  4.403e+00  2.989e+00  0.000e+00  2.989e+00  0.000e+00  0.000e+00  0.000e+00  1.910e+00  1.043e+00  3.630e-02  0.000e+00
 0.3990  7.39201e+00  4.820e+00  2.572e+00  0.000e+00  2.572e+00  0.000e+00  0.000e+00  0.000e+00  1.281e+00  1.241e+00  5.036e-02  0.000e+00
 0.4000  7.39176e+00  5.189e+00  2.203e+00  0.000e+00  2.203e+00  0.000e+00  0.000e+00  0.000e+00  6.141e-01  1.523e+00  6.565e-02  0.000e+00
 0.4010  7.39174e+00  5.144e+00  2.248e+00  0.000e+00  2.248e+00  0.000e+00  0.000e+00  0.000e+00  3.039e-01  1.863e+00  8.066e-02  0.000e+00
 0.4020  7.39197e+00  4.643e+00  2.749e+00  0.000e+00  2.749e+00  0.000e+00  0.000e+00  0.000e+00  4.397e-01  2.216e+00  9.395e-02  0.000e+00
 0.4030  7.39225e+00  4.026e+00  3.366e+00  0.000e+00  3.366e+00  0.000e+00  0.000e+00  0.000e+00  7.510e-01  2.510e+00  1.044e-01  0.000e+00
 0.4040  7.39233e+00  3.704e+00  3.688e+00  0.000e+00  3.688e+00  0.000e+00  0.000e+00  0.000e+00  9.136e-01  2.663e+00  1.118e-01  0.000e+00
 0.4050  7.39219e+00  3.801e+00  3.591e+00  0.000e+00  3.591e+00  0.000e+00  0.000e+00  0.000e+00  8.742e-01  2.601e+00  1.164e-01  0.000e+00
 0.4060  7.39201e+00  4.114e+00  3.278e+00  0.000e+00  3.278e+00  0.000e+00  0.000e+00  0.000e+00  8.540e-01  2.305e+00  1.196e-01  0.000e+00
 0.4070  7.39199e+00  4.391e+00  3.001e+00  0.000e+00  3.001e+00  0.000e+00  0.000e+00  0.000e+00  1.049e+00  1.829e+00  1.229e-01  0.000e+00
 0.4080  7.39209e+00  4.593e+00  2.799e+00  0.000e+00  2.799e+00  0.000e+00  0.000e+00  0.000e+00  1.374e+00  1.297e+00  1.272e-01  0.000e+00
 0.4090  7.39213e+00  4.858e+00  2.534e+00  0.000e+00  2.534e+00  0.000e+00  0.000e+00  0.000e+00  1.532e+00  8.690e-01  1.331e-01  0.000e+00
 0.4100  7.39199e+00  5.234e+00  2.158e+00  0.000e+00  2.158e+00  0.000e+00  0.000e+00  0.000e+00  1.330e+00  6.872e-01  1.406e-01  0.000e+00
 0.4110  7.39178e+00  5.519e+00  1.873e+00  0.000e+00  1.873e+00  0.000e+00  0.000e+00  0.000e+00  8.899e-01  8.336e-01  1.492e-01  0.000e+00
 0.4120  7.39172e+00  5.408e+00  1.983e+00  0.000e+00  1.983e+00  0.000e+00  0.000e+00  0.000e+00  5.261e-01  1.299e+00  1.579e-01  0.000e+00
 0.4130  7.39190e+00  4.812e+00  2.580e+00  0.000e+00  2.580e+00  0.000e+00  0.000e+00  0.000e+00  4.311e-01  1.983e+00  1.659e-01  0.000e+00
 0.4140  7.39219e+00  3.990e+00  3.403e+00  0.000e+00  3.403e+00  0.000e+00  0.000e+00  0.000e+00  5.124e-01  2.718e+00  1.723e-01  0.000e+00
 0.4150  7.39235e+00  3.358e+00  4.035e+00  0.000e+00  4.035e+00  0.000e+00  0.000e+00  0.000e+00  5.382e-01  3.320e+00  1.766e-01  0.000e+00
 0.4160  7.39230e+00  3.159e+00  4.234e+00  0.000e+00  4.234e+00  0.000e+00  0.000e+00  0.000e+00  4.085e-01  3.646e+00  1.787e-01  0.000e+00
 0.4170  7.39215e+00  3.328e+00  4.064e+00  0.000e+00  4.064e+00  0.000e+00  0.000e+00  0.000e+00  2.495e-01  3.636e+00  1.789e-01  0.000e+00
 0.4180  7.39207e+00  3.652e+00  3.740e+00  0.000e+00  3.740e+00  0.000e+00  0.000e+00  0.000e+00  2.473e-01  3.315e+00  1.779e-01  0.000e+00
 0.4190  7.39210e+00  4.010e+00  3.383e+00  0.000e+00  3.383e+00  0.000e+00  0.000e+00  0.000e+00  4.223e-01  2.784e+00  1.764e-01  0.000e+00
 0.4200  7.39212e+00  4.434e+00  2.958e+00  0.000e+00  2.958e+00  0.000e+00  0.000e+00  0.000e+00  5.998e-01  2.184e+00  1.747e-01  0.000e+00
 0.4210  7.39202e+00  4.949e+00  2.443e+00  0.000e+00  2.443e+00  0.000e+00  0.000e+00  0.000e+00  6.006e-01  1.669e+00  1.727e-01  0.000e+00
 0.4220  7.39185e+00  5.413e+00  1.979e+00  0.000e+00  1.979e+00  0.000e+00  0.000e+00  0.000e+00  4.348e-01  1.374e+00  1.701e-01  0.000e+00
 0.4230  7.39174e+00  5.566e+00  1.826e+00  0.000e+00  1.826e+00  0.000e+00  0.000e+00  0.000e+00  2.827e-01  1.377e+00  1.664e-01  0.000e+00
 0.4240  7.39183e+00  5.257e+00  2.135e+00  0.000e+00  2.135e+00  0.000e+00  0.000e+00  0.000e+00  2.934e-01  1.680e+00  1.610e-01  0.000e+00
 0.4250  7.39205e+00  4.615e+00  2.777e+00  0.000e+00  2.777e+00  0.000e+00  0.000e+00  0.000e+00  4.306e-01  2.192e+00  1.539e-01  0.000e+00
 0.4260  7.39225e+00  3.973e+00  3.419e+00  0.000e+00  3.419e+00  0.000e+00  0.000e+00  0.000e+00  5.282e-01  2.746e+00  1.450e-01  0.000e+00
 0.4270  7.39231e+00  3.632e+00  3.760e+00  0.000e+00  3.760e+00  0.000e+00  0.000e+00  0.000e+00  4.796e-01  3.145e+00  1.348e-01  0.000e+00
 0.4280  7.39224e+00  3.683e+00  3.709e+00  0.000e+00  3.709e+00  0.000e+00  0.000e+00  0.000e+00  3.450e-01  3.240e+00  1.240e-01  0.000e+00
 0.4290  7.39214e+00  4.022e+00  3.370e+00  0.000e+00  3.370e+00  0.000e+00  0.000e+00  0.000e+00  2.729e-01  2.983e+00  1.135e-01  0.000e+00
 0.4300  7.39206e+00  4.494e+00  2.899e+00  0.000e+00  2.899e+00  0.000e+00  0.000e+00  0.000e+00  3.387e-01  2.456e+00  1.038e-01  0.000e+00
 0.4310  7.39199e+00  4.978e+00  2.414e+00  0.000e+00  2.414e+00  0.000e+00  0.000e+00  0.000e+00  4.853e-01  1.833e+00  9.526e-02  0.000e+00
 0.4320  7.39189e+00  5.365e+00  2.027e+00  0.000e+00  2.027e+00  0.000e+00  0.000e+00  0.000e+00  6.180e-01  1.321e+00  8.801e-02  0.000e+00
 0.4330  7.39179e+00  5.502e+00  1.890e+00  0.000e+00  1.890e+00  0.000e+00  0.000e+00  0.000e+00  7.273e-01  1.081e+00  8.180e-02  0.000e+00
 0.4340  7.39180e+00  5.245e+00  2.146e+00  0.000e+00  2.146e+00  0.000e+00  0.000e+00  0.000e+00  8.859e-01  1.184e+00  7.624e-02  0.000e+00
 0.4350  7.39195e+00  4.606e+00  2.786e+00  0.000e+00  2.786e+00  0.000e+00  0.000e+00  0.000e+00  1.126e+00  1.590e+00  7.076e-02  0.000e+00
 0.4360  7.39217e+00  3.806e+00  3.587e+00  0.000e+00  3.587e+00  0.000e+00  0.000e+00  0.000e+00  1.358e+00  2.164e+00  6.466e-02  0.000e+00
 0.4370  7.39232e+00  3.172e+00  4.220e+00  0.000e+00  4.220e+00  0.000e+00  0.000e+00  0.000e+00  1.441e+00  2.722e+00  5.733e-02  0.000e+00
 0.4380  7.39234e+00  2.938e+00  4.454e+00  0.000e+00  4.454e+00  0.000e+00  0.000e+00  0.000e+00  1.321e+00  3.085e+00  4.852e-02  0.000e+00
 0.4390  7.39227e+00  3.137e+00  4.256e+00  0.000e+00  4.256e+00  0.000e+00  0.000e+00  0.000e+00  1.082e+00  3.135e+00  3.854e-02  0.000e+00
 0.4400  7.39220e+00  3.668e+00  3.724e+00  0.000e+00  3.724e+00  0.000e+00  0.000e+00  0.000e+00  8.498e-01  2.846e+00  2.833e-02  0.000e+00
 0.4410  7.39213e+00  4.411e+00  2.981e+00  0.000e+00  2.981e+00  0.000e+00  0.000e+00  0.000e+00  6.688e-01  2.293e+00  1.913e-02  0.000e+00
 0.4420  7.39201e+00  5.247e+00  2.145e+00  0.000e+00  2.145e+00  0.000e+00  0.000e+00  0.000e+00  5.114e-01  1.621e+00  1.201e-02  0.000e+00
 0.4430  7.39184e+00  5.995e+00  1.397e+00  0.000e+00  1.397e+00  0.000e+00  0.000e+00  0.000e+00  3.843e-01  1.005e+00  7.553e-03  0.000e+00
 0.4440  7.39170e+00  6.399e+00  9.922e-01  0.000e+00  9.922e-01  0.000e+00  0.000e+00  0.000e+00  3.883e-01  5.981e-01  5.757e-03  0.000e+00
 0.4450  7.39170e+00  6.257e+00  1.134e+00  0.000e+00  1.134e+00  0.000e+00  0.000e+00  0.000e+00  6.336e-01  4.945e-01  6.185e-03  0.000e+00
 0.4460  7.39187e+00  5.587e+00  1.805e+00  0.000e+00  1.805e+00  0.000e+00  0.000e+00  0.000e+00  1.095e+00  7.014e-01  8.175e-03  0.000e+00
 0.4470  7.39210e+00  4.653e+00  2.739e+00  0.000e+00  2.739e+00  0.000e+00  0.000e+00  0.000e+00  1.588e+00  1.139e+00  1.107e-02  0.000e+00
 0.4480  7.39225e+00  3.801e+00  3.592e+00  0.000e+00  3.592e+00  0.000e+00  0.000e+00  0.000e+00  1.914e+00  1.663e+00  1.440e-02  0.000e+00
 0.4490  7.39227e+00  3.251e+00  4.142e+00  0.000e+00  4.142e+00  0.000e+00  0.000e+00  0.000e+00  2.022e+00  2.102e+00  1.792e-02  0.000e+00
 0.4500  7.39224e+00  3.046e+00  4.347e+00  0.000e+00  4.347e+00  0.000e+00  0.000e+00  0.000e+00  2.013e+00  2.312e+00  2.165e-02  0.000e+00
 0.4510  7.39225e+00  3.160e+00  4.232e+00  0.000e+00  4.232e+00  0.000e+00  0.000e+00  0.000e+00  1.975e+00  2.231e+00  2.575e-02  0.000e+00
 0.4520  7.39226e+00  3.603e+00  3.790e+00  0.000e+00  3.790e+00  0.000e+00  0.000e+00  0.000e+00  1.857e+00  1.902e+00  3.050e-02  0.000e+00
 0.4530  7.39214e+00  4.361e+00  3.032e+00  0.000e+00  3.032e+00  0.000e+00  0.000e+00  0.000e+00  1.535e+00  1.460e+00  3.629e-02  0.000e+00
 0.4540  7.39189e+00  5.252e+00  2.140e+00  0.000e+00  2.140e+00  0.000e+00  0.000e+00  0.000e+00  1.017e+00  1.080e+00  4.360e-02  0.000e+00
 0.4550  7.39165e+00  5.902e+00  1.490e+00  0.000e+00  1.490e+00  0.000e+00  0.000e+00  0.000e+00  5.306e-01  9.067e-01  5.282e-02  0.000e+00
 0.4560  7.39162e+00  5.961e+00  1.430e+00  0.000e+00  1.430e+00  0.000e+00  0.000e+00  0.000e+00  3.620e-01  1.004e+00  6.404e-02  0.000e+00
 0.4570  7.39185e+00  5.398e+00  1.994e+00  0.000e+00  1.994e+00  0.000e+00  0.000e+00  0.000e+00  5.737e-01  1.344e+00  7.689e-02  0.000e+00
 0.4580  7.39216e+00  4.558e+00  2.834e+00  0.000e+00  2.834e+00  0.000e+00  0.000e+00  0.000e+00  9.241e-01  1.820e+00  9.050e-02  0.000e+00
 0.4590  7.39230e+00  3.903e+00  3.489e+00  0.000e+00  3.489e+00  0.000e+00  0.000e+00  0.000e+00  1.102e+00  2.283e+00  1.037e-01  0.000e+00
 0.4600  7.39222e+00  3.653e+00  3.739e+00  0.000e+00  3.739e+00  0.000e+00  0.000e+00  0.000e+00  1.039e+00  2.584e+00  1.152e-01  0.000e+00
 0.4610  7.39208e+00  3.697e+00  3.695e+00  0.000e+00  3.695e+00  0.000e+00  0.000e+00  0.000e+00  9.575e-01  2.613e+00  1.243e-01  0.000e+00
 0.4620  7.39207e+00  3.831e+00  3.561e+00  0.000e+00  3.561e+00  0.000e+00  0.000e+00  0.000e+00  1.085e+00  2.344e+00  1.311e-01  0.000e+00
 0.4630  7.39218e+00  4.038e+00  3.354e+00  0.000e+00  3.354e+00  0.000e+00  0.000e+00  0.000e+00  1.366e+00  1.852e+00  1.363e-01  0.000e+00
 0.4640  7.39221e+00  4.462e+00  2.930e+00  0.000e+00  2.930e+00  0.000e+00  0.000e+00  0.000e+00  1.493e+00  1.296e+00  1.412e-01  0.000e+00
 0.4650  7.39200e+00  5.122e+00  2.270e+00  0.000e+00  2.270e+00  0.000e+00  0.000e+00  0.000e+00  1.250e+00  8.732e-01  1.467e-01  0.000e+00
 0.4660  7.39168e+00  5.707e+00  1.685e+00  0.000e+00  1.685e+00  0.000e+00  0.000e+00  0.000e+00  7.839e-01  7.476e-01  1.536e-01  0.000e+00
 0.4670  7.39155e+00  5.761e+00  1.631e+00  0.000e+00  1.631e+00  0.000e+00  0.000e+00  0.000e+00  4.796e-01  9.892e-01  1.617e-01  0.000e+00
 0.4680  7.39176e+00  5.115e+00  2.277e+00  0.000e+00  2.277e+00  0.000e+00  0.000e+00  0.000e+00  5.607e-01  1.546e+00  1.706e-01  0.000e+00
 0.4690  7.39216e+00  4.106e+00  3.286e+00  0.000e+00  3.286e+00  0.000e+00  0.000e+00  0.000e+00  8.461e-01  2.260e+00  1.797e-01  0.000e+00
 0.4700  7.39239e+00  3.330e+00  4.062e+00  0.000e+00  4.062e+00  0.000e+00  0.000e+00  0.000e+00  9.493e-01  2.925e+00  1.881e-01  0.000e+00
 0.4710  7.39229e+00  3.135e+00  4.258e+00  0.000e+00  4.258e+00  0.000e+00  0.000e+00  0.000e+00  7.080e-01  3.354e+00  1.954e-01  0.000e+00
 0.4720  7.39203e+00  3.383e+00  4.009e+00  0.000e+00  4.009e+00  0.000e+00  0.000e+00  0.000e+00  3.686e-01  3.440e+00  2.007e-01  0.000e+00
 0.4730  7.39191e+00  3.697e+00  3.695e+00  0.000e+00  3.695e+00  0.000e+00  0.000e+00  0.000e+00  3.122e-01  3.180e+00  2.035e-01  0.000e+00
 0.4740  7.39204e+00  3.898e+00  3.494e+00  0.000e+00  3.494e+00  0.000e+00  0.000e+00  0.000e+00  6.215e-01  2.670e+00  2.031e-01  0.000e+00
 0.4750  7.39220e+00  4.158e+00  3.234e+00  0.000e+00  3.234e+00  0.000e+00  0.000e+00  0.000e+00  9.711e-01  2.064e+00  1.992e-01  0.000e+00
 0.4760  7.39213e+00  4.697e+00  2.695e+00  0.000e+00  2.695e+00  0.000e+00  0.000e+00  0.000e+00  9.788e-01  1.524e+00  1.920e-01  0.000e+00
 0.4770  7.39181e+00  5.395e+00  1.996e+00  0.000e+00  1.996e+00  0.000e+00  0.000e+00  0.000e+00  6.405e-01  1.173e+00  1.828e-01  0.000e+00
 0.4780  7.39155e+00  5.793e+00  1.599e+00  0.000e+00  1.599e+00  0.000e+00  0.000e+00  0.000e+00  3.609e-01  1.065e+00  1.730e-01  0.000e+00
 0.4790  7.39163e+00  5.519e+00  1.872e+00  0.000e+00  1.872e+00  0.000e+00  0.000e+00  0.000e+00  5.188e-01  1.189e+00  1.645e-01  0.000e+00
 0.4800  7.39203e+00  4.719e+00  2.673e+00  0.000e+00  2.673e+00  0.000e+00  0.000e+00  0.000e+00  1.030e+00  1.485e+00  1.580e-01  0.000e+00
 0.4810  7.39236e+00  3.976e+00  3.417e+00  0.000e+00  3.417e+00  0.000e+00  0.000e+00  0.000e+00  1.401e+00  1.862e+00  1.535e-01  0.000e+00
 0.4820  7.39232e+00  3.781e+00  3.611e+00  0.000e+00  3.611e+00  0.000e+00  0.000e+00  0.000e+00  1.243e+00  2.218e+00  1.500e-01  0.000e+00
 0.4830  7.39200e+00  4.092e+00  3.300e+00  0.000e+00  3.300e+00  0.000e+00  0.000e+00  0.000e+00  6.997e-01  2.454e+00  1.463e-01  0.000e+00
 0.4840  7.39175e+00  4.432e+00  2.959e+00  0.000e+00  2.959e+00  0.000e+00  0.000e+00  0.000e+00  3.144e-01  2.504e+00  1.414e-01  0.000e+00
 0.4850  7.39183e+00  4.434e+00  2.958e+00  0.000e+00  2.958e+00  0.000e+00  0.000e+00  0.000e+00  4.739e-01  2.349e+00  1.346e-01  0.000e+00
 0.4860  7.39213e+00  4.213e+00  3.179e+00  0.000e+00  3.179e+00  0.000e+00  0.000e+00  0.000e+00  1.018e+00  2.035e+00  1.260e-01  0.000e+00
 0.4870  7.39227e+00  4.187e+00  3.205e+00  0.000e+00  3.205e+00  0.000e+00  0.000e+00  0.000e+00  1.431e+00  1.658e+00  1.161e-01  0.000e+00
 0.4880  7.39205e+00  4.548e+00  2.844e+00  0.000e+00  2.844e+00  0.000e+00  0.000e+00  0.000e+00  1.401e+00  1.338e+00  1.054e-01  0.000e+00
 0.4890  7.39170e+00  4.986e+00  2.405e+00  0.000e+00  2.405e+00  0.000e+00  0.000e+00  0.000e+00  1.131e+00  1.180e+00  9.466e-02  0.000e+00
 0.4900  7.39159e+00  4.993e+00  2.399e+00  0.000e+00  2.399e+00  0.000e+00  0.000e+00  0.000e+00  1.083e+00  1.232e+00  8.430e-02  0.000e+00
 0.4910  7.39188e+00  4.423e+00  2.969e+00  0.000e+00  2.969e+00  0.000e+00  0.000e+00  0.000e+00  1.436e+00  1.459e+00  7.468e-02  0.000e+00
 0.4920  7.39230e+00  3.707e+00  3.685e+00  0.000e+00  3.685e+00  0.000e+00  0.000e+00  0.000e+00  1.861e+00  1.758e+00  6.599e-02  0.000e+00
 0.4930  7.39243e+00  3.459e+00  3.933e+00  0.000e+00  3.933e+00  0.000e+00  0.000e+00  0.000e+00  1.871e+00  2.004e+00  5.824e-02  0.000e+00
 0.4940  7.39217e+00  3.883e+00  3.509e+00  0.000e+00  3.509e+00  0.000e+00  0.000e+00  0.000e+00  1.356e+00  2.101e+00  5.128e-02  0.000e+00
 0.4950  7.39179e+00  4.597e+00  2.795e+00  0.000e+00  2.795e+00  0.000e+00  0.000e+00  0.000e+00  7.301e-01  2.020e+00  4.486e-02  0.000e+00
 0.4960  7.39168e+00  5.047e+00  2.344e+00  0.000e+00  2.344e+00  0.000e+00  0.000e+00  0.000e+00  5.127e-01  1.793e+00  3.867e-02  0.000e+00
 0.4970  7.39190e+00  5.061e+00  2.331e+00  0.000e+00  2.331e+00  0.000e+00  0.000e+00  0.000e+00  8.093e-01  1.490e+00  3.243e-02  0.000e+00
 0.4980  7.39216e+00  4.948e+00  2.444e+00  0.000e+00  2.444e+00  0.000e+00  0.000e+00  0.000e+00  1.237e+00  1.181e+00  2.601e-02  0.000e+00
 0.4990  7.39213e+00  5.077e+00  2.315e+00  0.000e+00  2.315e+00  0.000e+00  0.000e+00  0.000e+00  1.373e+00  9.228e-01  1.960e-02  0.000e+00
 0.5000  7.39186e+00  5.374e+00  2.018e+00  0.000e+00  2.018e+00  0.000e+00  0.000e+00  0.000e+00  1.245e+00  7.595e-01  1.432e-02  0.000e+00
