#
# INPUTFILE /home/tmpchem/coding/compchem/input/md/h2o.md
#
# -- INPUT DATA --
#
# MOLFILE /home/tmpchem/coding/compchem/geom/prm/h2o.prm
# ENERGYOUT /home/tmpchem/coding/compchem/data/md/h2o.dat
# GEOMOUT /home/tmpchem/coding/compchem/data/md/h2o.xyz
# RANDOMSEED 3473404960
# TEMPERATURE 298.150000 K
# BOUNDARY 17.260000 A
# BOUNDARYSPRING 250.000000 kcal/(mol*A^2)
# BOUNDARYTYPE sphere
# STATUSTIME 1.000000 s
# ENERGYTIME 0.020000 ps
# GEOMTIME 0.010000 ps
# TOTALTIME 10.000000 ps
# TIMESTEP 0.000100 ps
# EQTIME 0.000000 ps
# EQRATE 2.000000 ps
#
# -- ENERGY DATA --
#
# energy terms [kcal/mol]
#  time      e_total      e_kin      e_pot  e_nonbond   e_bonded e_boundary      e_vdw     e_elst     e_bond    e_angle     e_tors      e_oop
 0.0000  3.59409e+00  2.666e+00  9.279e-01  0.000e+00  9.279e-01  0.000e+00  0.000e+00  0.000e+00  1.812e-01  7.467e-01  0.000e+00  0.000e+00
 0.0200  3.59481e+00  2.278e+00  1.317e+00  0.000e+00  1.317e+00  0.000e+00  0.000e+00  0.000e+00  5.966e-01  7.203e-01  0.000e+00  0.000e+00
 0.0400  3.59420e+00  2.901e+00  6.933e-01  0.000e+00  6.933e-01  0.000e+00  0.000e+00  0.000e+00  1.546e-01  5.387e-01  0.000e+00  0.000e+00
 0.0600  3.59412e+00  3.241e+00  3.536e-01  0.000e+00  3.536e-01  0.000e+00  0.000e+00  0.000e+00  3.241e-01  2.949e-02  0.000e+00  0.000e+00
 0.0800  3.59430e+00  2.895e+00  6.989e-01  0.000e+00  6.989e-01  0.000e+00  0.000e+00  0.000e+00  4.730e-01  2.259e-01  0.000e+00  0.000e+00
 0.1000  3.59432e+00  2.720e+00  8.740e-01  0.000e+00  8.740e-01  0.000e+00  0.000e+00  0.000e+00  2.898e-01  5.842e-01  0.000e+00  0.000e+00
 0.1200  3.59462e+00  2.329e+00  1.266e+00  0.000e+00  1.266e+00  0.000e+00  0.000e+00  0.000e+00  4.686e-01  7.974e-01  0.000e+00  0.000e+00
 0.1400  3.59428e+00  2.692e+00  9.021e-01  0.000e+00  9.021e-01  0.000e+00  0.000e+00  0.000e+00  3.508e-01  5.512e-01  0.000e+00  0.000e+00
 0.1600  3.59420e+00  3.063e+00  5.314e-01  0.000e+00  5.314e-01  0.000e+00  0.000e+00  0.000e+00  4.459e-01  8.544e-02  0.000e+00  0.000e+00
 0.1800  3.59420e+00  3.135e+00  4.590e-01  0.000e+00  4.590e-01  0.000e+00  0.000e+00  0.000e+00  4.134e-01  4.554e-02  0.000e+00  0.000e+00
 0.2000  3.59420e+00  2.832e+00  7.619e-01  0.000e+00  7.619e-01  0.000e+00  0.000e+00  0.000e+00  1.110e-01  6.509e-01  0.000e+00  0.000e+00
 0.2200  3.59486e+00  2.225e+00  1.370e+00  0.000e+00  1.370e+00  0.000e+00  0.000e+00  0.000e+00  5.601e-01  8.094e-01  0.000e+00  0.000e+00
 0.2400  3.59400e+00  2.900e+00  6.938e-01  0.000e+00  6.938e-01  0.000e+00  0.000e+00  0.000e+00  1.388e-01  5.550e-01  0.000e+00  0.000e+00
 0.2600  3.59465e+00  2.516e+00  1.079e+00  0.000e+00  1.079e+00  0.000e+00  0.000e+00  0.000e+00  8.493e-01  2.295e-01  0.000e+00  0.000e+00
 0.2800  3.59373e+00  3.478e+00  1.161e-01  0.000e+00  1.161e-01  0.000e+00  0.000e+00  0.000e+00  1.050e-01  1.105e-02  0.000e+00  0.000e+00
 0.3000  3.59463e+00  2.642e+00  9.522e-01  0.000e+00  9.522e-01  0.000e+00  0.000e+00  0.000e+00  5.454e-01  4.068e-01  0.000e+00  0.000e+00
 0.3200  3.59427e+00  2.699e+00  8.952e-01  0.000e+00  8.952e-01  0.000e+00  0.000e+00  0.000e+00  9.004e-02  8.052e-01  0.000e+00  0.000e+00
 0.3400  3.59474e+00  2.172e+00  1.423e+00  0.000e+00  1.423e+00  0.000e+00  0.000e+00  0.000e+00  6.354e-01  7.876e-01  0.000e+00  0.000e+00
 0.3600  3.59406e+00  3.089e+00  5.054e-01  0.000e+00  5.054e-01  0.000e+00  0.000e+00  0.000e+00  2.558e-01  2.496e-01  0.000e+00  0.000e+00
 0.3800  3.59432e+00  3.035e+00  5.591e-01  0.000e+00  5.591e-01  0.000e+00  0.000e+00  0.000e+00  5.509e-01  8.248e-03  0.000e+00  0.000e+00
 0.4000  3.59405e+00  3.144e+00  4.499e-01  0.000e+00  4.499e-01  0.000e+00  0.000e+00  0.000e+00  2.136e-01  2.363e-01  0.000e+00  0.000e+00
 0.4200  3.59463e+00  2.363e+00  1.231e+00  0.000e+00  1.231e+00  0.000e+00  0.000e+00  0.000e+00  5.006e-01  7.306e-01  0.000e+00  0.000e+00
 0.4400  3.59438e+00  2.512e+00  1.083e+00  0.000e+00  1.083e+00  0.000e+00  0.000e+00  0.000e+00  3.263e-01  7.565e-01  0.000e+00  0.000e+00
 0.4600  3.59463e+00  2.498e+00  1.097e+00  0.000e+00  1.097e+00  0.000e+00  0.000e+00  0.000e+00  5.984e-01  4.987e-01  0.000e+00  0.000e+00
 0.4800  3.59375e+00  3.511e+00  8.265e-02  0.000e+00  8.265e-02  0.000e+00  0.000e+00  0.000e+00  4.994e-02  3.271e-02  0.000e+00  0.000e+00
 0.5000  3.59467e+00  2.698e+00  8.972e-01  0.000e+00  8.972e-01  0.000e+00  0.000e+00  0.000e+00  7.106e-01  1.866e-01  0.000e+00  0.000e+00
 0.5200  3.59392e+00  3.091e+00  5.033e-01  0.000e+00  5.033e-01  0.000e+00  0.000e+00  0.000e+00  8.481e-03  4.948e-01  0.000e+00  0.000e+00
 0.5400  3.59500e+00  1.852e+00  1.743e+00  0.000e+00  1.743e+00  0.000e+00  0.000e+00  0.000e+00  9.199e-01  8.233e-01  0.000e+00  0.000e+00
 0.5600  3.59409e+00  2.910e+00  6.840e-01  0.000e+00  6.840e-01  0.000e+00  0.000e+00  0.000e+00  7.832e-02  6.056e-01  0.000e+00  0.000e+00
 0.5800  3.59446e+00  2.954e+00  6.400e-01  0.000e+00  6.400e-01  0.000e+00  0.000e+00  0.000e+00  4.885e-01  1.515e-01  0.000e+00  0.000e+00
 0.6000  3.59400e+00  3.345e+00  2.493e-01  0.000e+00  2.493e-01  0.000e+00  0.000e+00  0.000e+00  1.907e-01  5.855e-02  0.000e+00  0.000e+00
 0.6200  3.59444e+00  2.546e+00  1.049e+00  0.000e+00  1.049e+00  0.000e+00  0.000e+00  0.000e+00  5.062e-01  5.427e-01  0.000e+00  0.000e+00
 0.6400  3.59452e+00  2.338e+00  1.256e+00  0.000e+00  1.256e+00  0.000e+00  0.000e+00  0.000e+00  6.100e-01  6.463e-01  0.000e+00  0.000e+00
 0.6600  3.59438e+00  2.655e+00  9.398e-01  0.000e+00  9.398e-01  0.000e+00  0.000e+00  0.000e+00  2.810e-01  6.588e-01  0.000e+00  0.000e+00
 0.6800  3.59439e+00  2.867e+00  7.277e-01  0.000e+00  7.277e-01  0.000e+00  0.000e+00  0.000e+00  3.900e-01  3.377e-01  0.000e+00  0.000e+00
 0.7000  3.59400e+00  3.355e+00  2.394e-01  0.000e+00  2.394e-01  0.000e+00  0.000e+00  0.000e+00  2.250e-01  1.442e-02  0.000e+00  0.000e+00
 0.7200  3.59434e+00  2.834e+00  7.605e-01  0.000e+00  7.605e-01  0.000e+00  0.000e+00  0.000e+00  4.334e-01  3.272e-01  0.000e+00  0.000e+00
 0.7400  3.59459e+00  2.257e+00  1.337e+00  0.000e+00  1.337e+00  0.000e+00  0.000e+00  0.000e+00  5.911e-01  7.462e-01  0.000e+00  0.000e+00
 0.7600  3.59429e+00  2.636e+00  9.581e-01  0.000e+00  9.581e-01  0.000e+00  0.000e+00  0.000e+00  2.142e-01  7.439e-01  0.000e+00  0.000e+00
 0.7800  3.59457e+00  2.699e+00  8.959e-01  0.000e+00  8.959e-01  0.000e+00  0.000e+00  0.000e+00  5.617e-01  3.342e-01  0.000e+00  0.000e+00
 0.8000  3.59382e+00  3.409e+00  1.844e-01  0.000e+00  1.844e-01  0.000e+00  0.000e+00  0.000e+00  1.598e-01  2.461e-02  0.000e+00  0.000e+00
 0.8200  3.59456e+00  2.750e+00  8.442e-01  0.000e+00  8.442e-01  0.000e+00  0.000e+00  0.000e+00  6.239e-01  2.203e-01  0.000e+00  0.000e+00
 0.8400  3.59410e+00  2.763e+00  8.311e-01  0.000e+00  8.311e-01  0.000e+00  0.000e+00  0.000e+00  6.445e-02  7.666e-01  0.000e+00  0.000e+00
 0.8600  3.59494e+00  2.176e+00  1.419e+00  0.000e+00  1.419e+00  0.000e+00  0.000e+00  0.000e+00  6.594e-01  7.594e-01  0.000e+00  0.000e+00
 0.8800  3.59397e+00  2.999e+00  5.948e-01  0.000e+00  5.948e-01  0.000e+00  0.000e+00  0.000e+00  5.113e-02  5.437e-01  0.000e+00  0.000e+00
 0.9000  3.59444e+00  2.818e+00  7.761e-01  0.000e+00  7.761e-01  0.000e+00  0.000e+00  0.000e+00  7.304e-01  4.573e-02  0.000e+00  0.000e+00
 0.9200  3.59394e+00  3.262e+00  3.321e-01  0.000e+00  3.321e-01  0.000e+00  0.000e+00  0.000e+00  2.571e-01  7.505e-02  0.000e+00  0.000e+00
 0.9400  3.59450e+00  2.687e+00  9.077e-01  0.000e+00  9.077e-01  0.000e+00  0.000e+00  0.000e+00  3.998e-01  5.079e-01  0.000e+00  0.000e+00
 0.9600  3.59448e+00  2.383e+00  1.211e+00  0.000e+00  1.211e+00  0.000e+00  0.000e+00  0.000e+00  2.186e-01  9.926e-01  0.000e+00  0.000e+00
 0.9800  3.59457e+00  2.592e+00  1.002e+00  0.000e+00  1.002e+00  0.000e+00  0.000e+00  0.000e+00  4.071e-01  5.953e-01  0.000e+00  0.000e+00
 1.0000  3.59393e+00  3.248e+00  3.462e-01  0.000e+00  3.462e-01  0.000e+00  0.000e+00  0.000e+00  2.283e-01  1.178e-01  0.000e+00  0.000e+00
 1.0200  3.59445e+00  2.823e+00  7.712e-01  0.000e+00  7.712e-01  0.000e+00  0.000e+00  0.000e+00  7.487e-01  2.245e-02  0.000e+00  0.000e+00
 1.0400  3.59393e+00  3.076e+00  5.177e-01  0.000e+00  5.177e-01  0.000e+00  0.000e+00  0.000e+00  4.854e-02  4.692e-01  0.000e+00  0.000e+00
 1.0600  3.59494e+00  2.195e+00  1.400e+00  0.000e+00  1.400e+00  0.000e+00  0.000e+00  0.000e+00  6.791e-01  7.211e-01  0.000e+00  0.000e+00
 1.0800  3.59409e+00  2.738e+00  8.564e-01  0.000e+00  8.564e-01  0.000e+00  0.000e+00  0.000e+00  3.741e-02  8.190e-01  0.000e+00  0.000e+00
 1.1000  3.59466e+00  2.625e+00  9.699e-01  0.000e+00  9.699e-01  0.000e+00  0.000e+00  0.000e+00  6.723e-01  2.976e-01  0.000e+00  0.000e+00
 1.1200  3.59373e+00  3.509e+00  8.433e-02  0.000e+00  8.433e-02  0.000e+00  0.000e+00  0.000e+00  7.769e-02  6.641e-03  0.000e+00  0.000e+00
 1.1400  3.59462e+00  2.696e+00  8.988e-01  0.000e+00  8.988e-01  0.000e+00  0.000e+00  0.000e+00  6.132e-01  2.856e-01  0.000e+00  0.000e+00
 1.1600  3.59422e+00  2.698e+00  8.965e-01  0.000e+00  8.965e-01  0.000e+00  0.000e+00  0.000e+00  1.926e-01  7.040e-01  0.000e+00  0.000e+00
 1.1800  3.59462e+00  2.206e+00  1.389e+00  0.000e+00  1.389e+00  0.000e+00  0.000e+00  0.000e+00  6.306e-01  7.583e-01  0.000e+00  0.000e+00
 1.2000  3.59437e+00  2.775e+00  8.191e-01  0.000e+00  8.191e-01  0.000e+00  0.000e+00  0.000e+00  4.249e-01  3.942e-01  0.000e+00  0.000e+00
 1.2200  3.59403e+00  3.318e+00  2.765e-01  0.000e+00  2.765e-01  0.000e+00  0.000e+00  0.000e+00  2.339e-01  4.258e-02  0.000e+00  0.000e+00
 1.2400  3.59435e+00  2.964e+00  6.305e-01  0.000e+00  6.305e-01  0.000e+00  0.000e+00  0.000e+00  3.667e-01  2.638e-01  0.000e+00  0.000e+00
 1.2600  3.59436e+00  2.693e+00  9.013e-01  0.000e+00  9.013e-01  0.000e+00  0.000e+00  0.000e+00  2.794e-01  6.219e-01  0.000e+00  0.000e+00
 1.2800  3.59456e+00  2.293e+00  1.302e+00  0.000e+00  1.302e+00  0.000e+00  0.000e+00  0.000e+00  6.447e-01  6.571e-01  0.000e+00  0.000e+00
 1.3000  3.59440e+00  2.543e+00  1.052e+00  0.000e+00  1.052e+00  0.000e+00  0.000e+00  0.000e+00  4.586e-01  5.931e-01  0.000e+00  0.000e+00
 1.3200  3.59410e+00  3.223e+00  3.708e-01  0.000e+00  3.708e-01  0.000e+00  0.000e+00  0.000e+00  2.711e-01  9.967e-02  0.000e+00  0.000e+00
 1.3400  3.59437e+00  3.051e+00  5.434e-01  0.000e+00  5.434e-01  0.000e+00  0.000e+00  0.000e+00  4.516e-01  9.178e-02  0.000e+00  0.000e+00
 1.3600  3.59410e+00  2.959e+00  6.348e-01  0.000e+00  6.348e-01  0.000e+00  0.000e+00  0.000e+00  9.601e-02  5.388e-01  0.000e+00  0.000e+00
 1.3800  3.59498e+00  1.874e+00  1.721e+00  0.000e+00  1.721e+00  0.000e+00  0.000e+00  0.000e+00  8.821e-01  8.386e-01  0.000e+00  0.000e+00
 1.4000  3.59398e+00  3.018e+00  5.757e-01  0.000e+00  5.757e-01  0.000e+00  0.000e+00  0.000e+00  2.522e-02  5.504e-01  0.000e+00  0.000e+00
 1.4200  3.59465e+00  2.676e+00  9.188e-01  0.000e+00  9.188e-01  0.000e+00  0.000e+00  0.000e+00  6.784e-01  2.404e-01  0.000e+00  0.000e+00
 1.4400  3.59379e+00  3.460e+00  1.337e-01  0.000e+00  1.337e-01  0.000e+00  0.000e+00  0.000e+00  1.230e-01  1.068e-02  0.000e+00  0.000e+00
 1.4600  3.59454e+00  2.616e+00  9.783e-01  0.000e+00  9.783e-01  0.000e+00  0.000e+00  0.000e+00  5.699e-01  4.084e-01  0.000e+00  0.000e+00
 1.4800  3.59438e+00  2.535e+00  1.060e+00  0.000e+00  1.060e+00  0.000e+00  0.000e+00  0.000e+00  3.292e-01  7.307e-01  0.000e+00  0.000e+00
 1.5000  3.59468e+00  2.291e+00  1.304e+00  0.000e+00  1.304e+00  0.000e+00  0.000e+00  0.000e+00  5.006e-01  8.034e-01  0.000e+00  0.000e+00
 1.5200  3.59407e+00  3.118e+00  4.765e-01  0.000e+00  4.765e-01  0.000e+00  0.000e+00  0.000e+00  1.716e-01  3.049e-01  0.000e+00  0.000e+00
 1.5400  3.59432e+00  3.043e+00  5.509e-01  0.000e+00  5.509e-01  0.000e+00  0.000e+00  0.000e+00  5.503e-01  5.993e-04  0.000e+00  0.000e+00
 1.5600  3.59403e+00  3.130e+00  4.643e-01  0.000e+00  4.643e-01  0.000e+00  0.000e+00  0.000e+00  2.723e-01  1.920e-01  0.000e+00  0.000e+00
 1.5800  3.59471e+00  2.234e+00  1.360e+00  0.000e+00  1.360e+00  0.000e+00  0.000e+00  0.000e+00  6.401e-01  7.201e-01  0.000e+00  0.000e+00
 1.6000  3.59426e+00  2.676e+00  9.181e-01  0.000e+00  9.181e-01  0.000e+00  0.000e+00  0.000e+00  8.383e-02  8.343e-01  0.000e+00  0.000e+00
 1.6200  3.59473e+00  2.524e+00  1.071e+00  0.000e+00  1.071e+00  0.000e+00  0.000e+00  0.000e+00  5.703e-01  5.006e-01  0.000e+00  0.000e+00
 1.6400  3.59366e+00  3.541e+00  5.304e-02  0.000e+00  5.304e-02  0.000e+00  0.000e+00  0.000e+00  2.062e-02  3.242e-02  0.000e+00  0.000e+00
 1.6600  3.59469e+00  2.508e+00  1.087e+00  0.000e+00  1.087e+00  0.000e+00  0.000e+00  0.000e+00  9.052e-01  1.816e-01  0.000e+00  0.000e+00
 1.6800  3.59393e+00  2.999e+00  5.952e-01  0.000e+00  5.952e-01  0.000e+00  0.000e+00  0.000e+00  9.315e-02  5.021e-01  0.000e+00  0.000e+00
 1.7000  3.59489e+00  2.204e+00  1.391e+00  0.000e+00  1.391e+00  0.000e+00  0.000e+00  0.000e+00  5.935e-01  7.973e-01  0.000e+00  0.000e+00
 1.7200  3.59419e+00  2.773e+00  8.217e-01  0.000e+00  8.217e-01  0.000e+00  0.000e+00  0.000e+00  9.506e-02  7.266e-01  0.000e+00  0.000e+00
 1.7400  3.59427e+00  3.060e+00  5.344e-01  0.000e+00  5.344e-01  0.000e+00  0.000e+00  0.000e+00  4.478e-01  8.659e-02  0.000e+00  0.000e+00
 1.7600  3.59413e+00  3.144e+00  4.498e-01  0.000e+00  4.498e-01  0.000e+00  0.000e+00  0.000e+00  4.009e-01  4.890e-02  0.000e+00  0.000e+00
 1.7800  3.59429e+00  2.729e+00  8.653e-01  0.000e+00  8.653e-01  0.000e+00  0.000e+00  0.000e+00  3.648e-01  5.005e-01  0.000e+00  0.000e+00
 1.8000  3.59461e+00  2.354e+00  1.240e+00  0.000e+00  1.240e+00  0.000e+00  0.000e+00  0.000e+00  4.562e-01  7.840e-01  0.000e+00  0.000e+00
 1.8200  3.59431e+00  2.695e+00  8.990e-01  0.000e+00  8.990e-01  0.000e+00  0.000e+00  0.000e+00  2.875e-01  6.114e-01  0.000e+00  0.000e+00
 1.8400  3.59438e+00  2.780e+00  8.142e-01  0.000e+00  8.142e-01  0.000e+00  0.000e+00  0.000e+00  5.222e-01  2.920e-01  0.000e+00  0.000e+00
 1.8600  3.59407e+00  3.297e+00  2.971e-01  0.000e+00  2.971e-01  0.000e+00  0.000e+00  0.000e+00  2.900e-01  7.093e-03  0.000e+00  0.000e+00
 1.8800  3.59421e+00  2.949e+00  6.451e-01  0.000e+00  6.451e-01  0.000e+00  0.000e+00  0.000e+00  1.850e-01  4.601e-01  0.000e+00  0.000e+00
 1.9000  3.59477e+00  2.326e+00  1.269e+00  0.000e+00  1.269e+00  0.000e+00  0.000e+00  0.000e+00  5.642e-01  7.043e-01  0.000e+00  0.000e+00
 1.9200  3.59412e+00  2.634e+00  9.601e-01  0.000e+00  9.601e-01  0.000e+00  0.000e+00  0.000e+00  1.904e-01  7.697e-01  0.000e+00  0.000e+00
 1.9400  3.59471e+00  2.452e+00  1.143e+00  0.000e+00  1.143e+00  0.000e+00  0.000e+00  0.000e+00  8.210e-01  3.215e-01  0.000e+00  0.000e+00
 1.9600  3.59374e+00  3.515e+00  7.884e-02  0.000e+00  7.884e-02  0.000e+00  0.000e+00  0.000e+00  6.166e-02  1.718e-02  0.000e+00  0.000e+00
 1.9800  3.59457e+00  2.886e+00  7.086e-01  0.000e+00  7.086e-01  0.000e+00  0.000e+00  0.000e+00  5.040e-01  2.046e-01  0.000e+00  0.000e+00
 2.0000  3.59418e+00  2.717e+00  8.770e-01  0.000e+00  8.770e-01  0.000e+00  0.000e+00  0.000e+00  5.698e-02  8.200e-01  0.000e+00  0.000e+00
 2.0200  3.59486e+00  2.141e+00  1.454e+00  0.000e+00  1.454e+00  0.000e+00  0.000e+00  0.000e+00  7.137e-01  7.399e-01  0.000e+00  0.000e+00
 2.0400  3.59407e+00  2.956e+00  6.384e-01  0.000e+00  6.384e-01  0.000e+00  0.000e+00  0.000e+00  2.111e-01  4.273e-01  0.000e+00  0.000e+00
 2.0600  3.59436e+00  2.912e+00  6.825e-01  0.000e+00  6.825e-01  0.000e+00  0.000e+00  0.000e+00  6.110e-01  7.151e-02  0.000e+00  0.000e+00
 2.0800  3.59404e+00  3.221e+00  3.727e-01  0.000e+00  3.727e-01  0.000e+00  0.000e+00  0.000e+00  2.327e-01  1.400e-01  0.000e+00  0.000e+00
 2.1000  3.59451e+00  2.657e+00  9.372e-01  0.000e+00  9.372e-01  0.000e+00  0.000e+00  0.000e+00  4.450e-01  4.921e-01  0.000e+00  0.000e+00
 2.1200  3.59444e+00  2.337e+00  1.258e+00  0.000e+00  1.258e+00  0.000e+00  0.000e+00  0.000e+00  3.872e-01  8.706e-01  0.000e+00  0.000e+00
 2.1400  3.59467e+00  2.428e+00  1.167e+00  0.000e+00  1.167e+00  0.000e+00  0.000e+00  0.000e+00  5.135e-01  6.535e-01  0.000e+00  0.000e+00
 2.1600  3.59383e+00  3.426e+00  1.679e-01  0.000e+00  1.679e-01  0.000e+00  0.000e+00  0.000e+00  6.256e-02  1.053e-01  0.000e+00  0.000e+00
 2.1800  3.59462e+00  2.800e+00  7.948e-01  0.000e+00  7.948e-01  0.000e+00  0.000e+00  0.000e+00  7.644e-01  3.041e-02  0.000e+00  0.000e+00
 2.2000  3.59384e+00  3.157e+00  4.365e-01  0.000e+00  4.365e-01  0.000e+00  0.000e+00  0.000e+00  2.668e-02  4.098e-01  0.000e+00  0.000e+00
 2.2200  3.59499e+00  1.890e+00  1.705e+00  0.000e+00  1.705e+00  0.000e+00  0.000e+00  0.000e+00  9.520e-01  7.534e-01  0.000e+00  0.000e+00
 2.2400  3.59411e+00  2.856e+00  7.381e-01  0.000e+00  7.381e-01  0.000e+00  0.000e+00  0.000e+00  3.121e-02  7.069e-01  0.000e+00  0.000e+00
 2.2600  3.59461e+00  2.702e+00  8.931e-01  0.000e+00  8.931e-01  0.000e+00  0.000e+00  0.000e+00  5.318e-01  3.613e-01  0.000e+00  0.000e+00
 2.2800  3.59386e+00  3.458e+00  1.360e-01  0.000e+00  1.360e-01  0.000e+00  0.000e+00  0.000e+00  1.240e-01  1.208e-02  0.000e+00  0.000e+00
 2.3000  3.59446e+00  2.745e+00  8.491e-01  0.000e+00  8.491e-01  0.000e+00  0.000e+00  0.000e+00  5.564e-01  2.928e-01  0.000e+00  0.000e+00
 2.3200  3.59441e+00  2.484e+00  1.111e+00  0.000e+00  1.111e+00  0.000e+00  0.000e+00  0.000e+00  5.423e-01  5.686e-01  0.000e+00  0.000e+00
 2.3400  3.59444e+00  2.414e+00  1.181e+00  0.000e+00  1.181e+00  0.000e+00  0.000e+00  0.000e+00  3.175e-01  8.631e-01  0.000e+00  0.000e+00
 2.3600  3.59450e+00  2.764e+00  8.308e-01  0.000e+00  8.308e-01  0.000e+00  0.000e+00  0.000e+00  3.770e-01  4.538e-01  0.000e+00  0.000e+00
 2.3800  3.59396e+00  3.376e+00  2.175e-01  0.000e+00  2.175e-01  0.000e+00  0.000e+00  0.000e+00  2.055e-01  1.205e-02  0.000e+00  0.000e+00
 2.4000  3.59432e+00  2.921e+00  6.732e-01  0.000e+00  6.732e-01  0.000e+00  0.000e+00  0.000e+00  4.772e-01  1.961e-01  0.000e+00  0.000e+00
 2.4200  3.59447e+00  2.428e+00  1.166e+00  0.000e+00  1.166e+00  0.000e+00  0.000e+00  0.000e+00  4.812e-01  6.851e-01  0.000e+00  0.000e+00
 2.4400  3.59439e+00  2.623e+00  9.711e-01  0.000e+00  9.711e-01  0.000e+00  0.000e+00  0.000e+00  2.592e-01  7.119e-01  0.000e+00  0.000e+00
 2.4600  3.59459e+00  2.505e+00  1.089e+00  0.000e+00  1.089e+00  0.000e+00  0.000e+00  0.000e+00  4.731e-01  6.160e-01  0.000e+00  0.000e+00
 2.4800  3.59389e+00  3.290e+00  3.044e-01  0.000e+00  3.044e-01  0.000e+00  0.000e+00  0.000e+00  2.073e-01  9.706e-02  0.000e+00  0.000e+00
 2.5000  3.59446e+00  2.866e+00  7.287e-01  0.000e+00  7.287e-01  0.000e+00  0.000e+00  0.000e+00  6.321e-01  9.661e-02  0.000e+00  0.000e+00
 2.5200  3.59402e+00  3.043e+00  5.513e-01  0.000e+00  5.513e-01  0.000e+00  0.000e+00  0.000e+00  2.859e-02  5.227e-01  0.000e+00  0.000e+00
 2.5400  3.59497e+00  1.995e+00  1.600e+00  0.000e+00  1.600e+00  0.000e+00  0.000e+00  0.000e+00  7.131e-01  8.870e-01  0.000e+00  0.000e+00
 2.5600  3.59398e+00  2.948e+00  6.459e-01  0.000e+00  6.459e-01  0.000e+00  0.000e+00  0.000e+00  2.201e-02  6.238e-01  0.000e+00  0.000e+00
 2.5800  3.59453e+00  2.750e+00  8.450e-01  0.000e+00  8.450e-01  0.000e+00  0.000e+00  0.000e+00  7.056e-01  1.394e-01  0.000e+00  0.000e+00
 2.6000  3.59389e+00  3.342e+00  2.519e-01  0.000e+00  2.519e-01  0.000e+00  0.000e+00  0.000e+00  2.467e-01  5.202e-03  0.000e+00  0.000e+00
 2.6200  3.59444e+00  2.748e+00  8.467e-01  0.000e+00  8.467e-01  0.000e+00  0.000e+00  0.000e+00  4.024e-01  4.442e-01  0.000e+00  0.000e+00
 2.6400  3.59445e+00  2.557e+00  1.038e+00  0.000e+00  1.038e+00  0.000e+00  0.000e+00  0.000e+00  2.337e-01  8.042e-01  0.000e+00  0.000e+00
 2.6600  3.59464e+00  2.340e+00  1.255e+00  0.000e+00  1.255e+00  0.000e+00  0.000e+00  0.000e+00  5.019e-01  7.527e-01  0.000e+00  0.000e+00
 2.6800  3.59400e+00  3.053e+00  5.411e-01  0.000e+00  5.411e-01  0.000e+00  0.000e+00  0.000e+00  2.381e-01  3.030e-01  0.000e+00  0.000e+00
 2.7000  3.59444e+00  2.831e+00  7.633e-01  0.000e+00  7.633e-01  0.000e+00  0.000e+00  0.000e+00  7.622e-01  1.155e-03  0.000e+00  0.000e+00
 2.7200  3.59389e+00  3.285e+00  3.087e-01  0.000e+00  3.087e-01  0.000e+00  0.000e+00  0.000e+00  7.777e-02  2.310e-01  0.000e+00  0.000e+00
 2.7400  3.59484e+00  2.337e+00  1.257e+00  0.000e+00  1.257e+00  0.000e+00  0.000e+00  0.000e+00  5.859e-01  6.716e-01  0.000e+00  0.000e+00
 2.7600  3.59416e+00  2.583e+00  1.011e+00  0.000e+00  1.011e+00  0.000e+00  0.000e+00  0.000e+00  9.061e-02  9.208e-01  0.000e+00  0.000e+00
 2.7800  3.59477e+00  2.467e+00  1.128e+00  0.000e+00  1.128e+00  0.000e+00  0.000e+00  0.000e+00  7.337e-01  3.944e-01  0.000e+00  0.000e+00
 2.8000  3.59368e+00  3.530e+00  6.392e-02  0.000e+00  6.392e-02  0.000e+00  0.000e+00  0.000e+00  2.760e-02  3.633e-02  0.000e+00  0.000e+00
 2.8200  3.59462e+00  2.691e+00  9.032e-01  0.000e+00  9.032e-01  0.000e+00  0.000e+00  0.000e+00  7.326e-01  1.706e-01  0.000e+00  0.000e+00
 2.8400  3.59409e+00  2.893e+00  7.009e-01  0.000e+00  7.009e-01  0.000e+00  0.000e+00  0.000e+00  1.305e-01  5.703e-01  0.000e+00  0.000e+00
 2.8600  3.59471e+00  2.242e+00  1.352e+00  0.000e+00  1.352e+00  0.000e+00  0.000e+00  0.000e+00  6.610e-01  6.912e-01  0.000e+00  0.000e+00
 2.8800  3.59443e+00  2.533e+00  1.062e+00  0.000e+00  1.062e+00  0.000e+00  0.000e+00  0.000e+00  3.802e-01  6.813e-01  0.000e+00  0.000e+00
 2.9000  3.59410e+00  3.272e+00  3.223e-01  0.000e+00  3.223e-01  0.000e+00  0.000e+00  0.000e+00  2.074e-01  1.148e-01  0.000e+00  0.000e+00
 2.9200  3.59428e+00  3.101e+00  4.934e-01  0.000e+00  4.934e-01  0.000e+00  0.000e+00  0.000e+00  3.770e-01  1.164e-01  0.000e+00  0.000e+00
 2.9400  3.59429e+00  2.829e+00  7.654e-01  0.000e+00  7.654e-01  0.000e+00  0.000e+00  0.000e+00  3.297e-01  4.357e-01  0.000e+00  0.000e+00
 2.9600  3.59458e+00  2.177e+00  1.418e+00  0.000e+00  1.418e+00  0.000e+00  0.000e+00  0.000e+00  6.511e-01  7.667e-01  0.000e+00  0.000e+00
 2.9800  3.59444e+00  2.529e+00  1.065e+00  0.000e+00  1.065e+00  0.000e+00  0.000e+00  0.000e+00  4.216e-01  6.436e-01  0.000e+00  0.000e+00
 3.0000  3.59423e+00  3.045e+00  5.491e-01  0.000e+00  5.491e-01  0.000e+00  0.000e+00  0.000e+00  2.621e-01  2.869e-01  0.000e+00  0.000e+00
 3.0200  3.59424e+00  3.238e+00  3.559e-01  0.000e+00  3.559e-01  0.000e+00  0.000e+00  0.000e+00  3.506e-01  5.349e-03  0.000e+00  0.000e+00
 3.0400  3.59409e+00  2.969e+00  6.246e-01  0.000e+00  6.246e-01  0.000e+00  0.000e+00  0.000e+00  1.635e-01  4.611e-01  0.000e+00  0.000e+00
 3.0600  3.59490e+00  2.083e+00  1.512e+00  0.000e+00  1.512e+00  0.000e+00  0.000e+00  0.000e+00  8.359e-01  6.759e-01  0.000e+00  0.000e+00
 3.0800  3.59404e+00  2.849e+00  7.455e-01  0.000e+00  7.455e-01  0.000e+00  0.000e+00  0.000e+00  4.821e-02  6.973e-01  0.000e+00  0.000e+00
 3.1000  3.59472e+00  2.469e+00  1.125e+00  0.000e+00  1.125e+00  0.000e+00  0.000e+00  0.000e+00  7.115e-01  4.140e-01  0.000e+00  0.000e+00
 3.1200  3.59376e+00  3.512e+00  8.128e-02  0.000e+00  8.128e-02  0.000e+00  0.000e+00  0.000e+00  8.054e-02  7.374e-04  0.000e+00  0.000e+00
 3.1400  3.59451e+00  2.798e+00  7.964e-01  0.000e+00  7.964e-01  0.000e+00  0.000e+00  0.000e+00  6.114e-01  1.850e-01  0.000e+00  0.000e+00
 3.1600  3.59426e+00  2.609e+00  9.857e-01  0.000e+00  9.857e-01  0.000e+00  0.000e+00  0.000e+00  2.729e-01  7.127e-01  0.000e+00  0.000e+00
 3.1800  3.59475e+00  2.255e+00  1.340e+00  0.000e+00  1.340e+00  0.000e+00  0.000e+00  0.000e+00  4.743e-01  8.659e-01  0.000e+00  0.000e+00
 3.2000  3.59410e+00  3.041e+00  5.535e-01  0.000e+00  5.535e-01  0.000e+00  0.000e+00  0.000e+00  1.386e-01  4.150e-01  0.000e+00  0.000e+00
 3.2200  3.59437e+00  2.920e+00  6.741e-01  0.000e+00  6.741e-01  0.000e+00  0.000e+00  0.000e+00  6.185e-01  5.557e-02  0.000e+00  0.000e+00
 3.2400  3.59397e+00  3.189e+00  4.049e-01  0.000e+00  4.049e-01  0.000e+00  0.000e+00  0.000e+00  2.980e-01  1.069e-01  0.000e+00  0.000e+00
 3.2600  3.59458e+00  2.432e+00  1.163e+00  0.000e+00  1.163e+00  0.000e+00  0.000e+00  0.000e+00  6.001e-01  5.626e-01  0.000e+00  0.000e+00
 3.2800  3.59433e+00  2.651e+00  9.434e-01  0.000e+00  9.434e-01  0.000e+00  0.000e+00  0.000e+00  1.254e-01  8.180e-01  0.000e+00  0.000e+00
 3.3000  3.59476e+00  2.317e+00  1.278e+00  0.000e+00  1.278e+00  0.000e+00  0.000e+00  0.000e+00  5.248e-01  7.530e-01  0.000e+00  0.000e+00
 3.3200  3.59373e+00  3.457e+00  1.366e-01  0.000e+00  1.366e-01  0.000e+00  0.000e+00  0.000e+00  4.481e-02  9.180e-02  0.000e+00  0.000e+00
 3.3400  3.59464e+00  2.701e+00  8.933e-01  0.000e+00  8.933e-01  0.000e+00  0.000e+00  0.000e+00  8.564e-01  3.691e-02  0.000e+00  0.000e+00
 3.3600  3.59381e+00  3.210e+00  3.843e-01  0.000e+00  3.843e-01  0.000e+00  0.000e+00  0.000e+00  4.797e-02  3.363e-01  0.000e+00  0.000e+00
 3.3800  3.59491e+00  2.075e+00  1.520e+00  0.000e+00  1.520e+00  0.000e+00  0.000e+00  0.000e+00  6.497e-01  8.699e-01  0.000e+00  0.000e+00
 3.4000  3.59423e+00  2.769e+00  8.249e-01  0.000e+00  8.249e-01  0.000e+00  0.000e+00  0.000e+00  5.084e-02  7.741e-01  0.000e+00  0.000e+00
 3.4200  3.59440e+00  2.825e+00  7.695e-01  0.000e+00  7.695e-01  0.000e+00  0.000e+00  0.000e+00  5.230e-01  2.465e-01  0.000e+00  0.000e+00
 3.4400  3.59402e+00  3.245e+00  3.488e-01  0.000e+00  3.488e-01  0.000e+00  0.000e+00  0.000e+00  3.453e-01  3.534e-03  0.000e+00  0.000e+00
 3.4600  3.59429e+00  2.843e+00  7.508e-01  0.000e+00  7.508e-01  0.000e+00  0.000e+00  0.000e+00  3.733e-01  3.775e-01  0.000e+00  0.000e+00
 3.4800  3.59454e+00  2.563e+00  1.032e+00  0.000e+00  1.032e+00  0.000e+00  0.000e+00  0.000e+00  4.089e-01  6.230e-01  0.000e+00  0.000e+00
 3.5000  3.59439e+00  2.466e+00  1.129e+00  0.000e+00  1.129e+00  0.000e+00  0.000e+00  0.000e+00  2.936e-01  8.351e-01  0.000e+00  0.000e+00
 3.5200  3.59448e+00  2.604e+00  9.908e-01  0.000e+00  9.908e-01  0.000e+00  0.000e+00  0.000e+00  5.492e-01  4.416e-01  0.000e+00  0.000e+00
 3.5400  3.59402e+00  3.322e+00  2.724e-01  0.000e+00  2.724e-01  0.000e+00  0.000e+00  0.000e+00  2.643e-01  8.095e-03  0.000e+00  0.000e+00
 3.5600  3.59423e+00  3.122e+00  4.721e-01  0.000e+00  4.721e-01  0.000e+00  0.000e+00  0.000e+00  2.595e-01  2.127e-01  0.000e+00  0.000e+00
 3.5800  3.59462e+00  2.372e+00  1.223e+00  0.000e+00  1.223e+00  0.000e+00  0.000e+00  0.000e+00  5.257e-01  6.973e-01  0.000e+00  0.000e+00
 3.6000  3.59423e+00  2.561e+00  1.033e+00  0.000e+00  1.033e+00  0.000e+00  0.000e+00  0.000e+00  2.833e-01  7.497e-01  0.000e+00  0.000e+00
 3.6200  3.59473e+00  2.409e+00  1.186e+00  0.000e+00  1.186e+00  0.000e+00  0.000e+00  0.000e+00  7.217e-01  4.644e-01  0.000e+00  0.000e+00
 3.6400  3.59379e+00  3.411e+00  1.829e-01  0.000e+00  1.829e-01  0.000e+00  0.000e+00  0.000e+00  6.447e-02  1.184e-01  0.000e+00  0.000e+00
 3.6600  3.59455e+00  2.908e+00  6.863e-01  0.000e+00  6.863e-01  0.000e+00  0.000e+00  0.000e+00  5.602e-01  1.262e-01  0.000e+00  0.000e+00
 3.6800  3.59405e+00  3.011e+00  5.834e-01  0.000e+00  5.834e-01  0.000e+00  0.000e+00  0.000e+00  4.265e-02  5.408e-01  0.000e+00  0.000e+00
 3.7000  3.59492e+00  1.980e+00  1.615e+00  0.000e+00  1.615e+00  0.000e+00  0.000e+00  0.000e+00  8.534e-01  7.616e-01  0.000e+00  0.000e+00
 3.7200  3.59407e+00  2.795e+00  7.991e-01  0.000e+00  7.991e-01  0.000e+00  0.000e+00  0.000e+00  1.487e-01  6.504e-01  0.000e+00  0.000e+00
 3.7400  3.59448e+00  2.789e+00  8.059e-01  0.000e+00  8.059e-01  0.000e+00  0.000e+00  0.000e+00  6.661e-01  1.398e-01  0.000e+00  0.000e+00
 3.7600  3.59398e+00  3.358e+00  2.364e-01  0.000e+00  2.364e-01  0.000e+00  0.000e+00  0.000e+00  2.186e-01  1.782e-02  0.000e+00  0.000e+00
 3.7800  3.59442e+00  2.840e+00  7.547e-01  0.000e+00  7.547e-01  0.000e+00  0.000e+00  0.000e+00  3.841e-01  3.706e-01  0.000e+00  0.000e+00
 3.8000  3.59446e+00  2.312e+00  1.282e+00  0.000e+00  1.282e+00  0.000e+00  0.000e+00  0.000e+00  4.275e-01  8.545e-01  0.000e+00  0.000e+00
 3.8200  3.59468e+00  2.397e+00  1.198e+00  0.000e+00  1.198e+00  0.000e+00  0.000e+00  0.000e+00  5.094e-01  6.887e-01  0.000e+00  0.000e+00
 3.8400  3.59397e+00  3.161e+00  4.334e-01  0.000e+00  4.334e-01  0.000e+00  0.000e+00  0.000e+00  9.989e-02  3.335e-01  0.000e+00  0.000e+00
 3.8600  3.59453e+00  2.818e+00  7.761e-01  0.000e+00  7.761e-01  0.000e+00  0.000e+00  0.000e+00  7.757e-01  3.964e-04  0.000e+00  0.000e+00
 3.8800  3.59379e+00  3.299e+00  2.952e-01  0.000e+00  2.952e-01  0.000e+00  0.000e+00  0.000e+00  4.737e-02  2.478e-01  0.000e+00  0.000e+00
 3.9000  3.59492e+00  2.150e+00  1.444e+00  0.000e+00  1.444e+00  0.000e+00  0.000e+00  0.000e+00  8.785e-01  5.660e-01  0.000e+00  0.000e+00
 3.9200  3.59416e+00  2.643e+00  9.514e-01  0.000e+00  9.514e-01  0.000e+00  0.000e+00  0.000e+00  9.672e-03  9.417e-01  0.000e+00  0.000e+00
 3.9400  3.59472e+00  2.599e+00  9.958e-01  0.000e+00  9.958e-01  0.000e+00  0.000e+00  0.000e+00  5.062e-01  4.897e-01  0.000e+00  0.000e+00
 3.9600  3.59379e+00  3.514e+00  8.012e-02  0.000e+00  8.012e-02  0.000e+00  0.000e+00  0.000e+00  7.493e-02  5.195e-03  0.000e+00  0.000e+00
 3.9800  3.59448e+00  2.786e+00  8.088e-01  0.000e+00  8.088e-01  0.000e+00  0.000e+00  0.000e+00  6.781e-01  1.308e-01  0.000e+00  0.000e+00
 4.0000  3.59425e+00  2.608e+00  9.866e-01  0.000e+00  9.866e-01  0.000e+00  0.000e+00  0.000e+00  4.165e-01  5.701e-01  0.000e+00  0.000e+00
 4.0200  3.59454e+00  2.422e+00  1.172e+00  0.000e+00  1.172e+00  0.000e+00  0.000e+00  0.000e+00  3.850e-01  7.873e-01  0.000e+00  0.000e+00
 4.0400  3.59455e+00  2.592e+00  1.003e+00  0.000e+00  1.003e+00  0.000e+00  0.000e+00  0.000e+00  3.054e-01  6.974e-01  0.000e+00  0.000e+00
 4.0600  3.59398e+00  3.315e+00  2.786e-01  0.000e+00  2.786e-01  0.000e+00  0.000e+00  0.000e+00  1.621e-01  1.165e-01  0.000e+00  0.000e+00
 4.0800  3.59431e+00  2.942e+00  6.518e-01  0.000e+00  6.518e-01  0.000e+00  0.000e+00  0.000e+00  5.318e-01  1.200e-01  0.000e+00  0.000e+00
 4.1000  3.59431e+00  2.757e+00  8.370e-01  0.000e+00  8.370e-01  0.000e+00  0.000e+00  0.000e+00  3.871e-01  4.499e-01  0.000e+00  0.000e+00
 4.1200  3.59447e+00  2.494e+00  1.101e+00  0.000e+00  1.101e+00  0.000e+00  0.000e+00  0.000e+00  3.540e-01  7.468e-01  0.000e+00  0.000e+00
 4.1400  3.59457e+00  2.371e+00  1.223e+00  0.000e+00  1.223e+00  0.000e+00  0.000e+00  0.000e+00  4.431e-01  7.802e-01  0.000e+00  0.000e+00
 4.1600  3.59400e+00  3.188e+00  4.063e-01  0.000e+00  4.063e-01  0.000e+00  0.000e+00  0.000e+00  2.263e-01  1.800e-01  0.000e+00  0.000e+00
 4.1800  3.59442e+00  2.954e+00  6.409e-01  0.000e+00  6.409e-01  0.000e+00  0.000e+00  0.000e+00  6.365e-01  4.431e-03  0.000e+00  0.000e+00
 4.2000  3.59393e+00  3.165e+00  4.286e-01  0.000e+00  4.286e-01  0.000e+00  0.000e+00  0.000e+00  1.476e-02  4.138e-01  0.000e+00  0.000e+00
 4.2200  3.59496e+00  2.114e+00  1.481e+00  0.000e+00  1.481e+00  0.000e+00  0.000e+00  0.000e+00  6.732e-01  8.079e-01  0.000e+00  0.000e+00
 4.2400  3.59403e+00  2.851e+00  7.434e-01  0.000e+00  6.622e-01  8.121e-02  0.000e+00  0.000e+00  5.629e-02  6.059e-01  0.000e+00  0.000e+00
 4.2600  3.59477e+00  2.208e+00  1.387e+00  0.000e+00  1.387e+00  0.000e+00  0.000e+00  0.000e+00  7.630e-01  6.242e-01  0.000e+00  0.000e+00
 4.2800  3.59377e+00  3.322e+00  2.713e-01  0.000e+00  2.713e-01  0.000e+00  0.000e+00  0.000e+00  1.750e-01  9.632e-02  0.000e+00  0.000e+00
 4.3000  3.59438e+00  2.906e+00  6.881e-01  0.000e+00  6.881e-01  0.000e+00  0.000e+00  0.000e+00  6.362e-01  5.196e-02  0.000e+00  0.000e+00
 4.3200  3.59405e+00  3.050e+00  5.445e-01  0.000e+00  5.445e-01  0.000e+00  0.000e+00  0.000e+00  1.645e-01  3.800e-01  0.000e+00  0.000e+00
 4.3400  3.59469e+00  2.182e+00  1.412e+00  0.000e+00  1.412e+00  0.000e+00  0.000e+00  0.000e+00  5.366e-01  8.757e-01  0.000e+00  0.000e+00
 4.3600  3.59432e+00  2.493e+00  1.102e+00  0.000e+00  1.102e+00  0.000e+00  0.000e+00  0.000e+00  3.020e-01  7.998e-01  0.000e+00  0.000e+00
 4.3800  3.59443e+00  2.624e+00  9.705e-01  0.000e+00  9.705e-01  0.000e+00  0.000e+00  0.000e+00  5.912e-01  3.794e-01  0.000e+00  0.000e+00
 4.4000  3.59423e+00  2.868e+00  7.267e-01  0.000e+00  7.267e-01  0.000e+00  0.000e+00  0.000e+00  2.748e-01  4.519e-01  0.000e+00  0.000e+00
 4.4200  3.59417e+00  3.097e+00  4.972e-01  0.000e+00  4.972e-01  0.000e+00  0.000e+00  0.000e+00  4.964e-01  8.366e-04  0.000e+00  0.000e+00
 4.4400  3.59411e+00  2.856e+00  7.383e-01  0.000e+00  7.383e-01  0.000e+00  0.000e+00  0.000e+00  3.755e-01  3.629e-01  0.000e+00  0.000e+00
 4.4600  3.59446e+00  2.538e+00  1.057e+00  0.000e+00  1.057e+00  0.000e+00  0.000e+00  0.000e+00  3.322e-01  7.247e-01  0.000e+00  0.000e+00
 4.4800  3.59447e+00  2.118e+00  1.476e+00  0.000e+00  1.476e+00  0.000e+00  0.000e+00  0.000e+00  2.601e-02  1.450e+00  0.000e+00  0.000e+00
 4.5000  3.59489e+00  2.032e+00  1.563e+00  0.000e+00  1.563e+00  0.000e+00  0.000e+00  0.000e+00  5.191e-01  1.044e+00  0.000e+00  0.000e+00
 4.5200  3.59387e+00  3.081e+00  5.124e-01  0.000e+00  5.124e-01  0.000e+00  0.000e+00  0.000e+00  2.854e-02  4.839e-01  0.000e+00  0.000e+00
 4.5400  3.59437e+00  2.986e+00  6.083e-01  0.000e+00  6.083e-01  0.000e+00  0.000e+00  0.000e+00  6.073e-01  9.673e-04  0.000e+00  0.000e+00
 4.5600  3.59385e+00  3.291e+00  3.031e-01  0.000e+00  3.031e-01  0.000e+00  0.000e+00  0.000e+00  3.871e-02  2.644e-01  0.000e+00  0.000e+00
 4.5800  3.59479e+00  1.945e+00  1.650e+00  0.000e+00  1.650e+00  0.000e+00  0.000e+00  0.000e+00  3.962e-01  1.254e+00  0.000e+00  0.000e+00
 4.6000  3.59450e+00  2.281e+00  1.313e+00  0.000e+00  1.313e+00  0.000e+00  0.000e+00  0.000e+00  1.221e-01  1.191e+00  0.000e+00  0.000e+00
 4.6200  3.59454e+00  2.259e+00  1.335e+00  0.000e+00  1.335e+00  0.000e+00  0.000e+00  0.000e+00  4.441e-01  8.909e-01  0.000e+00  0.000e+00
 4.6400  3.59410e+00  3.139e+00  4.553e-01  0.000e+00  4.553e-01  0.000e+00  0.000e+00  0.000e+00  3.018e-01  1.535e-01  0.000e+00  0.000e+00
 4.6600  3.59400e+00  3.314e+00  2.798e-01  0.000e+00  2.798e-01  0.000e+00  0.000e+00  0.000e+00  2.441e-01  3.574e-02  0.000e+00  0.000e+00
 4.6800  3.59444e+00  2.575e+00  1.019e+00  0.000e+00  1.019e+00  0.000e+00  0.000e+00  0.000e+00  2.153e-01  8.042e-01  0.000e+00  0.000e+00
 4.7000  3.59463e+00  2.070e+00  1.525e+00  0.000e+00  1.525e+00  0.000e+00  0.000e+00  0.000e+00  2.274e-01  1.297e+00  0.000e+00  0.000e+00
 4.7200  3.59452e+00  2.218e+00  1.376e+00  0.000e+00  1.376e+00  0.000e+00  0.000e+00  0.000e+00  4.690e-01  9.073e-01  0.000e+00  0.000e+00
 4.7400  3.59439e+00  2.582e+00  1.012e+00  0.000e+00  1.012e+00  0.000e+00  0.000e+00  0.000e+00  4.503e-01  5.622e-01  0.000e+00  0.000e+00
 4.7600  3.59386e+00  3.460e+00  1.341e-01  0.000e+00  1.341e-01  0.000e+00  0.000e+00  0.000e+00  1.295e-01  4.630e-03  0.000e+00  0.000e+00
 4.7800  3.59446e+00  2.805e+00  7.891e-01  0.000e+00  7.891e-01  0.000e+00  0.000e+00  0.000e+00  3.925e-01  3.967e-01  0.000e+00  0.000e+00
 4.8000  3.59455e+00  2.439e+00  1.156e+00  0.000e+00  1.156e+00  0.000e+00  0.000e+00  0.000e+00  1.832e-01  9.724e-01  0.000e+00  0.000e+00
 4.8200  3.59500e+00  1.674e+00  1.921e+00  0.000e+00  1.921e+00  0.000e+00  0.000e+00  0.000e+00  6.070e-01  1.314e+00  0.000e+00  0.000e+00
 4.8400  3.59431e+00  2.761e+00  8.337e-01  0.000e+00  8.337e-01  0.000e+00  0.000e+00  0.000e+00  5.370e-02  7.800e-01  0.000e+00  0.000e+00
 4.8600  3.59452e+00  2.864e+00  7.303e-01  0.000e+00  7.303e-01  0.000e+00  0.000e+00  0.000e+00  4.520e-01  2.783e-01  0.000e+00  0.000e+00
 4.8800  3.59389e+00  3.467e+00  1.267e-01  0.000e+00  1.267e-01  0.000e+00  0.000e+00  0.000e+00  4.549e-02  8.125e-02  0.000e+00  0.000e+00
 4.9000  3.59466e+00  2.576e+00  1.018e+00  0.000e+00  1.018e+00  0.000e+00  0.000e+00  0.000e+00  4.607e-01  5.575e-01  0.000e+00  0.000e+00
 4.9200  3.59461e+00  2.011e+00  1.583e+00  0.000e+00  1.583e+00  0.000e+00  0.000e+00  0.000e+00  2.893e-01  1.294e+00  0.000e+00  0.000e+00
 4.9400  3.59480e+00  2.226e+00  1.369e+00  0.000e+00  1.369e+00  0.000e+00  0.000e+00  0.000e+00  2.937e-01  1.076e+00  0.000e+00  0.000e+00
 4.9600  3.59438e+00  2.737e+00  8.578e-01  0.000e+00  8.578e-01  0.000e+00  0.000e+00  0.000e+00  1.777e-01  6.801e-01  0.000e+00  0.000e+00
 4.9800  3.59409e+00  3.328e+00  2.656e-01  0.000e+00  2.656e-01  0.000e+00  0.000e+00  0.000e+00  2.604e-01  5.261e-03  0.000e+00  0.000e+00
 5.0000  3.59429e+00  3.041e+00  5.528e-01  0.000e+00  5.528e-01  0.000e+00  0.000e+00  0.000e+00  3.358e-01  2.171e-01  0.000e+00  0.000e+00
 5.0200  3.59457e+00  2.292e+00  1.302e+00  0.000e+00  1.302e+00  0.000e+00  0.000e+00  0.000e+00  2.816e-01  1.021e+00  0.000e+00  0.000e+00
 5.0400  3.59476e+00  2.136e+00  1.458e+00  0.000e+00  1.458e+00  0.000e+00  0.000e+00  0.000e+00  2.059e-01  1.253e+00  0.000e+00  0.000e+00
 5.0600  3.59470e+00  2.274e+00  1.320e+00  0.000e+00  1.320e+00  0.000e+00  0.000e+00  0.000e+00  2.935e-01  1.027e+00  0.000e+00  0.000e+00
 5.0800  3.59397e+00  3.301e+00  2.927e-01  0.000e+00  2.927e-01  0.000e+00  0.000e+00  0.000e+00  9.624e-02  1.964e-01  0.000e+00  0.000e+00
 5.1000  3.59447e+00  2.930e+00  6.649e-01  0.000e+00  6.649e-01  0.000e+00  0.000e+00  0.000e+00  5.935e-01  7.145e-02  0.000e+00  0.000e+00
 5.1200  3.59406e+00  3.066e+00  5.279e-01  0.000e+00  5.279e-01  0.000e+00  0.000e+00  0.000e+00  1.729e-02  5.107e-01  0.000e+00  0.000e+00
 5.1400  3.59505e+00  1.800e+00  1.795e+00  0.000e+00  1.795e+00  0.000e+00  0.000e+00  0.000e+00  4.671e-01  1.328e+00  0.000e+00  0.000e+00
 5.1600  3.59445e+00  2.377e+00  1.218e+00  0.000e+00  1.218e+00  0.000e+00  0.000e+00  0.000e+00  1.350e-02  1.204e+00  0.000e+00  0.000e+00
 5.1800  3.59456e+00  2.670e+00  9.248e-01  0.000e+00  9.248e-01  0.000e+00  0.000e+00  0.000e+00  4.609e-01  4.639e-01  0.000e+00  0.000e+00
 5.2000  3.59397e+00  3.412e+00  1.817e-01  0.000e+00  1.817e-01  0.000e+00  0.000e+00  0.000e+00  1.750e-01  6.779e-03  0.000e+00  0.000e+00
 5.2200  3.59435e+00  2.925e+00  6.692e-01  0.000e+00  6.692e-01  0.000e+00  0.000e+00  0.000e+00  2.664e-01  4.028e-01  0.000e+00  0.000e+00
 5.2400  3.59466e+00  2.427e+00  1.168e+00  0.000e+00  1.168e+00  0.000e+00  0.000e+00  0.000e+00  2.622e-01  9.055e-01  0.000e+00  0.000e+00
 5.2600  3.59471e+00  1.898e+00  1.697e+00  0.000e+00  1.697e+00  0.000e+00  0.000e+00  0.000e+00  2.891e-01  1.408e+00  0.000e+00  0.000e+00
 5.2800  3.59465e+00  2.435e+00  1.159e+00  0.000e+00  1.159e+00  0.000e+00  0.000e+00  0.000e+00  3.844e-01  7.750e-01  0.000e+00  0.000e+00
 5.3000  3.59414e+00  3.165e+00  4.287e-01  0.000e+00  4.287e-01  0.000e+00  0.000e+00  0.000e+00  2.149e-01  2.138e-01  0.000e+00  0.000e+00
 5.3200  3.59419e+00  3.249e+00  3.454e-01  0.000e+00  3.454e-01  0.000e+00  0.000e+00  0.000e+00  2.331e-01  1.122e-01  0.000e+00  0.000e+00
 5.3400  3.59454e+00  2.728e+00  8.668e-01  0.000e+00  8.668e-01  0.000e+00  0.000e+00  0.000e+00  3.057e-01  5.610e-01  0.000e+00  0.000e+00
 5.3600  3.59460e+00  2.005e+00  1.589e+00  0.000e+00  1.589e+00  0.000e+00  0.000e+00  0.000e+00  2.919e-01  1.297e+00  0.000e+00  0.000e+00
 5.3800  3.59496e+00  2.006e+00  1.589e+00  0.000e+00  1.589e+00  0.000e+00  0.000e+00  0.000e+00  5.114e-01  1.077e+00  0.000e+00  0.000e+00
 5.4000  3.59410e+00  2.970e+00  6.243e-01  0.000e+00  6.243e-01  0.000e+00  0.000e+00  0.000e+00  7.765e-03  6.165e-01  0.000e+00  0.000e+00
 5.4200  3.59446e+00  3.132e+00  4.620e-01  0.000e+00  4.620e-01  0.000e+00  0.000e+00  0.000e+00  4.616e-01  4.333e-04  0.000e+00  0.000e+00
 5.4400  3.59399e+00  3.331e+00  2.629e-01  0.000e+00  2.629e-01  0.000e+00  0.000e+00  0.000e+00  8.964e-03  2.539e-01  0.000e+00  0.000e+00
 5.4600  3.59492e+00  1.924e+00  1.671e+00  0.000e+00  1.671e+00  0.000e+00  0.000e+00  0.000e+00  7.159e-01  9.554e-01  0.000e+00  0.000e+00
 5.4800  3.59452e+00  2.193e+00  1.402e+00  0.000e+00  1.402e+00  0.000e+00  0.000e+00  0.000e+00  1.137e-01  1.288e+00  0.000e+00  0.000e+00
 5.5000  3.59474e+00  2.395e+00  1.200e+00  0.000e+00  1.200e+00  0.000e+00  0.000e+00  0.000e+00  3.335e-01  8.667e-01  0.000e+00  0.000e+00
 5.5200  3.59416e+00  3.183e+00  4.110e-01  0.000e+00  4.110e-01  0.000e+00  0.000e+00  0.000e+00  2.078e-01  2.032e-01  0.000e+00  0.000e+00
 5.5400  3.59416e+00  3.287e+00  3.073e-01  0.000e+00  3.073e-01  0.000e+00  0.000e+00  0.000e+00  2.027e-01  1.046e-01  0.000e+00  0.000e+00
 5.5600  3.59451e+00  2.560e+00  1.035e+00  0.000e+00  1.035e+00  0.000e+00  0.000e+00  0.000e+00  4.067e-01  6.282e-01  0.000e+00  0.000e+00
 5.5800  3.59478e+00  2.001e+00  1.594e+00  0.000e+00  1.594e+00  0.000e+00  0.000e+00  0.000e+00  3.347e-01  1.259e+00  0.000e+00  0.000e+00
 5.6000  3.59461e+00  2.198e+00  1.397e+00  0.000e+00  1.397e+00  0.000e+00  0.000e+00  0.000e+00  1.110e-01  1.286e+00  0.000e+00  0.000e+00
 5.6200  3.59446e+00  2.893e+00  7.010e-01  0.000e+00  7.010e-01  0.000e+00  0.000e+00  0.000e+00  3.471e-01  3.539e-01  0.000e+00  0.000e+00
 5.6400  3.59394e+00  3.441e+00  1.530e-01  0.000e+00  1.530e-01  0.000e+00  0.000e+00  0.000e+00  1.477e-01  5.331e-03  0.000e+00  0.000e+00
 5.6600  3.59454e+00  2.673e+00  9.216e-01  0.000e+00  9.216e-01  0.000e+00  0.000e+00  0.000e+00  5.649e-01  3.567e-01  0.000e+00  0.000e+00
 5.6800  3.59434e+00  2.642e+00  9.521e-01  0.000e+00  9.521e-01  0.000e+00  0.000e+00  0.000e+00  1.148e-02  9.406e-01  0.000e+00  0.000e+00
 5.7000  3.59510e+00  1.631e+00  1.965e+00  0.000e+00  1.965e+00  0.000e+00  0.000e+00  0.000e+00  3.689e-01  1.596e+00  0.000e+00  0.000e+00
 5.7200  3.59420e+00  2.879e+00  7.156e-01  0.000e+00  7.156e-01  0.000e+00  0.000e+00  0.000e+00  1.136e-02  7.043e-01  0.000e+00  0.000e+00
 5.7400  3.59445e+00  2.884e+00  7.104e-01  0.000e+00  7.104e-01  0.000e+00  0.000e+00  0.000e+00  5.524e-01  1.580e-01  0.000e+00  0.000e+00
 5.7600  3.59397e+00  3.344e+00  2.495e-01  0.000e+00  2.495e-01  0.000e+00  0.000e+00  0.000e+00  1.654e-01  8.413e-02  0.000e+00  0.000e+00
 5.7800  3.59454e+00  2.702e+00  8.925e-01  0.000e+00  8.925e-01  0.000e+00  0.000e+00  0.000e+00  3.176e-01  5.749e-01  0.000e+00  0.000e+00
 5.8000  3.59477e+00  1.922e+00  1.673e+00  0.000e+00  1.673e+00  0.000e+00  0.000e+00  0.000e+00  1.283e-01  1.544e+00  0.000e+00  0.000e+00
 5.8200  3.59462e+00  2.346e+00  1.249e+00  0.000e+00  1.249e+00  0.000e+00  0.000e+00  0.000e+00  1.985e-01  1.050e+00  0.000e+00  0.000e+00
 5.8400  3.59444e+00  2.674e+00  9.202e-01  0.000e+00  9.202e-01  0.000e+00  0.000e+00  0.000e+00  4.755e-01  4.447e-01  0.000e+00  0.000e+00
 5.8600  3.59406e+00  3.321e+00  2.730e-01  0.000e+00  2.730e-01  0.000e+00  0.000e+00  0.000e+00  2.694e-01  3.517e-03  0.000e+00  0.000e+00
 5.8800  3.59433e+00  3.026e+00  5.681e-01  0.000e+00  5.681e-01  0.000e+00  0.000e+00  0.000e+00  2.984e-01  2.698e-01  0.000e+00  0.000e+00
 5.9000  3.59466e+00  2.383e+00  1.211e+00  0.000e+00  1.211e+00  0.000e+00  0.000e+00  0.000e+00  1.455e-01  1.066e+00  0.000e+00  0.000e+00
 5.9200  3.59474e+00  1.890e+00  1.705e+00  0.000e+00  1.705e+00  0.000e+00  0.000e+00  0.000e+00  2.137e-01  1.491e+00  0.000e+00  0.000e+00
 5.9400  3.59469e+00  2.454e+00  1.140e+00  0.000e+00  1.140e+00  0.000e+00  0.000e+00  0.000e+00  5.151e-01  6.253e-01  0.000e+00  0.000e+00
 5.9600  3.59391e+00  3.441e+00  1.531e-01  0.000e+00  1.531e-01  0.000e+00  0.000e+00  0.000e+00  4.091e-02  1.122e-01  0.000e+00  0.000e+00
 5.9800  3.59454e+00  2.904e+00  6.901e-01  0.000e+00  6.901e-01  0.000e+00  0.000e+00  0.000e+00  6.092e-01  8.094e-02  0.000e+00  0.000e+00
 6.0000  3.59417e+00  2.782e+00  8.124e-01  0.000e+00  8.124e-01  0.000e+00  0.000e+00  0.000e+00  6.628e-03  8.058e-01  0.000e+00  0.000e+00
 6.0200  3.59507e+00  1.852e+00  1.743e+00  0.000e+00  1.743e+00  0.000e+00  0.000e+00  0.000e+00  5.213e-01  1.222e+00  0.000e+00  0.000e+00
 6.0400  3.59448e+00  2.232e+00  1.362e+00  0.000e+00  1.362e+00  0.000e+00  0.000e+00  0.000e+00  1.958e-01  1.166e+00  0.000e+00  0.000e+00
 6.0600  3.59448e+00  2.912e+00  6.826e-01  0.000e+00  6.826e-01  0.000e+00  0.000e+00  0.000e+00  3.625e-01  3.201e-01  0.000e+00  0.000e+00
 6.0800  3.59409e+00  3.388e+00  2.058e-01  0.000e+00  2.058e-01  0.000e+00  0.000e+00  0.000e+00  1.980e-01  7.819e-03  0.000e+00  0.000e+00
 6.1000  3.59432e+00  2.854e+00  7.406e-01  0.000e+00  7.406e-01  0.000e+00  0.000e+00  0.000e+00  3.037e-01  4.369e-01  0.000e+00  0.000e+00
 6.1200  3.59471e+00  2.269e+00  1.326e+00  0.000e+00  1.326e+00  0.000e+00  0.000e+00  0.000e+00  3.452e-01  9.807e-01  0.000e+00  0.000e+00
 6.1400  3.59475e+00  1.885e+00  1.709e+00  0.000e+00  1.709e+00  0.000e+00  0.000e+00  0.000e+00  2.864e-01  1.423e+00  0.000e+00  0.000e+00
 6.1600  3.59454e+00  2.668e+00  9.266e-01  0.000e+00  9.266e-01  0.000e+00  0.000e+00  0.000e+00  2.462e-01  6.804e-01  0.000e+00  0.000e+00
 6.1800  3.59425e+00  3.136e+00  4.583e-01  0.000e+00  4.583e-01  0.000e+00  0.000e+00  0.000e+00  2.781e-01  1.802e-01  0.000e+00  0.000e+00
 6.2000  3.59403e+00  3.273e+00  3.212e-01  0.000e+00  3.212e-01  0.000e+00  0.000e+00  0.000e+00  2.098e-01  1.114e-01  0.000e+00  0.000e+00
 6.2200  3.59469e+00  2.480e+00  1.115e+00  0.000e+00  1.115e+00  0.000e+00  0.000e+00  0.000e+00  4.665e-01  6.481e-01  0.000e+00  0.000e+00
 6.2400  3.59446e+00  2.184e+00  1.410e+00  0.000e+00  1.410e+00  0.000e+00  0.000e+00  0.000e+00  2.053e-02  1.390e+00  0.000e+00  0.000e+00
 6.2600  3.59499e+00  2.005e+00  1.590e+00  0.000e+00  1.590e+00  0.000e+00  0.000e+00  0.000e+00  5.224e-01  1.067e+00  0.000e+00  0.000e+00
 6.2800  3.59408e+00  3.110e+00  4.845e-01  0.000e+00  4.845e-01  0.000e+00  0.000e+00  0.000e+00  3.235e-02  4.522e-01  0.000e+00  0.000e+00
 6.3000  3.59428e+00  3.204e+00  3.899e-01  0.000e+00  3.899e-01  0.000e+00  0.000e+00  0.000e+00  3.849e-01  4.929e-03  0.000e+00  0.000e+00
 6.3200  3.59424e+00  2.891e+00  7.032e-01  0.000e+00  7.032e-01  0.000e+00  0.000e+00  0.000e+00  2.207e-01  4.825e-01  0.000e+00  0.000e+00
 6.3400  3.59468e+00  2.323e+00  1.271e+00  0.000e+00  1.271e+00  0.000e+00  0.000e+00  0.000e+00  2.158e-01  1.056e+00  0.000e+00  0.000e+00
 6.3600  3.59476e+00  2.047e+00  1.548e+00  0.000e+00  1.548e+00  0.000e+00  0.000e+00  0.000e+00  2.719e-01  1.276e+00  0.000e+00  0.000e+00
 6.3800  3.59440e+00  2.572e+00  1.022e+00  0.000e+00  1.022e+00  0.000e+00  0.000e+00  0.000e+00  3.103e-01  7.120e-01  0.000e+00  0.000e+00
 6.4000  3.59429e+00  3.107e+00  4.869e-01  0.000e+00  4.869e-01  0.000e+00  0.000e+00  0.000e+00  3.981e-01  8.874e-02  0.000e+00  0.000e+00
 6.4200  3.59404e+00  3.371e+00  2.229e-01  0.000e+00  2.229e-01  0.000e+00  0.000e+00  0.000e+00  1.286e-01  9.425e-02  0.000e+00  0.000e+00
 6.4400  3.59461e+00  2.386e+00  1.208e+00  0.000e+00  1.208e+00  0.000e+00  0.000e+00  0.000e+00  2.068e-01  1.001e+00  0.000e+00  0.000e+00
 6.4600  3.59477e+00  2.164e+00  1.431e+00  0.000e+00  1.431e+00  0.000e+00  0.000e+00  0.000e+00  2.499e-01  1.181e+00  0.000e+00  0.000e+00
 6.4800  3.59457e+00  2.149e+00  1.446e+00  0.000e+00  1.446e+00  0.000e+00  0.000e+00  0.000e+00  3.532e-01  1.093e+00  0.000e+00  0.000e+00
 6.5000  3.59449e+00  2.839e+00  7.555e-01  0.000e+00  7.555e-01  0.000e+00  0.000e+00  0.000e+00  4.317e-01  3.238e-01  0.000e+00  0.000e+00
 6.5200  3.59389e+00  3.533e+00  6.100e-02  0.000e+00  6.100e-02  0.000e+00  0.000e+00  0.000e+00  5.693e-02  4.070e-03  0.000e+00  0.000e+00
 6.5400  3.59462e+00  2.643e+00  9.512e-01  0.000e+00  9.512e-01  0.000e+00  0.000e+00  0.000e+00  3.962e-01  5.550e-01  0.000e+00  0.000e+00
 6.5600  3.59441e+00  2.558e+00  1.036e+00  0.000e+00  1.036e+00  0.000e+00  0.000e+00  0.000e+00  3.197e-02  1.005e+00  0.000e+00  0.000e+00
 6.5800  3.59503e+00  1.620e+00  1.975e+00  0.000e+00  1.975e+00  0.000e+00  0.000e+00  0.000e+00  6.868e-01  1.289e+00  0.000e+00  0.000e+00
 6.6000  3.59432e+00  2.782e+00  8.118e-01  0.000e+00  8.118e-01  0.000e+00  0.000e+00  0.000e+00  1.367e-01  6.751e-01  0.000e+00  0.000e+00
 6.6200  3.59432e+00  3.102e+00  4.927e-01  0.000e+00  4.927e-01  0.000e+00  0.000e+00  0.000e+00  3.207e-01  1.720e-01  0.000e+00  0.000e+00
 6.6400  3.59415e+00  3.259e+00  3.347e-01  0.000e+00  3.347e-01  0.000e+00  0.000e+00  0.000e+00  1.753e-01  1.593e-01  0.000e+00  0.000e+00
 6.6600  3.59449e+00  2.609e+00  9.851e-01  0.000e+00  9.851e-01  0.000e+00  0.000e+00  0.000e+00  2.529e-01  7.323e-01  0.000e+00  0.000e+00
 6.6800  3.59489e+00  1.824e+00  1.771e+00  0.000e+00  1.771e+00  0.000e+00  0.000e+00  0.000e+00  5.510e-01  1.220e+00  0.000e+00  0.000e+00
 6.7000  3.59457e+00  2.308e+00  1.287e+00  0.000e+00  1.287e+00  0.000e+00  0.000e+00  0.000e+00  1.613e-01  1.125e+00  0.000e+00  0.000e+00
 6.7200  3.59434e+00  3.008e+00  5.861e-01  0.000e+00  5.861e-01  0.000e+00  0.000e+00  0.000e+00  2.596e-01  3.265e-01  0.000e+00  0.000e+00
 6.7400  3.59420e+00  3.249e+00  3.447e-01  0.000e+00  3.447e-01  0.000e+00  0.000e+00  0.000e+00  3.447e-01  5.475e-08  0.000e+00  0.000e+00
 6.7600  3.59423e+00  2.940e+00  6.540e-01  0.000e+00  6.540e-01  0.000e+00  0.000e+00  0.000e+00  1.801e-01  4.739e-01  0.000e+00  0.000e+00
 6.7800  3.59485e+00  1.961e+00  1.634e+00  0.000e+00  1.634e+00  0.000e+00  0.000e+00  0.000e+00  5.542e-01  1.080e+00  0.000e+00  0.000e+00
 6.8000  3.59460e+00  2.251e+00  1.344e+00  0.000e+00  1.344e+00  0.000e+00  0.000e+00  0.000e+00  1.123e-01  1.232e+00  0.000e+00  0.000e+00
 6.8200  3.59468e+00  2.450e+00  1.145e+00  0.000e+00  1.145e+00  0.000e+00  0.000e+00  0.000e+00  3.043e-01  8.404e-01  0.000e+00  0.000e+00
 6.8400  3.59393e+00  3.473e+00  1.205e-01  0.000e+00  1.205e-01  0.000e+00  0.000e+00  0.000e+00  8.229e-02  3.821e-02  0.000e+00  0.000e+00
 6.8600  3.59439e+00  2.999e+00  5.952e-01  0.000e+00  5.952e-01  0.000e+00  0.000e+00  0.000e+00  4.728e-01  1.224e-01  0.000e+00  0.000e+00
 6.8800  3.59439e+00  2.478e+00  1.116e+00  0.000e+00  1.116e+00  0.000e+00  0.000e+00  0.000e+00  2.555e-01  8.608e-01  0.000e+00  0.000e+00
 6.9000  3.59482e+00  2.143e+00  1.451e+00  0.000e+00  1.451e+00  0.000e+00  0.000e+00  0.000e+00  2.673e-01  1.184e+00  0.000e+00  0.000e+00
 6.9200  3.59469e+00  2.128e+00  1.467e+00  0.000e+00  1.467e+00  0.000e+00  0.000e+00  0.000e+00  1.850e-01  1.282e+00  0.000e+00  0.000e+00
 6.9400  3.59415e+00  3.150e+00  4.441e-01  0.000e+00  4.441e-01  0.000e+00  0.000e+00  0.000e+00  1.692e-01  2.749e-01  0.000e+00  0.000e+00
 6.9600  3.59429e+00  3.143e+00  4.512e-01  0.000e+00  4.512e-01  0.000e+00  0.000e+00  0.000e+00  4.509e-01  3.053e-04  0.000e+00  0.000e+00
 6.9800  3.59415e+00  2.951e+00  6.430e-01  0.000e+00  6.430e-01  0.000e+00  0.000e+00  0.000e+00  1.532e-01  4.897e-01  0.000e+00  0.000e+00
 7.0000  3.59482e+00  2.242e+00  1.352e+00  0.000e+00  1.352e+00  0.000e+00  0.000e+00  0.000e+00  3.591e-01  9.933e-01  0.000e+00  0.000e+00
 7.0200  3.59469e+00  1.987e+00  1.607e+00  0.000e+00  1.607e+00  0.000e+00  0.000e+00  0.000e+00  1.206e-01  1.487e+00  0.000e+00  0.000e+00
 7.0400  3.59447e+00  2.659e+00  9.357e-01  0.000e+00  9.357e-01  0.000e+00  0.000e+00  0.000e+00  2.670e-01  6.688e-01  0.000e+00  0.000e+00
 7.0600  3.59424e+00  3.122e+00  4.724e-01  0.000e+00  4.724e-01  0.000e+00  0.000e+00  0.000e+00  3.877e-01  8.468e-02  0.000e+00  0.000e+00
 7.0800  3.59404e+00  3.284e+00  3.103e-01  0.000e+00  3.103e-01  0.000e+00  0.000e+00  0.000e+00  1.576e-01  1.527e-01  0.000e+00  0.000e+00
 7.1000  3.59476e+00  2.346e+00  1.249e+00  0.000e+00  1.249e+00  0.000e+00  0.000e+00  0.000e+00  4.498e-01  7.989e-01  0.000e+00  0.000e+00
 7.1200  3.59447e+00  2.358e+00  1.237e+00  0.000e+00  1.237e+00  0.000e+00  0.000e+00  0.000e+00  8.094e-02  1.156e+00  0.000e+00  0.000e+00
 7.1400  3.59494e+00  1.884e+00  1.711e+00  0.000e+00  1.711e+00  0.000e+00  0.000e+00  0.000e+00  5.260e-01  1.185e+00  0.000e+00  0.000e+00
 7.1600  3.59410e+00  3.206e+00  3.885e-01  0.000e+00  3.885e-01  0.000e+00  0.000e+00  0.000e+00  1.148e-01  2.737e-01  0.000e+00  0.000e+00
 7.1800  3.59423e+00  3.280e+00  3.144e-01  0.000e+00  3.144e-01  0.000e+00  0.000e+00  0.000e+00  2.954e-01  1.899e-02  0.000e+00  0.000e+00
 7.2000  3.59441e+00  2.837e+00  7.574e-01  0.000e+00  7.574e-01  0.000e+00  0.000e+00  0.000e+00  2.939e-01  4.634e-01  0.000e+00  0.000e+00
 7.2200  3.59464e+00  2.092e+00  1.502e+00  0.000e+00  1.502e+00  0.000e+00  0.000e+00  0.000e+00  2.980e-01  1.204e+00  0.000e+00  0.000e+00
 7.2400  3.59489e+00  2.019e+00  1.576e+00  0.000e+00  1.576e+00  0.000e+00  0.000e+00  0.000e+00  4.192e-01  1.156e+00  0.000e+00  0.000e+00
 7.2600  3.59431e+00  2.676e+00  9.185e-01  0.000e+00  9.185e-01  0.000e+00  0.000e+00  0.000e+00  1.657e-01  7.528e-01  0.000e+00  0.000e+00
 7.2800  3.59432e+00  3.204e+00  3.902e-01  0.000e+00  3.902e-01  0.000e+00  0.000e+00  0.000e+00  3.662e-01  2.408e-02  0.000e+00  0.000e+00
 7.3000  3.59412e+00  3.310e+00  2.844e-01  0.000e+00  2.844e-01  0.000e+00  0.000e+00  0.000e+00  1.607e-01  1.237e-01  0.000e+00  0.000e+00
 7.3200  3.59460e+00  2.270e+00  1.325e+00  0.000e+00  1.325e+00  0.000e+00  0.000e+00  0.000e+00  4.279e-01  8.967e-01  0.000e+00  0.000e+00
 7.3400  3.59482e+00  2.055e+00  1.540e+00  0.000e+00  1.540e+00  0.000e+00  0.000e+00  0.000e+00  3.379e-01  1.202e+00  0.000e+00  0.000e+00
 7.3600  3.59454e+00  2.257e+00  1.338e+00  0.000e+00  1.338e+00  0.000e+00  0.000e+00  0.000e+00  1.414e-01  1.196e+00  0.000e+00  0.000e+00
 7.3800  3.59444e+00  2.977e+00  6.175e-01  0.000e+00  6.175e-01  0.000e+00  0.000e+00  0.000e+00  3.833e-01  2.342e-01  0.000e+00  0.000e+00
 7.4000  3.59398e+00  3.454e+00  1.397e-01  0.000e+00  1.397e-01  0.000e+00  0.000e+00  0.000e+00  1.393e-01  3.906e-04  0.000e+00  0.000e+00
 7.4200  3.59448e+00  2.657e+00  9.370e-01  0.000e+00  9.370e-01  0.000e+00  0.000e+00  0.000e+00  4.558e-01  4.812e-01  0.000e+00  0.000e+00
 7.4400  3.59466e+00  2.277e+00  1.317e+00  0.000e+00  1.317e+00  0.000e+00  0.000e+00  0.000e+00  2.382e-01  1.079e+00  0.000e+00  0.000e+00
 7.4600  3.59469e+00  2.036e+00  1.559e+00  0.000e+00  1.559e+00  0.000e+00  0.000e+00  0.000e+00  1.416e-01  1.417e+00  0.000e+00  0.000e+00
 7.4800  3.59459e+00  2.533e+00  1.062e+00  0.000e+00  1.062e+00  0.000e+00  0.000e+00  0.000e+00  4.358e-01  6.258e-01  0.000e+00  0.000e+00
 7.5000  3.59396e+00  3.402e+00  1.921e-01  0.000e+00  1.921e-01  0.000e+00  0.000e+00  0.000e+00  1.430e-01  4.910e-02  0.000e+00  0.000e+00
 7.5200  3.59442e+00  3.002e+00  5.926e-01  0.000e+00  5.926e-01  0.000e+00  0.000e+00  0.000e+00  5.000e-01  9.264e-02  0.000e+00  0.000e+00
 7.5400  3.59431e+00  2.568e+00  1.027e+00  0.000e+00  1.027e+00  0.000e+00  0.000e+00  0.000e+00  2.498e-02  1.002e+00  0.000e+00  0.000e+00
 7.5600  3.59504e+00  1.900e+00  1.695e+00  0.000e+00  1.695e+00  0.000e+00  0.000e+00  0.000e+00  2.624e-01  1.433e+00  0.000e+00  0.000e+00
 7.5800  3.59439e+00  2.558e+00  1.036e+00  0.000e+00  1.036e+00  0.000e+00  0.000e+00  0.000e+00  1.192e-01  9.168e-01  0.000e+00  0.000e+00
 7.6000  3.59433e+00  2.889e+00  7.050e-01  0.000e+00  7.050e-01  0.000e+00  0.000e+00  0.000e+00  4.700e-01  2.350e-01  0.000e+00  0.000e+00
 7.6200  3.59415e+00  3.250e+00  3.443e-01  0.000e+00  3.443e-01  0.000e+00  0.000e+00  0.000e+00  3.248e-01  1.949e-02  0.000e+00  0.000e+00
 7.6400  3.59428e+00  2.993e+00  6.017e-01  0.000e+00  6.017e-01  0.000e+00  0.000e+00  0.000e+00  1.602e-01  4.415e-01  0.000e+00  0.000e+00
 7.6600  3.59488e+00  1.886e+00  1.709e+00  0.000e+00  1.709e+00  0.000e+00  0.000e+00  0.000e+00  2.365e-01  1.473e+00  0.000e+00  0.000e+00
 7.6800  3.59457e+00  2.335e+00  1.260e+00  0.000e+00  1.260e+00  0.000e+00  0.000e+00  0.000e+00  1.353e-01  1.124e+00  0.000e+00  0.000e+00
 7.7000  3.59457e+00  2.454e+00  1.140e+00  0.000e+00  1.140e+00  0.000e+00  0.000e+00  0.000e+00  5.212e-01  6.189e-01  0.000e+00  0.000e+00
 7.7200  3.59406e+00  3.362e+00  2.324e-01  0.000e+00  2.324e-01  0.000e+00  0.000e+00  0.000e+00  2.052e-01  2.725e-02  0.000e+00  0.000e+00
 7.7400  3.59424e+00  3.198e+00  3.965e-01  0.000e+00  3.965e-01  0.000e+00  0.000e+00  0.000e+00  2.715e-01  1.250e-01  0.000e+00  0.000e+00
 7.7600  3.59465e+00  2.283e+00  1.311e+00  0.000e+00  1.311e+00  0.000e+00  0.000e+00  0.000e+00  2.230e-01  1.088e+00  0.000e+00  0.000e+00
 7.7800  3.59464e+00  2.211e+00  1.384e+00  0.000e+00  1.384e+00  0.000e+00  0.000e+00  0.000e+00  1.692e-01  1.215e+00  0.000e+00  0.000e+00
 7.8000  3.59485e+00  1.969e+00  1.626e+00  0.000e+00  1.626e+00  0.000e+00  0.000e+00  0.000e+00  6.202e-01  1.006e+00  0.000e+00  0.000e+00
 7.8200  3.59403e+00  3.314e+00  2.803e-01  0.000e+00  2.803e-01  0.000e+00  0.000e+00  0.000e+00  4.918e-02  2.311e-01  0.000e+00  0.000e+00
 7.8400  3.59441e+00  3.149e+00  4.449e-01  0.000e+00  4.449e-01  0.000e+00  0.000e+00  0.000e+00  4.440e-01  9.345e-04  0.000e+00  0.000e+00
 7.8600  3.59418e+00  2.909e+00  6.852e-01  0.000e+00  6.852e-01  0.000e+00  0.000e+00  0.000e+00  1.170e-01  5.682e-01  0.000e+00  0.000e+00
 7.8800  3.59483e+00  2.017e+00  1.578e+00  0.000e+00  1.578e+00  0.000e+00  0.000e+00  0.000e+00  4.222e-01  1.155e+00  0.000e+00  0.000e+00
 7.9000  3.59475e+00  2.068e+00  1.527e+00  0.000e+00  1.527e+00  0.000e+00  0.000e+00  0.000e+00  3.685e-01  1.158e+00  0.000e+00  0.000e+00
 7.9200  3.59445e+00  2.693e+00  9.017e-01  0.000e+00  9.017e-01  0.000e+00  0.000e+00  0.000e+00  1.980e-01  7.037e-01  0.000e+00  0.000e+00
 7.9400  3.59415e+00  3.362e+00  2.320e-01  0.000e+00  2.320e-01  0.000e+00  0.000e+00  0.000e+00  2.114e-01  2.064e-02  0.000e+00  0.000e+00
 7.9600  3.59426e+00  3.099e+00  4.954e-01  0.000e+00  4.954e-01  0.000e+00  0.000e+00  0.000e+00  2.862e-01  2.092e-01  0.000e+00  0.000e+00
 7.9800  3.59461e+00  2.305e+00  1.290e+00  0.000e+00  1.290e+00  0.000e+00  0.000e+00  0.000e+00  3.641e-01  9.254e-01  0.000e+00  0.000e+00
 8.0000  3.59477e+00  1.880e+00  1.715e+00  0.000e+00  1.715e+00  0.000e+00  0.000e+00  0.000e+00  4.029e-01  1.312e+00  0.000e+00  0.000e+00
 8.0200  3.59457e+00  2.535e+00  1.059e+00  0.000e+00  1.059e+00  0.000e+00  0.000e+00  0.000e+00  1.955e-01  8.640e-01  0.000e+00  0.000e+00
 8.0400  3.59438e+00  2.993e+00  6.016e-01  0.000e+00  6.016e-01  0.000e+00  0.000e+00  0.000e+00  2.881e-01  3.134e-01  0.000e+00  0.000e+00
 8.0600  3.59392e+00  3.433e+00  1.614e-01  0.000e+00  1.614e-01  0.000e+00  0.000e+00  0.000e+00  1.148e-01  4.662e-02  0.000e+00  0.000e+00
 8.0800  3.59468e+00  2.553e+00  1.042e+00  0.000e+00  1.042e+00  0.000e+00  0.000e+00  0.000e+00  5.354e-01  5.065e-01  0.000e+00  0.000e+00
 8.1000  3.59442e+00  2.212e+00  1.382e+00  0.000e+00  1.382e+00  0.000e+00  0.000e+00  0.000e+00  4.538e-02  1.337e+00  0.000e+00  0.000e+00
 8.1200  3.59502e+00  2.040e+00  1.555e+00  0.000e+00  1.555e+00  0.000e+00  0.000e+00  0.000e+00  4.627e-01  1.092e+00  0.000e+00  0.000e+00
 8.1400  3.59418e+00  2.849e+00  7.449e-01  0.000e+00  7.449e-01  0.000e+00  0.000e+00  0.000e+00  3.930e-02  7.056e-01  0.000e+00  0.000e+00
 8.1600  3.59428e+00  3.163e+00  4.310e-01  0.000e+00  4.310e-01  0.000e+00  0.000e+00  0.000e+00  4.110e-01  2.002e-02  0.000e+00  0.000e+00
 8.1800  3.59415e+00  3.189e+00  4.048e-01  0.000e+00  4.048e-01  0.000e+00  0.000e+00  0.000e+00  2.296e-01  1.751e-01  0.000e+00  0.000e+00
 8.2000  3.59456e+00  2.308e+00  1.287e+00  0.000e+00  1.287e+00  0.000e+00  0.000e+00  0.000e+00  2.148e-01  1.072e+00  0.000e+00  0.000e+00
 8.2200  3.59485e+00  2.115e+00  1.480e+00  0.000e+00  1.480e+00  0.000e+00  0.000e+00  0.000e+00  2.928e-01  1.188e+00  0.000e+00  0.000e+00
 8.2400  3.59448e+00  2.356e+00  1.239e+00  0.000e+00  1.239e+00  0.000e+00  0.000e+00  0.000e+00  1.991e-01  1.040e+00  0.000e+00  0.000e+00
 8.2600  3.59437e+00  2.934e+00  6.603e-01  0.000e+00  6.603e-01  0.000e+00  0.000e+00  0.000e+00  4.112e-01  2.490e-01  0.000e+00  0.000e+00
 8.2800  3.59403e+00  3.387e+00  2.070e-01  0.000e+00  2.070e-01  0.000e+00  0.000e+00  0.000e+00  1.930e-01  1.404e-02  0.000e+00  0.000e+00
 8.3000  3.59443e+00  2.816e+00  7.787e-01  0.000e+00  7.787e-01  0.000e+00  0.000e+00  0.000e+00  1.599e-01  6.188e-01  0.000e+00  0.000e+00
 8.3200  3.59483e+00  1.974e+00  1.621e+00  0.000e+00  1.621e+00  0.000e+00  0.000e+00  0.000e+00  3.004e-01  1.321e+00  0.000e+00  0.000e+00
 8.3400  3.59451e+00  2.349e+00  1.246e+00  0.000e+00  1.246e+00  0.000e+00  0.000e+00  0.000e+00  2.765e-01  9.695e-01  0.000e+00  0.000e+00
 8.3600  3.59464e+00  2.481e+00  1.114e+00  0.000e+00  1.114e+00  0.000e+00  0.000e+00  0.000e+00  5.052e-01  6.083e-01  0.000e+00  0.000e+00
 8.3800  3.59388e+00  3.484e+00  1.102e-01  0.000e+00  1.102e-01  0.000e+00  0.000e+00  0.000e+00  8.547e-02  2.470e-02  0.000e+00  0.000e+00
 8.4000  3.59454e+00  2.848e+00  7.470e-01  0.000e+00  7.470e-01  0.000e+00  0.000e+00  0.000e+00  4.126e-01  3.344e-01  0.000e+00  0.000e+00
 8.4200  3.59438e+00  2.636e+00  9.580e-01  0.000e+00  9.580e-01  0.000e+00  0.000e+00  0.000e+00  2.986e-02  9.281e-01  0.000e+00  0.000e+00
 8.4400  3.59501e+00  1.666e+00  1.929e+00  0.000e+00  1.929e+00  0.000e+00  0.000e+00  0.000e+00  6.016e-01  1.327e+00  0.000e+00  0.000e+00
 8.4600  3.59445e+00  2.592e+00  1.002e+00  0.000e+00  1.002e+00  0.000e+00  0.000e+00  0.000e+00  1.888e-01  8.132e-01  0.000e+00  0.000e+00
 8.4800  3.59430e+00  3.011e+00  5.831e-01  0.000e+00  5.831e-01  0.000e+00  0.000e+00  0.000e+00  2.991e-01  2.840e-01  0.000e+00  0.000e+00
 8.5000  3.59417e+00  3.279e+00  3.151e-01  0.000e+00  3.151e-01  0.000e+00  0.000e+00  0.000e+00  2.329e-01  8.222e-02  0.000e+00  0.000e+00
 8.5200  3.59440e+00  2.841e+00  7.539e-01  0.000e+00  7.539e-01  0.000e+00  0.000e+00  0.000e+00  2.289e-01  5.250e-01  0.000e+00  0.000e+00
 8.5400  3.59479e+00  1.857e+00  1.737e+00  0.000e+00  1.737e+00  0.000e+00  0.000e+00  0.000e+00  4.942e-01  1.243e+00  0.000e+00  0.000e+00
 8.5600  3.59475e+00  2.210e+00  1.385e+00  0.000e+00  1.385e+00  0.000e+00  0.000e+00  0.000e+00  2.825e-01  1.102e+00  0.000e+00  0.000e+00
 8.5800  3.59433e+00  2.762e+00  8.324e-01  0.000e+00  8.324e-01  0.000e+00  0.000e+00  0.000e+00  1.237e-01  7.087e-01  0.000e+00  0.000e+00
 8.6000  3.59432e+00  3.185e+00  4.092e-01  0.000e+00  4.092e-01  0.000e+00  0.000e+00  0.000e+00  4.044e-01  4.757e-03  0.000e+00  0.000e+00
 8.6200  3.59401e+00  3.310e+00  2.842e-01  0.000e+00  2.842e-01  0.000e+00  0.000e+00  0.000e+00  8.628e-02  1.980e-01  0.000e+00  0.000e+00
 8.6400  3.59489e+00  2.023e+00  1.572e+00  0.000e+00  1.572e+00  0.000e+00  0.000e+00  0.000e+00  6.427e-01  9.293e-01  0.000e+00  0.000e+00
 8.6600  3.59449e+00  2.314e+00  1.281e+00  0.000e+00  1.281e+00  0.000e+00  0.000e+00  0.000e+00  1.898e-03  1.279e+00  0.000e+00  0.000e+00
 8.6800  3.59489e+00  2.140e+00  1.455e+00  0.000e+00  1.455e+00  0.000e+00  0.000e+00  0.000e+00  3.860e-01  1.069e+00  0.000e+00  0.000e+00
 8.7000  3.59395e+00  3.332e+00  2.623e-01  0.000e+00  2.623e-01  0.000e+00  0.000e+00  0.000e+00  6.486e-02  1.974e-01  0.000e+00  0.000e+00
 8.7200  3.59436e+00  3.020e+00  5.744e-01  0.000e+00  5.744e-01  0.000e+00  0.000e+00  0.000e+00  5.030e-01  7.142e-02  0.000e+00  0.000e+00
 8.7400  3.59430e+00  2.829e+00  7.655e-01  0.000e+00  7.655e-01  0.000e+00  0.000e+00  0.000e+00  3.238e-01  4.417e-01  0.000e+00  0.000e+00
 8.7600  3.59472e+00  2.077e+00  1.518e+00  0.000e+00  1.518e+00  0.000e+00  0.000e+00  0.000e+00  2.071e-01  1.311e+00  0.000e+00  0.000e+00
 8.7800  3.59481e+00  2.088e+00  1.507e+00  0.000e+00  1.507e+00  0.000e+00  0.000e+00  0.000e+00  1.694e-01  1.338e+00  0.000e+00  0.000e+00
 8.8000  3.59423e+00  2.973e+00  6.210e-01  0.000e+00  6.210e-01  0.000e+00  0.000e+00  0.000e+00  1.768e-01  4.441e-01  0.000e+00  0.000e+00
 8.8200  3.59421e+00  3.190e+00  4.039e-01  0.000e+00  4.039e-01  0.000e+00  0.000e+00  0.000e+00  3.968e-01  7.080e-03  0.000e+00  0.000e+00
 8.8400  3.59422e+00  3.001e+00  5.932e-01  0.000e+00  5.932e-01  0.000e+00  0.000e+00  0.000e+00  2.613e-01  3.319e-01  0.000e+00  0.000e+00
 8.8600  3.59460e+00  2.482e+00  1.113e+00  0.000e+00  1.113e+00  0.000e+00  0.000e+00  0.000e+00  2.317e-01  8.810e-01  0.000e+00  0.000e+00
 8.8800  3.59489e+00  1.784e+00  1.811e+00  0.000e+00  1.811e+00  0.000e+00  0.000e+00  0.000e+00  2.608e-01  1.550e+00  0.000e+00  0.000e+00
 8.9000  3.59436e+00  2.687e+00  9.073e-01  0.000e+00  9.073e-01  0.000e+00  0.000e+00  0.000e+00  1.305e-01  7.768e-01  0.000e+00  0.000e+00
 8.9200  3.59448e+00  2.844e+00  7.502e-01  0.000e+00  7.502e-01  0.000e+00  0.000e+00  0.000e+00  5.537e-01  1.965e-01  0.000e+00  0.000e+00
 8.9400  3.59384e+00  3.512e+00  8.170e-02  0.000e+00  8.170e-02  0.000e+00  0.000e+00  0.000e+00  2.217e-03  7.949e-02  0.000e+00  0.000e+00
 8.9600  3.59478e+00  2.554e+00  1.041e+00  0.000e+00  1.041e+00  0.000e+00  0.000e+00  0.000e+00  5.160e-01  5.250e-01  0.000e+00  0.000e+00
 8.9800  3.59444e+00  2.179e+00  1.415e+00  0.000e+00  1.415e+00  0.000e+00  0.000e+00  0.000e+00  4.200e-04  1.415e+00  0.000e+00  0.000e+00
 9.0000  3.59496e+00  1.990e+00  1.605e+00  0.000e+00  1.605e+00  0.000e+00  0.000e+00  0.000e+00  5.187e-01  1.086e+00  0.000e+00  0.000e+00
 9.0200  3.59423e+00  2.811e+00  7.833e-01  0.000e+00  7.833e-01  0.000e+00  0.000e+00  0.000e+00  2.185e-01  5.648e-01  0.000e+00  0.000e+00
 9.0400  3.59423e+00  3.316e+00  2.786e-01  0.000e+00  2.786e-01  0.000e+00  0.000e+00  0.000e+00  2.747e-01  3.888e-03  0.000e+00  0.000e+00
 9.0600  3.59427e+00  3.137e+00  4.573e-01  0.000e+00  4.573e-01  0.000e+00  0.000e+00  0.000e+00  2.296e-01  2.278e-01  0.000e+00  0.000e+00
 9.0800  3.59464e+00  2.209e+00  1.385e+00  0.000e+00  1.385e+00  0.000e+00  0.000e+00  0.000e+00  3.859e-01  9.996e-01  0.000e+00  0.000e+00
 9.1000  3.59472e+00  1.970e+00  1.625e+00  0.000e+00  1.625e+00  0.000e+00  0.000e+00  0.000e+00  3.035e-01  1.322e+00  0.000e+00  0.000e+00
 9.1200  3.59466e+00  2.415e+00  1.179e+00  0.000e+00  1.179e+00  0.000e+00  0.000e+00  0.000e+00  4.070e-01  7.722e-01  0.000e+00  0.000e+00
 9.1400  3.59415e+00  3.202e+00  3.925e-01  0.000e+00  3.925e-01  0.000e+00  0.000e+00  0.000e+00  1.722e-01  2.203e-01  0.000e+00  0.000e+00
 9.1600  3.59429e+00  3.237e+00  3.572e-01  0.000e+00  3.572e-01  0.000e+00  0.000e+00  0.000e+00  2.793e-01  7.790e-02  0.000e+00  0.000e+00
 9.1800  3.59430e+00  2.741e+00  8.528e-01  0.000e+00  8.528e-01  0.000e+00  0.000e+00  0.000e+00  1.759e-01  6.769e-01  0.000e+00  0.000e+00
 9.2000  3.59504e+00  1.783e+00  1.812e+00  0.000e+00  1.812e+00  0.000e+00  0.000e+00  0.000e+00  5.777e-01  1.235e+00  0.000e+00  0.000e+00
 9.2200  3.59437e+00  2.339e+00  1.255e+00  0.000e+00  1.255e+00  0.000e+00  0.000e+00  0.000e+00  2.623e-02  1.229e+00  0.000e+00  0.000e+00
 9.2400  3.59469e+00  2.719e+00  8.754e-01  0.000e+00  8.754e-01  0.000e+00  0.000e+00  0.000e+00  5.082e-01  3.672e-01  0.000e+00  0.000e+00
 9.2600  3.59386e+00  3.556e+00  3.749e-02  0.000e+00  3.749e-02  0.000e+00  0.000e+00  0.000e+00  2.263e-02  1.486e-02  0.000e+00  0.000e+00
 9.2800  3.59450e+00  2.717e+00  8.771e-01  0.000e+00  8.771e-01  0.000e+00  0.000e+00  0.000e+00  5.280e-01  3.490e-01  0.000e+00  0.000e+00
 9.3000  3.59451e+00  2.460e+00  1.134e+00  0.000e+00  1.134e+00  0.000e+00  0.000e+00  0.000e+00  1.940e-01  9.402e-01  0.000e+00  0.000e+00
 9.3200  3.59482e+00  1.843e+00  1.751e+00  0.000e+00  1.751e+00  0.000e+00  0.000e+00  0.000e+00  2.155e-01  1.536e+00  0.000e+00  0.000e+00
 9.3400  3.59457e+00  2.605e+00  9.894e-01  0.000e+00  9.894e-01  0.000e+00  0.000e+00  0.000e+00  2.753e-01  7.141e-01  0.000e+00  0.000e+00
 9.3600  3.59412e+00  3.181e+00  4.129e-01  0.000e+00  4.129e-01  0.000e+00  0.000e+00  0.000e+00  2.184e-01  1.945e-01  0.000e+00  0.000e+00
 9.3800  3.59424e+00  3.115e+00  4.791e-01  0.000e+00  4.791e-01  0.000e+00  0.000e+00  0.000e+00  4.093e-01  6.979e-02  0.000e+00  0.000e+00
 9.4000  3.59436e+00  2.805e+00  7.894e-01  0.000e+00  7.894e-01  0.000e+00  0.000e+00  0.000e+00  2.142e-01  5.752e-01  0.000e+00  0.000e+00
 9.4200  3.59477e+00  1.928e+00  1.666e+00  0.000e+00  1.666e+00  0.000e+00  0.000e+00  0.000e+00  1.379e-01  1.528e+00  0.000e+00  0.000e+00
 9.4400  3.59476e+00  2.267e+00  1.328e+00  0.000e+00  1.328e+00  0.000e+00  0.000e+00  0.000e+00  2.761e-01  1.052e+00  0.000e+00  0.000e+00
 9.4600  3.59418e+00  2.900e+00  6.939e-01  0.000e+00  6.939e-01  0.000e+00  0.000e+00  0.000e+00  2.201e-01  4.737e-01  0.000e+00  0.000e+00
 9.4800  3.59439e+00  3.005e+00  5.893e-01  0.000e+00  5.893e-01  0.000e+00  0.000e+00  0.000e+00  5.789e-01  1.040e-02  0.000e+00  0.000e+00
 9.5000  3.59395e+00  3.296e+00  2.979e-01  0.000e+00  2.979e-01  0.000e+00  0.000e+00  0.000e+00  1.946e-02  2.784e-01  0.000e+00  0.000e+00
 9.5200  3.59495e+00  2.195e+00  1.400e+00  0.000e+00  1.400e+00  0.000e+00  0.000e+00  0.000e+00  3.173e-01  1.083e+00  0.000e+00  0.000e+00
 9.5400  3.59453e+00  2.100e+00  1.494e+00  0.000e+00  1.494e+00  0.000e+00  0.000e+00  0.000e+00  6.132e-03  1.488e+00  0.000e+00  0.000e+00
 9.5600  3.59475e+00  2.388e+00  1.207e+00  0.000e+00  1.207e+00  0.000e+00  0.000e+00  0.000e+00  5.733e-01  6.337e-01  0.000e+00  0.000e+00
 9.5800  3.59398e+00  3.336e+00  2.579e-01  0.000e+00  2.579e-01  0.000e+00  0.000e+00  0.000e+00  1.280e-01  1.299e-01  0.000e+00  0.000e+00
 9.6000  3.59431e+00  3.086e+00  5.082e-01  0.000e+00  5.082e-01  0.000e+00  0.000e+00  0.000e+00  4.413e-01  6.696e-02  0.000e+00  0.000e+00
 9.6200  3.59445e+00  2.582e+00  1.013e+00  0.000e+00  1.013e+00  0.000e+00  0.000e+00  0.000e+00  1.449e-01  8.680e-01  0.000e+00  0.000e+00
 9.6400  3.59475e+00  2.165e+00  1.430e+00  0.000e+00  1.430e+00  0.000e+00  0.000e+00  0.000e+00  2.269e-01  1.203e+00  0.000e+00  0.000e+00
 9.6600  3.59476e+00  1.973e+00  1.622e+00  0.000e+00  1.622e+00  0.000e+00  0.000e+00  0.000e+00  4.968e-01  1.125e+00  0.000e+00  0.000e+00
 9.6800  3.59430e+00  3.002e+00  5.921e-01  0.000e+00  5.921e-01  0.000e+00  0.000e+00  0.000e+00  2.331e-01  3.590e-01  0.000e+00  0.000e+00
 9.7000  3.59414e+00  3.337e+00  2.575e-01  0.000e+00  2.575e-01  0.000e+00  0.000e+00  0.000e+00  2.433e-01  1.420e-02  0.000e+00  0.000e+00
 9.7200  3.59440e+00  2.843e+00  7.518e-01  0.000e+00  7.518e-01  0.000e+00  0.000e+00  0.000e+00  2.802e-01  4.715e-01  0.000e+00  0.000e+00
 9.7400  3.59452e+00  2.461e+00  1.134e+00  0.000e+00  1.134e+00  0.000e+00  0.000e+00  0.000e+00  1.701e-01  9.638e-01  0.000e+00  0.000e+00
 9.7600  3.59501e+00  1.634e+00  1.961e+00  0.000e+00  1.961e+00  0.000e+00  0.000e+00  0.000e+00  6.377e-01  1.323e+00  0.000e+00  0.000e+00
 9.7800  3.59429e+00  2.827e+00  7.672e-01  0.000e+00  7.672e-01  0.000e+00  0.000e+00  0.000e+00  4.478e-02  7.224e-01  0.000e+00  0.000e+00
 9.8000  3.59447e+00  2.957e+00  6.377e-01  0.000e+00  6.377e-01  0.000e+00  0.000e+00  0.000e+00  4.188e-01  2.189e-01  0.000e+00  0.000e+00
 9.8200  3.59394e+00  3.391e+00  2.024e-01  0.000e+00  2.024e-01  0.000e+00  0.000e+00  0.000e+00  7.838e-02  1.241e-01  0.000e+00  0.000e+00
 9.8400  3.59465e+00  2.522e+00  1.072e+00  0.000e+00  1.072e+00  0.000e+00  0.000e+00  0.000e+00  4.344e-01  6.380e-01  0.000e+00  0.000e+00
 9.8600  3.59465e+00  2.012e+00  1.583e+00  0.000e+00  1.583e+00  0.000e+00  0.000e+00  0.000e+00  3.372e-01  1.245e+00  0.000e+00  0.000e+00
 9.8800  3.59471e+00  2.200e+00  1.394e+00  0.000e+00  1.394e+00  0.000e+00  0.000e+00  0.000e+00  2.792e-01  1.115e+00  0.000e+00  0.000e+00
 9.9000  3.59447e+00  2.840e+00  7.548e-01  0.000e+00  7.548e-01  0.000e+00  0.000e+00  0.000e+00  2.435e-01  5.114e-01  0.000e+00  0.000e+00
 9.9200  3.59393e+00  3.520e+00  7.433e-02  0.000e+00  7.433e-02  0.000e+00  0.000e+00  0.000e+00  7.061e-02  3.718e-03  0.000e+00  0.000e+00
 9.9400  3.59454e+00  2.621e+00  9.730e-01  0.000e+00  9.730e-01  0.000e+00  0.000e+00  0.000e+00  4.841e-01  4.889e-01  0.000e+00  0.000e+00
 9.9600  3.59449e+00  2.423e+00  1.171e+00  0.000e+00  1.171e+00  0.000e+00  0.000e+00  0.000e+00  2.186e-01  9.526e-01  0.000e+00  0.000e+00
 9.9800  3.59482e+00  2.027e+00  1.567e+00  0.000e+00  1.567e+00  0.000e+00  0.000e+00  0.000e+00  3.035e-01  1.264e+00  0.000e+00  0.000e+00
10.0000  3.59450e+00  2.552e+00  1.043e+00  0.000e+00  1.043e+00  0.000e+00  0.000e+00  0.000e+00  2.608e-01  7.819e-01  0.000e+00  0.000e+00
