# energy [kcal/mol] of h2o_5 vs. time [ps] (0.0000 ps of eq)
#
#  time      e_total      e_kin      e_pot  e_nonbond   e_bonded e_boundary      e_vdw     e_elst     e_bond    e_angle     e_tors      e_oop     temp    press
 0.0000 -2.22654e+01  1.333e+01 -3.560e+01 -4.357e+01  7.970e+00  0.000e+00  1.168e+01 -5.525e+01  3.999e+00  3.972e+00  0.000e+00  0.000e+00  298.150   96.077
 0.0050 -2.22642e+01  1.015e+01 -3.242e+01 -3.433e+01  1.915e+00  0.000e+00  1.144e+01 -4.577e+01  7.001e-01  1.214e+00  0.000e+00  0.000e+00  227.095  161.635
 0.0100 -2.22636e+01  6.348e+00 -2.861e+01 -3.621e+01  7.598e+00  0.000e+00  1.146e+01 -4.767e+01  5.539e+00  2.059e+00  0.000e+00  0.000e+00  141.974   29.788
 0.0150 -2.22634e+01  6.400e+00 -2.866e+01 -3.122e+01  2.559e+00  0.000e+00  1.110e+01 -4.232e+01  1.421e+00  1.137e+00  0.000e+00  0.000e+00  143.148  126.256
 0.0200 -2.22628e+01  7.169e+00 -2.943e+01 -3.720e+01  7.770e+00  0.000e+00  1.025e+01 -4.745e+01  7.011e+00  7.598e-01  0.000e+00  0.000e+00  160.343   31.019
 0.0250 -2.22632e+01  8.774e+00 -3.104e+01 -3.584e+01  4.798e+00  0.000e+00  9.655e+00 -4.549e+01  1.447e+00  3.351e+00  0.000e+00  0.000e+00  196.244  117.150
 0.0300 -2.22647e+01  9.554e+00 -3.182e+01 -3.795e+01  6.128e+00  0.000e+00  8.472e+00 -4.642e+01  4.550e+00  1.578e+00  0.000e+00  0.000e+00  213.686   78.744
 0.0350 -2.22654e+01  8.605e+00 -3.087e+01 -3.183e+01  9.561e-01  0.000e+00  7.735e+00 -3.956e+01  8.499e-01  1.062e-01  0.000e+00  0.000e+00  192.452   88.408
 0.0400 -2.22654e+01  7.703e+00 -2.997e+01 -3.613e+01  6.165e+00  0.000e+00  7.019e+00 -4.315e+01  1.385e+00  4.779e+00  0.000e+00  0.000e+00  172.269   85.044
 0.0450 -2.22658e+01  9.119e+00 -3.138e+01 -3.461e+01  3.230e+00  0.000e+00  6.457e+00 -4.107e+01  1.809e+00  1.421e+00  0.000e+00  0.000e+00  203.943   68.338
 0.0500 -2.22653e+01  9.731e+00 -3.200e+01 -3.324e+01  1.241e+00  0.000e+00  6.130e+00 -3.937e+01  9.374e-01  3.033e-01  0.000e+00  0.000e+00  217.641  124.158
 0.0550 -2.22635e+01  6.996e+00 -2.926e+01 -3.811e+01  8.846e+00  0.000e+00  5.822e+00 -4.393e+01  4.727e+00  4.118e+00  0.000e+00  0.000e+00  156.466   24.128
 0.0600 -2.22627e+01  6.565e+00 -2.883e+01 -3.160e+01  2.769e+00  0.000e+00  5.519e+00 -3.712e+01  1.594e+00  1.175e+00  0.000e+00  0.000e+00  146.834   96.109
 0.0650 -2.22631e+01  6.213e+00 -2.848e+01 -3.528e+01  6.802e+00  0.000e+00  5.161e+00 -4.044e+01  6.127e+00  6.756e-01  0.000e+00  0.000e+00  138.946    7.149
 0.0700 -2.22633e+01  5.768e+00 -2.803e+01 -3.170e+01  3.671e+00  0.000e+00  5.041e+00 -3.674e+01  1.135e+00  2.536e+00  0.000e+00  0.000e+00  129.007   87.217
 0.0750 -2.22638e+01  6.041e+00 -2.831e+01 -3.451e+01  6.208e+00  0.000e+00  4.769e+00 -3.928e+01  4.676e+00  1.531e+00  0.000e+00  0.000e+00  135.116    5.971
 0.0800 -2.22655e+01  9.274e+00 -3.154e+01 -3.307e+01  1.535e+00  0.000e+00  4.800e+00 -3.787e+01  2.229e-01  1.312e+00  0.000e+00  0.000e+00  207.406  108.945
 0.0850 -2.22662e+01  1.038e+01 -3.265e+01 -3.723e+01  4.577e+00  0.000e+00  4.836e+00 -4.206e+01  2.295e+00  2.282e+00  0.000e+00  0.000e+00  232.197   76.787
 0.0900 -2.22653e+01  8.550e+00 -3.081e+01 -3.323e+01  2.415e+00  0.000e+00  5.071e+00 -3.830e+01  1.337e+00  1.078e+00  0.000e+00  0.000e+00  191.216   79.031
 0.0950 -2.22646e+01  6.905e+00 -2.917e+01 -3.319e+01  4.021e+00  0.000e+00  5.472e+00 -3.866e+01  1.365e+00  2.656e+00  0.000e+00  0.000e+00  154.433   72.371
 0.1000 -2.22642e+01  6.963e+00 -2.923e+01 -3.505e+01  5.827e+00  0.000e+00  5.899e+00 -4.095e+01  3.924e+00  1.902e+00  0.000e+00  0.000e+00  155.739   49.726
 0.1050 -2.22632e+01  6.525e+00 -2.879e+01 -3.079e+01  2.001e+00  0.000e+00  6.411e+00 -3.720e+01  1.620e+00  3.812e-01  0.000e+00  0.000e+00  145.924   86.133
 0.1100 -2.22629e+01  6.686e+00 -2.895e+01 -3.906e+01  1.011e+01  0.000e+00  6.780e+00 -4.584e+01  5.710e+00  4.401e+00  0.000e+00  0.000e+00  149.532   23.560
 0.1150 -2.22640e+01  9.125e+00 -3.139e+01 -3.348e+01  2.089e+00  0.000e+00  7.482e+00 -4.096e+01  8.204e-01  1.268e+00  0.000e+00  0.000e+00  204.085  131.020
 0.1200 -2.22647e+01  9.101e+00 -3.137e+01 -3.637e+01  5.001e+00  0.000e+00  8.034e+00 -4.440e+01  4.831e+00  1.695e-01  0.000e+00  0.000e+00  203.554   45.088
 0.1250 -2.22647e+01  8.149e+00 -3.041e+01 -3.489e+01  4.480e+00  0.000e+00  9.027e+00 -4.392e+01  2.188e-01  4.262e+00  0.000e+00  0.000e+00  182.261  127.009
 0.1300 -2.22650e+01  8.724e+00 -3.099e+01 -3.570e+01  4.715e+00  0.000e+00  1.004e+01 -4.574e+01  3.756e+00  9.584e-01  0.000e+00  0.000e+00  195.115   57.755
 0.1350 -2.22651e+01  1.005e+01 -3.231e+01 -3.464e+01  2.324e+00  0.000e+00  1.098e+01 -4.561e+01  1.670e+00  6.541e-01  0.000e+00  0.000e+00  224.714  140.566
 0.1400 -2.22641e+01  8.784e+00 -3.105e+01 -3.774e+01  6.689e+00  0.000e+00  1.207e+01 -4.981e+01  3.203e+00  3.486e+00  0.000e+00  0.000e+00  196.451   83.060
 0.1450 -2.22637e+01  9.176e+00 -3.144e+01 -3.681e+01  5.374e+00  0.000e+00  1.283e+01 -4.964e+01  4.093e+00  1.281e+00  0.000e+00  0.000e+00  205.233  110.915
 0.1500 -2.22643e+01  1.029e+01 -3.255e+01 -3.554e+01  2.984e+00  0.000e+00  1.366e+01 -4.920e+01  2.075e+00  9.095e-01  0.000e+00  0.000e+00  230.132  128.809
 0.1550 -2.22647e+01  1.004e+01 -3.231e+01 -4.001e+01  7.700e+00  0.000e+00  1.418e+01 -5.419e+01  4.797e+00  2.902e+00  0.000e+00  0.000e+00  224.611  102.745
 0.1600 -2.22645e+01  8.202e+00 -3.047e+01 -3.289e+01  2.421e+00  0.000e+00  1.472e+01 -4.761e+01  6.567e-01  1.764e+00  0.000e+00  0.000e+00  183.441  133.970
 0.1650 -2.22649e+01  7.940e+00 -3.020e+01 -3.705e+01  6.841e+00  0.000e+00  1.517e+01 -5.222e+01  4.634e+00  2.207e+00  0.000e+00  0.000e+00  177.575   66.542
 0.1700 -2.22650e+01  8.137e+00 -3.040e+01 -3.391e+01  3.508e+00  0.000e+00  1.531e+01 -4.922e+01  5.977e-01  2.910e+00  0.000e+00  0.000e+00  181.985  162.494
 0.1750 -2.22640e+01  7.275e+00 -2.954e+01 -3.536e+01  5.822e+00  0.000e+00  1.492e+01 -5.028e+01  5.233e+00  5.889e-01  0.000e+00  0.000e+00  162.715   41.815
 0.1800 -2.22634e+01  8.228e+00 -3.049e+01 -3.635e+01  5.858e+00  0.000e+00  1.418e+01 -5.053e+01  2.093e+00  3.765e+00  0.000e+00  0.000e+00  184.013  157.113
 0.1850 -2.22638e+01  9.770e+00 -3.203e+01 -3.851e+01  6.477e+00  0.000e+00  1.291e+01 -5.142e+01  4.903e+00  1.574e+00  0.000e+00  0.000e+00  218.498   65.585
 0.1900 -2.22639e+01  9.032e+00 -3.130e+01 -3.391e+01  2.617e+00  0.000e+00  1.145e+01 -4.536e+01  2.429e+00  1.879e-01  0.000e+00  0.000e+00  201.999  138.315
 0.1950 -2.22641e+01  7.565e+00 -2.983e+01 -3.706e+01  7.231e+00  0.000e+00  1.045e+01 -4.751e+01  2.901e+00  4.330e+00  0.000e+00  0.000e+00  169.198   55.755
 0.2000 -2.22654e+01  9.132e+00 -3.140e+01 -3.430e+01  2.903e+00  0.000e+00  9.374e+00 -4.367e+01  2.050e+00  8.536e-01  0.000e+00  0.000e+00  204.233  108.578
 0.2050 -2.22660e+01  1.018e+01 -3.245e+01 -3.382e+01  1.377e+00  0.000e+00  8.495e+00 -4.232e+01  9.844e-01  3.929e-01  0.000e+00  0.000e+00  227.714  110.480
 0.2100 -2.22653e+01  8.760e+00 -3.103e+01 -3.755e+01  6.529e+00  0.000e+00  7.668e+00 -4.522e+01  2.521e+00  4.009e+00  0.000e+00  0.000e+00  195.914   64.376
 0.2150 -2.22648e+01  8.477e+00 -3.074e+01 -3.285e+01  2.110e+00  0.000e+00  6.954e+00 -3.981e+01  7.863e-01  1.323e+00  0.000e+00  0.000e+00  189.589  122.693
 0.2200 -2.22642e+01  8.004e+00 -3.027e+01 -3.483e+01  4.557e+00  0.000e+00  6.373e+00 -4.120e+01  4.264e+00  2.937e-01  0.000e+00  0.000e+00  179.002   25.891
 0.2250 -2.22630e+01  6.585e+00 -2.885e+01 -3.392e+01  5.072e+00  0.000e+00  5.909e+00 -3.983e+01  1.860e+00  3.212e+00  0.000e+00  0.000e+00  147.273  117.485
 0.2300 -2.22626e+01  6.036e+00 -2.830e+01 -3.565e+01  7.350e+00  0.000e+00  5.608e+00 -4.126e+01  5.572e+00  1.778e+00  0.000e+00  0.000e+00  134.986  -14.465
 0.2350 -2.22636e+01  7.902e+00 -3.017e+01 -3.268e+01  2.515e+00  0.000e+00  5.347e+00 -3.803e+01  1.817e+00  6.983e-01  0.000e+00  0.000e+00  176.720  124.801
 0.2400 -2.22645e+01  7.732e+00 -3.000e+01 -3.650e+01  6.501e+00  0.000e+00  5.272e+00 -4.177e+01  3.389e+00  3.112e+00  0.000e+00  0.000e+00  172.928   21.027
 0.2450 -2.22649e+01  7.186e+00 -2.945e+01 -3.161e+01  2.161e+00  0.000e+00  5.123e+00 -3.674e+01  8.027e-01  1.359e+00  0.000e+00  0.000e+00  160.721   91.565
 0.2500 -2.22658e+01  8.072e+00 -3.034e+01 -3.386e+01  3.527e+00  0.000e+00  4.949e+00 -3.881e+01  1.385e+00  2.142e+00  0.000e+00  0.000e+00  180.533   59.738
 0.2550 -2.22660e+01  8.873e+00 -3.114e+01 -3.462e+01  3.480e+00  0.000e+00  4.798e+00 -3.942e+01  1.233e+00  2.247e+00  0.000e+00  0.000e+00  198.454   79.228
 0.2600 -2.22648e+01  7.773e+00 -3.004e+01 -3.193e+01  1.896e+00  0.000e+00  4.676e+00 -3.661e+01  1.303e+00  5.930e-01  0.000e+00  0.000e+00  173.837   87.736
 0.2650 -2.22637e+01  6.663e+00 -2.893e+01 -3.602e+01  7.098e+00  0.000e+00  4.603e+00 -4.063e+01  3.518e+00  3.580e+00  0.000e+00  0.000e+00  149.015   16.971
 0.2700 -2.22635e+01  7.914e+00 -3.018e+01 -3.377e+01  3.591e+00  0.000e+00  4.752e+00 -3.852e+01  2.145e+00  1.446e+00  0.000e+00  0.000e+00  176.995  117.913
 0.2750 -2.22632e+01  7.845e+00 -3.011e+01 -3.544e+01  5.330e+00  0.000e+00  4.988e+00 -4.043e+01  5.170e+00  1.600e-01  0.000e+00  0.000e+00  175.458    4.740
 0.2800 -2.22632e+01  7.229e+00 -2.949e+01 -3.489e+01  5.401e+00  0.000e+00  5.433e+00 -4.033e+01  1.645e+00  3.755e+00  0.000e+00  0.000e+00  161.684  118.495
 0.2850 -2.22644e+01  7.967e+00 -3.023e+01 -3.541e+01  5.179e+00  0.000e+00  6.019e+00 -4.143e+01  4.041e+00  1.138e+00  0.000e+00  0.000e+00  178.184   17.349
 0.2900 -2.22652e+01  9.293e+00 -3.156e+01 -3.249e+01  9.288e-01  0.000e+00  6.554e+00 -3.904e+01  5.961e-01  3.328e-01  0.000e+00  0.000e+00  207.842  133.607
 0.2950 -2.22650e+01  9.545e+00 -3.181e+01 -3.846e+01  6.650e+00  0.000e+00  7.141e+00 -4.560e+01  3.202e+00  3.448e+00  0.000e+00  0.000e+00  213.483   57.163
 0.3000 -2.22649e+01  1.063e+01 -3.289e+01 -3.599e+01  3.093e+00  0.000e+00  7.618e+00 -4.361e+01  1.407e+00  1.686e+00  0.000e+00  0.000e+00  237.737  121.214
 0.3050 -2.22649e+01  1.006e+01 -3.233e+01 -3.580e+01  3.466e+00  0.000e+00  8.230e+00 -4.403e+01  3.051e+00  4.149e-01  0.000e+00  0.000e+00  225.086  100.739
 0.3100 -2.22640e+01  7.589e+00 -2.985e+01 -3.595e+01  6.099e+00  0.000e+00  8.995e+00 -4.495e+01  2.517e+00  3.583e+00  0.000e+00  0.000e+00  169.736   69.641
 0.3150 -2.22635e+01  7.053e+00 -2.932e+01 -3.363e+01  4.317e+00  0.000e+00  9.742e+00 -4.337e+01  2.528e+00  1.789e+00  0.000e+00  0.000e+00  157.739  103.087
 0.3200 -2.22643e+01  9.732e+00 -3.200e+01 -3.757e+01  5.576e+00  0.000e+00  1.103e+01 -4.860e+01  4.046e+00  1.530e+00  0.000e+00  0.000e+00  217.652   68.064
 0.3250 -2.22647e+01  1.102e+01 -3.329e+01 -3.770e+01  4.414e+00  0.000e+00  1.245e+01 -5.015e+01  1.572e+00  2.842e+00  0.000e+00  0.000e+00  246.486  173.165
 0.3300 -2.22644e+01  8.633e+00 -3.090e+01 -3.692e+01  6.021e+00  0.000e+00  1.401e+01 -5.093e+01  5.074e+00  9.470e-01  0.000e+00  0.000e+00  193.073   51.212
 0.3350 -2.22645e+01  6.967e+00 -2.923e+01 -3.258e+01  3.346e+00  0.000e+00  1.552e+01 -4.810e+01  5.367e-01  2.810e+00  0.000e+00  0.000e+00  155.809  150.042
 0.3400 -2.22647e+01  6.556e+00 -2.882e+01 -3.572e+01  6.901e+00  0.000e+00  1.619e+01 -5.191e+01  5.256e+00  1.645e+00  0.000e+00  0.000e+00  146.624   54.391
 0.3450 -2.22639e+01  6.182e+00 -2.845e+01 -2.994e+01  1.498e+00  0.000e+00  1.639e+01 -4.633e+01  9.159e-01  5.819e-01  0.000e+00  0.000e+00  138.261  127.596
 0.3500 -2.22634e+01  7.107e+00 -2.937e+01 -3.910e+01  9.734e+00  0.000e+00  1.576e+01 -5.487e+01  6.107e+00  3.627e+00  0.000e+00  0.000e+00  158.951   68.157
 0.3550 -2.22641e+01  9.752e+00 -3.202e+01 -3.582e+01  3.800e+00  0.000e+00  1.502e+01 -5.084e+01  1.993e+00  1.807e+00  0.000e+00  0.000e+00  218.111  135.181
 0.3600 -2.22644e+01  9.939e+00 -3.220e+01 -3.669e+01  4.481e+00  0.000e+00  1.365e+01 -5.033e+01  4.381e+00  9.992e-02  0.000e+00  0.000e+00  222.296  112.186
 0.3650 -2.22644e+01  7.981e+00 -3.025e+01 -3.642e+01  6.173e+00  0.000e+00  1.282e+01 -4.924e+01  2.079e+00  4.094e+00  0.000e+00  0.000e+00  178.507   89.151
 0.3700 -2.22652e+01  8.094e+00 -3.036e+01 -3.415e+01  3.795e+00  0.000e+00  1.171e+01 -4.587e+01  1.666e+00  2.129e+00  0.000e+00  0.000e+00  181.032  116.207
 0.3750 -2.22657e+01  9.241e+00 -3.151e+01 -3.440e+01  2.895e+00  0.000e+00  1.084e+01 -4.524e+01  2.773e+00  1.218e-01  0.000e+00  0.000e+00  206.685   78.930
 0.3800 -2.22648e+01  9.647e+00 -3.191e+01 -3.605e+01  4.135e+00  0.000e+00  1.003e+01 -4.608e+01  7.229e-01  3.412e+00  0.000e+00  0.000e+00  215.762  140.163
 0.3850 -2.22640e+01  1.006e+01 -3.233e+01 -3.911e+01  6.780e+00  0.000e+00  9.202e+00 -4.831e+01  5.287e+00  1.493e+00  0.000e+00  0.000e+00  225.037   61.504
 0.3900 -2.22637e+01  1.058e+01 -3.285e+01 -3.509e+01  2.243e+00  0.000e+00  8.555e+00 -4.364e+01  1.311e+00  9.319e-01  0.000e+00  0.000e+00  236.677  144.937
 0.3950 -2.22633e+01  9.027e+00 -3.129e+01 -3.984e+01  8.547e+00  0.000e+00  7.900e+00 -4.774e+01  6.002e+00  2.545e+00  0.000e+00  0.000e+00  201.898   49.908
 0.4000 -2.22631e+01  7.996e+00 -3.026e+01 -3.290e+01  2.645e+00  0.000e+00  7.270e+00 -4.017e+01  1.569e+00  1.076e+00  0.000e+00  0.000e+00  178.843  105.148
 0.4050 -2.22642e+01  9.049e+00 -3.131e+01 -3.761e+01  6.298e+00  0.000e+00  6.611e+00 -4.422e+01  4.273e+00  2.026e+00  0.000e+00  0.000e+00  202.378   56.174
 0.4100 -2.22652e+01  9.188e+00 -3.145e+01 -3.516e+01  3.710e+00  0.000e+00  6.117e+00 -4.128e+01  1.025e+00  2.685e+00  0.000e+00  0.000e+00  205.496  105.081
 0.4150 -2.22652e+01  7.378e+00 -2.964e+01 -3.224e+01  2.593e+00  0.000e+00  5.702e+00 -3.794e+01  1.868e+00  7.250e-01  0.000e+00  0.000e+00  165.009   57.682
 0.4200 -2.22653e+01  6.890e+00 -2.915e+01 -3.394e+01  4.786e+00  0.000e+00  5.371e+00 -3.931e+01  1.462e+00  3.324e+00  0.000e+00  0.000e+00  154.089   60.972
 0.4250 -2.22652e+01  7.788e+00 -3.005e+01 -3.321e+01  3.157e+00  0.000e+00  5.152e+00 -3.836e+01  1.089e+00  2.068e+00  0.000e+00  0.000e+00  174.183   86.369
 0.4300 -2.22642e+01  7.259e+00 -2.952e+01 -3.375e+01  4.222e+00  0.000e+00  4.952e+00 -3.870e+01  3.848e+00  3.741e-01  0.000e+00  0.000e+00  162.356   36.950
 0.4350 -2.22633e+01  6.667e+00 -2.893e+01 -3.363e+01  4.703e+00  0.000e+00  4.915e+00 -3.855e+01  1.422e+00  3.281e+00  0.000e+00  0.000e+00  149.121   85.430
 0.4400 -2.22635e+01  7.016e+00 -2.928e+01 -3.568e+01  6.405e+00  0.000e+00  4.808e+00 -4.049e+01  4.966e+00  1.439e+00  0.000e+00  0.000e+00  156.907   22.216
 0.4450 -2.22637e+01  6.823e+00 -2.909e+01 -3.091e+01  1.822e+00  0.000e+00  4.699e+00 -3.561e+01  1.276e+00  5.460e-01  0.000e+00  0.000e+00  152.598   91.173
 0.4500 -2.22639e+01  5.986e+00 -2.825e+01 -3.539e+01  7.144e+00  0.000e+00  4.553e+00 -3.995e+01  4.052e+00  3.093e+00  0.000e+00  0.000e+00  133.875    8.190
 0.4550 -2.22649e+01  7.230e+00 -2.949e+01 -3.158e+01  2.082e+00  0.000e+00  4.438e+00 -3.601e+01  7.080e-01  1.374e+00  0.000e+00  0.000e+00  161.701   95.283
 0.4600 -2.22655e+01  8.170e+00 -3.044e+01 -3.319e+01  2.760e+00  0.000e+00  4.405e+00 -3.760e+01  2.509e+00  2.505e-01  0.000e+00  0.000e+00  182.717   40.195
 0.4650 -2.22649e+01  7.486e+00 -2.975e+01 -3.450e+01  4.754e+00  0.000e+00  4.543e+00 -3.905e+01  1.359e+00  3.395e+00  0.000e+00  0.000e+00  167.431   85.044
 0.4700 -2.22645e+01  7.626e+00 -2.989e+01 -3.343e+01  3.540e+00  0.000e+00  4.882e+00 -3.831e+01  2.040e+00  1.500e+00  0.000e+00  0.000e+00  170.561   54.794
 0.4750 -2.22645e+01  8.497e+00 -3.076e+01 -3.454e+01  3.776e+00  0.000e+00  5.418e+00 -3.996e+01  3.085e+00  6.909e-01  0.000e+00  0.000e+00  190.043   75.777
 0.4800 -2.22640e+01  7.851e+00 -3.012e+01 -3.548e+01  5.360e+00  0.000e+00  6.331e+00 -4.181e+01  1.477e+00  3.883e+00  0.000e+00  0.000e+00  175.599   88.575
 0.4850 -2.22638e+01  7.788e+00 -3.005e+01 -3.550e+01  5.444e+00  0.000e+00  7.334e+00 -4.283e+01  4.450e+00  9.939e-01  0.000e+00  0.000e+00  174.185   46.953
 0.4900 -2.22644e+01  8.941e+00 -3.121e+01 -3.377e+01  2.569e+00  0.000e+00  8.863e+00 -4.264e+01  8.246e-01  1.744e+00  0.000e+00  0.000e+00  199.964  130.941
 0.4950 -2.22647e+01  9.644e+00 -3.191e+01 -3.954e+01  7.632e+00  0.000e+00  1.035e+01 -4.989e+01  4.790e+00  2.841e+00  0.000e+00  0.000e+00  215.701   60.025
 0.5000 -2.22643e+01  9.118e+00 -3.138e+01 -3.283e+01  1.446e+00  0.000e+00  1.201e+01 -4.484e+01  7.604e-01  6.859e-01  0.000e+00  0.000e+00  203.933  151.634
 0.5050 -2.22643e+01  8.762e+00 -3.103e+01 -3.892e+01  7.896e+00  0.000e+00  1.362e+01 -5.255e+01  5.148e+00  2.748e+00  0.000e+00  0.000e+00  195.964   54.978
 0.5100 -2.22643e+01  8.611e+00 -3.088e+01 -3.478e+01  3.907e+00  0.000e+00  1.486e+01 -4.965e+01  2.054e+00  1.853e+00  0.000e+00  0.000e+00  192.593  157.642
 0.5150 -2.22639e+01  7.590e+00 -2.985e+01 -3.474e+01  4.883e+00  0.000e+00  1.564e+01 -5.038e+01  4.344e+00  5.392e-01  0.000e+00  0.000e+00  169.756   61.328
 0.5200 -2.22639e+01  8.105e+00 -3.037e+01 -3.678e+01  6.412e+00  0.000e+00  1.581e+01 -5.259e+01  3.058e+00  3.354e+00  0.000e+00  0.000e+00  181.264  132.528
 0.5250 -2.22646e+01  9.687e+00 -3.195e+01 -3.676e+01  4.813e+00  0.000e+00  1.564e+01 -5.240e+01  2.823e+00  1.990e+00  0.000e+00  0.000e+00  216.647  112.515
 0.5300 -2.22650e+01  9.951e+00 -3.222e+01 -3.617e+01  3.957e+00  0.000e+00  1.502e+01 -5.120e+01  3.511e+00  4.464e-01  0.000e+00  0.000e+00  222.561  115.791
 0.5350 -2.22649e+01  8.840e+00 -3.111e+01 -3.625e+01  5.147e+00  0.000e+00  1.470e+01 -5.095e+01  1.192e+00  3.955e+00  0.000e+00  0.000e+00  197.713  135.624
 0.5400 -2.22649e+01  9.145e+00 -3.141e+01 -3.740e+01  5.989e+00  0.000e+00  1.407e+01 -5.147e+01  4.341e+00  1.648e+00  0.000e+00  0.000e+00  204.534   75.775
 0.5450 -2.22647e+01  9.964e+00 -3.223e+01 -3.389e+01  1.665e+00  0.000e+00  1.360e+01 -4.750e+01  1.280e+00  3.856e-01  0.000e+00  0.000e+00  222.838  167.055
 0.5500 -2.22639e+01  8.733e+00 -3.100e+01 -3.981e+01  8.810e+00  0.000e+00  1.307e+01 -5.288e+01  5.168e+00  3.641e+00  0.000e+00  0.000e+00  195.322   49.746
 0.5550 -2.22634e+01  7.578e+00 -2.984e+01 -3.299e+01  3.146e+00  0.000e+00  1.230e+01 -4.529e+01  1.890e+00  1.256e+00  0.000e+00  0.000e+00  169.475  147.166
 0.5600 -2.22635e+01  7.377e+00 -2.964e+01 -3.572e+01  6.084e+00  0.000e+00  1.139e+01 -4.712e+01  5.016e+00  1.068e+00  0.000e+00  0.000e+00  164.980   32.126
 0.5650 -2.22637e+01  7.115e+00 -2.938e+01 -3.499e+01  5.611e+00  0.000e+00  1.025e+01 -4.524e+01  2.095e+00  3.516e+00  0.000e+00  0.000e+00  159.128  125.572
 0.5700 -2.22641e+01  7.026e+00 -2.929e+01 -3.341e+01  4.120e+00  0.000e+00  9.161e+00 -4.257e+01  3.521e+00  5.985e-01  0.000e+00  0.000e+00  157.146   39.770
 0.5750 -2.22650e+01  7.978e+00 -3.024e+01 -3.390e+01  3.655e+00  0.000e+00  8.089e+00 -4.199e+01  1.399e+00  2.255e+00  0.000e+00  0.000e+00  178.440   99.444
 0.5800 -2.22654e+01  8.618e+00 -3.088e+01 -3.594e+01  5.059e+00  0.000e+00  7.303e+00 -4.325e+01  1.846e+00  3.213e+00  0.000e+00  0.000e+00  192.736   84.815
 0.5850 -2.22652e+01  8.937e+00 -3.120e+01 -3.359e+01  2.391e+00  0.000e+00  6.716e+00 -4.031e+01  1.987e+00  4.038e-01  0.000e+00  0.000e+00  199.880   68.816
 0.5900 -2.22650e+01  9.655e+00 -3.192e+01 -3.589e+01  3.965e+00  0.000e+00  6.244e+00 -4.213e+01  1.391e+00  2.574e+00  0.000e+00  0.000e+00  215.941  121.340
 0.5950 -2.22645e+01  9.001e+00 -3.127e+01 -3.688e+01  5.613e+00  0.000e+00  5.976e+00 -4.285e+01  3.325e+00  2.287e+00  0.000e+00  0.000e+00  201.308   42.430
 0.6000 -2.22637e+01  7.365e+00 -2.963e+01 -3.208e+01  2.449e+00  0.000e+00  5.559e+00 -3.764e+01  1.618e+00  8.310e-01  0.000e+00  0.000e+00  164.731  111.879
 0.6050 -2.22634e+01  6.142e+00 -2.841e+01 -3.571e+01  7.300e+00  0.000e+00  5.202e+00 -4.091e+01  4.489e+00  2.811e+00  0.000e+00  0.000e+00  137.372   -1.755
 0.6100 -2.22637e+01  6.588e+00 -2.885e+01 -3.158e+01  2.733e+00  0.000e+00  4.895e+00 -3.648e+01  1.482e+00  1.250e+00  0.000e+00  0.000e+00  147.339  108.432
 0.6150 -2.22639e+01  6.560e+00 -2.882e+01 -3.397e+01  5.145e+00  0.000e+00  4.540e+00 -3.851e+01  4.389e+00  7.559e-01  0.000e+00  0.000e+00  146.726    2.062
 0.6200 -2.22643e+01  7.928e+00 -3.019e+01 -3.412e+01  3.926e+00  0.000e+00  4.371e+00 -3.849e+01  9.312e-01  2.995e+00  0.000e+00  0.000e+00  177.314  101.457
 0.6250 -2.22651e+01  9.670e+00 -3.194e+01 -3.611e+01  4.174e+00  0.000e+00  4.296e+00 -4.040e+01  3.117e+00  1.057e+00  0.000e+00  0.000e+00  216.280   59.787
 0.6300 -2.22652e+01  9.753e+00 -3.202e+01 -3.373e+01  1.709e+00  0.000e+00  4.376e+00 -3.810e+01  1.040e+00  6.684e-01  0.000e+00  0.000e+00  218.119   88.777
 0.6350 -2.22648e+01  8.860e+00 -3.112e+01 -3.677e+01  5.647e+00  0.000e+00  4.581e+00 -4.135e+01  2.044e+00  3.603e+00  0.000e+00  0.000e+00  198.153   86.367
 0.6400 -2.22647e+01  8.785e+00 -3.105e+01 -3.429e+01  3.243e+00  0.000e+00  4.933e+00 -3.923e+01  2.370e+00  8.726e-01  0.000e+00  0.000e+00  196.488   54.783
 0.6450 -2.22645e+01  9.226e+00 -3.149e+01 -3.399e+01  2.499e+00  0.000e+00  5.296e+00 -3.929e+01  1.767e+00  7.325e-01  0.000e+00  0.000e+00  206.348  116.515
 0.6500 -2.22639e+01  7.803e+00 -3.007e+01 -3.825e+01  8.183e+00  0.000e+00  5.866e+00 -4.412e+01  3.583e+00  4.600e+00  0.000e+00  0.000e+00  174.511   28.302
 0.6550 -2.22639e+01  7.363e+00 -2.963e+01 -3.182e+01  2.189e+00  0.000e+00  6.457e+00 -3.827e+01  1.455e+00  7.334e-01  0.000e+00  0.000e+00  164.674  112.287
 0.6600 -2.22640e+01  6.881e+00 -2.914e+01 -3.469e+01  5.541e+00  0.000e+00  7.280e+00 -4.197e+01  4.500e+00  1.041e+00  0.000e+00  0.000e+00  153.888   23.327
 0.6650 -2.22640e+01  6.696e+00 -2.896e+01 -3.363e+01  4.670e+00  0.000e+00  8.207e+00 -4.184e+01  8.422e-01  3.828e+00  0.000e+00  0.000e+00  149.752  108.492
 0.6700 -2.22642e+01  7.361e+00 -2.963e+01 -3.499e+01  5.368e+00  0.000e+00  9.069e+00 -4.406e+01  4.788e+00  5.802e-01  0.000e+00  0.000e+00  164.634   41.543
 0.6750 -2.22645e+01  8.048e+00 -3.031e+01 -3.281e+01  2.495e+00  0.000e+00  1.030e+01 -4.311e+01  7.563e-01  1.738e+00  0.000e+00  0.000e+00  179.999  115.282
 0.6800 -2.22643e+01  7.653e+00 -2.992e+01 -3.729e+01  7.373e+00  0.000e+00  1.101e+01 -4.830e+01  4.178e+00  3.194e+00  0.000e+00  0.000e+00  171.171   73.794
 0.6850 -2.22644e+01  8.232e+00 -3.050e+01 -3.255e+01  2.051e+00  0.000e+00  1.170e+01 -4.425e+01  1.618e+00  4.335e-01  0.000e+00  0.000e+00  184.104   97.103
 0.6900 -2.22647e+01  8.887e+00 -3.115e+01 -3.739e+01  6.239e+00  0.000e+00  1.193e+01 -4.932e+01  3.073e+00  3.166e+00  0.000e+00  0.000e+00  198.750  109.774
 0.6950 -2.22647e+01  8.834e+00 -3.110e+01 -3.591e+01  4.814e+00  0.000e+00  1.219e+01 -4.810e+01  2.692e+00  2.122e+00  0.000e+00  0.000e+00  197.565   88.557
 0.7000 -2.22644e+01  8.575e+00 -3.084e+01 -3.347e+01  2.626e+00  0.000e+00  1.242e+01 -4.589e+01  1.794e+00  8.323e-01  0.000e+00  0.000e+00  191.788  122.375
 0.7050 -2.22646e+01  9.252e+00 -3.152e+01 -3.957e+01  8.051e+00  0.000e+00  1.284e+01 -5.241e+01  4.372e+00  3.680e+00  0.000e+00  0.000e+00  206.925   80.166
 0.7100 -2.22646e+01  8.890e+00 -3.115e+01 -3.339e+01  2.238e+00  0.000e+00  1.353e+01 -4.693e+01  8.880e-01  1.350e+00  0.000e+00  0.000e+00  198.824  146.078
 0.7150 -2.22638e+01  7.071e+00 -2.933e+01 -3.627e+01  6.933e+00  0.000e+00  1.385e+01 -5.012e+01  5.854e+00  1.079e+00  0.000e+00  0.000e+00  158.136   52.232
 0.7200 -2.22635e+01  7.275e+00 -2.954e+01 -3.401e+01  4.473e+00  0.000e+00  1.430e+01 -4.831e+01  9.470e-01  3.526e+00  0.000e+00  0.000e+00  162.706  132.796
 0.7250 -2.22641e+01  9.751e+00 -3.201e+01 -3.887e+01  6.858e+00  0.000e+00  1.388e+01 -5.276e+01  6.114e+00  7.443e-01  0.000e+00  0.000e+00  218.077   81.506
 0.7300 -2.22641e+01  9.975e+00 -3.224e+01 -3.462e+01  2.379e+00  0.000e+00  1.335e+01 -4.796e+01  1.497e+00  8.819e-01  0.000e+00  0.000e+00  223.092  141.138
 0.7350 -2.22641e+01  9.131e+00 -3.140e+01 -4.032e+01  8.929e+00  0.000e+00  1.258e+01 -5.290e+01  4.478e+00  4.451e+00  0.000e+00  0.000e+00  204.215   82.061
 0.7400 -2.22649e+01  9.976e+00 -3.224e+01 -3.444e+01  2.204e+00  0.000e+00  1.176e+01 -4.620e+01  1.892e+00  3.121e-01  0.000e+00  0.000e+00  223.107  127.313
 0.7450 -2.22653e+01  1.005e+01 -3.232e+01 -3.563e+01  3.311e+00  0.000e+00  1.094e+01 -4.656e+01  2.126e+00  1.186e+00  0.000e+00  0.000e+00  224.790  104.494
 0.7500 -2.22647e+01  8.548e+00 -3.081e+01 -3.840e+01  7.592e+00  0.000e+00  1.013e+01 -4.853e+01  2.821e+00  4.771e+00  0.000e+00  0.000e+00  191.169   91.682
 0.7550 -2.22647e+01  8.136e+00 -3.040e+01 -3.176e+01  1.364e+00  0.000e+00  9.379e+00 -4.114e+01  1.115e+00  2.485e-01  0.000e+00  0.000e+00  181.956   99.173
 0.7600 -2.22646e+01  7.834e+00 -3.010e+01 -3.561e+01  5.511e+00  0.000e+00  8.566e+00 -4.418e+01  3.956e+00  1.555e+00  0.000e+00  0.000e+00  175.217   65.536
 0.7650 -2.22639e+01  6.847e+00 -2.911e+01 -3.385e+01  4.742e+00  0.000e+00  7.980e+00 -4.183e+01  9.387e-01  3.804e+00  0.000e+00  0.000e+00  153.145   97.892
 0.7700 -2.22636e+01  7.290e+00 -2.955e+01 -3.497e+01  5.416e+00  0.000e+00  7.250e+00 -4.222e+01  5.060e+00  3.565e-01  0.000e+00  0.000e+00  163.043   33.035
 0.7750 -2.22641e+01  9.389e+00 -3.165e+01 -3.474e+01  3.091e+00  0.000e+00  6.830e+00 -4.157e+01  1.188e+00  1.904e+00  0.000e+00  0.000e+00  209.987  129.935
 0.7800 -2.22640e+01  8.736e+00 -3.100e+01 -3.839e+01  7.387e+00  0.000e+00  6.358e+00 -4.474e+01  4.538e+00  2.849e+00  0.000e+00  0.000e+00  195.373   38.230
 0.7850 -2.22640e+01  7.808e+00 -3.007e+01 -3.209e+01  2.021e+00  0.000e+00  5.938e+00 -3.803e+01  1.220e+00  8.010e-01  0.000e+00  0.000e+00  174.617  105.250
 0.7900 -2.22648e+01  7.985e+00 -3.025e+01 -3.616e+01  5.914e+00  0.000e+00  5.628e+00 -4.179e+01  3.022e+00  2.892e+00  0.000e+00  0.000e+00  178.587   41.730
 0.7950 -2.22650e+01  7.795e+00 -3.006e+01 -3.314e+01  3.080e+00  0.000e+00  5.322e+00 -3.846e+01  1.630e+00  1.449e+00  0.000e+00  0.000e+00  174.342   93.579
 0.8000 -2.22645e+01  6.340e+00 -2.860e+01 -3.184e+01  3.239e+00  0.000e+00  5.173e+00 -3.702e+01  1.763e+00  1.476e+00  0.000e+00  0.000e+00  141.793   38.537
 0.8050 -2.22647e+01  6.794e+00 -2.906e+01 -3.522e+01  6.160e+00  0.000e+00  5.105e+00 -4.032e+01  2.836e+00  3.324e+00  0.000e+00  0.000e+00  151.943   60.191
 0.8100 -2.22649e+01  7.813e+00 -3.008e+01 -3.149e+01  1.413e+00  0.000e+00  5.298e+00 -3.679e+01  1.078e+00  3.349e-01  0.000e+00  0.000e+00  174.733   84.329
 0.8150 -2.22641e+01  7.031e+00 -2.930e+01 -3.503e+01  5.733e+00  0.000e+00  5.464e+00 -4.049e+01  4.328e+00  1.405e+00  0.000e+00  0.000e+00  157.258   30.289
 0.8200 -2.22636e+01  6.614e+00 -2.888e+01 -3.342e+01  4.547e+00  0.000e+00  6.034e+00 -3.946e+01  1.127e+00  3.419e+00  0.000e+00  0.000e+00  147.930   97.476
 0.8250 -2.22641e+01  8.058e+00 -3.032e+01 -3.554e+01  5.223e+00  0.000e+00  6.512e+00 -4.206e+01  5.007e+00  2.157e-01  0.000e+00  0.000e+00  180.209   26.812
 0.8300 -2.22638e+01  8.299e+00 -3.056e+01 -3.321e+01  2.651e+00  0.000e+00  7.146e+00 -4.036e+01  1.622e+00  1.028e+00  0.000e+00  0.000e+00  185.619  126.464
 0.8350 -2.22634e+01  8.078e+00 -3.034e+01 -3.875e+01  8.406e+00  0.000e+00  7.746e+00 -4.649e+01  4.417e+00  3.989e+00  0.000e+00  0.000e+00  180.676   24.907
 0.8400 -2.22642e+01  9.923e+00 -3.219e+01 -3.450e+01  2.313e+00  0.000e+00  8.118e+00 -4.262e+01  1.947e+00  3.663e-01  0.000e+00  0.000e+00  221.942  140.684
 0.8450 -2.22650e+01  9.772e+00 -3.204e+01 -3.613e+01  4.097e+00  0.000e+00  8.675e+00 -4.481e+01  2.789e+00  1.308e+00  0.000e+00  0.000e+00  218.564   65.364
 0.8500 -2.22646e+01  7.729e+00 -2.999e+01 -3.661e+01  6.615e+00  0.000e+00  8.906e+00 -4.552e+01  2.222e+00  4.394e+00  0.000e+00  0.000e+00  172.862  103.341
 0.8550 -2.22648e+01  7.079e+00 -2.934e+01 -3.125e+01  1.911e+00  0.000e+00  9.311e+00 -4.057e+01  1.680e+00  2.308e-01  0.000e+00  0.000e+00  158.331   71.665
 0.8600 -2.22652e+01  8.826e+00 -3.109e+01 -3.607e+01  4.980e+00  0.000e+00  9.524e+00 -4.560e+01  2.751e+00  2.229e+00  0.000e+00  0.000e+00  197.399   89.431
 0.8650 -2.22645e+01  8.960e+00 -3.122e+01 -3.646e+01  5.235e+00  0.000e+00  9.834e+00 -4.629e+01  1.581e+00  3.654e+00  0.000e+00  0.000e+00  200.396  122.246
 0.8700 -2.22638e+01  8.369e+00 -3.063e+01 -3.533e+01  4.695e+00  0.000e+00  1.021e+01 -4.554e+01  4.151e+00  5.443e-01  0.000e+00  0.000e+00  187.182   50.060
 0.8750 -2.22640e+01  9.479e+00 -3.174e+01 -3.622e+01  4.475e+00  0.000e+00  1.063e+01 -4.685e+01  1.913e+00  2.563e+00  0.000e+00  0.000e+00  212.004  158.453
 0.8800 -2.22639e+01  8.979e+00 -3.124e+01 -3.771e+01  6.470e+00  0.000e+00  1.111e+01 -4.883e+01  4.670e+00  1.800e+00  0.000e+00  0.000e+00  200.814   43.435
 0.8850 -2.22635e+01  8.765e+00 -3.103e+01 -3.419e+01  3.163e+00  0.000e+00  1.134e+01 -4.553e+01  1.952e+00  1.211e+00  0.000e+00  0.000e+00  196.040  150.502
 0.8900 -2.22643e+01  9.349e+00 -3.161e+01 -3.949e+01  7.879e+00  0.000e+00  1.185e+01 -5.134e+01  4.588e+00  3.291e+00  0.000e+00  0.000e+00  209.093   52.788
 0.8950 -2.22650e+01  9.261e+00 -3.153e+01 -3.379e+01  2.263e+00  0.000e+00  1.225e+01 -4.604e+01  1.630e+00  6.326e-01  0.000e+00  0.000e+00  207.133  150.319
 0.9000 -2.22646e+01  6.292e+00 -2.856e+01 -3.320e+01  4.648e+00  0.000e+00  1.264e+01 -4.584e+01  3.184e+00  1.464e+00  0.000e+00  0.000e+00  140.722   47.203
 0.9050 -2.22647e+01  5.746e+00 -2.801e+01 -3.380e+01  5.790e+00  0.000e+00  1.302e+01 -4.682e+01  1.907e+00  3.883e+00  0.000e+00  0.000e+00  128.502   90.463
 0.9100 -2.22653e+01  7.666e+00 -2.993e+01 -3.226e+01  2.332e+00  0.000e+00  1.296e+01 -4.522e+01  2.240e+00  9.243e-02  0.000e+00  0.000e+00  171.458  102.525
 0.9150 -2.22646e+01  7.486e+00 -2.975e+01 -3.454e+01  4.791e+00  0.000e+00  1.277e+01 -4.731e+01  3.268e+00  1.523e+00  0.000e+00  0.000e+00  167.422   66.097
 0.9200 -2.22637e+01  7.171e+00 -2.944e+01 -3.537e+01  5.931e+00  0.000e+00  1.223e+01 -4.759e+01  2.327e+00  3.603e+00  0.000e+00  0.000e+00  160.393  124.433
 0.9250 -2.22641e+01  9.210e+00 -3.147e+01 -3.668e+01  5.205e+00  0.000e+00  1.154e+01 -4.822e+01  5.040e+00  1.650e-01  0.000e+00  0.000e+00  205.993   50.983
 0.9300 -2.22641e+01  1.014e+01 -3.240e+01 -3.536e+01  2.959e+00  0.000e+00  1.072e+01 -4.608e+01  2.064e+00  8.953e-01  0.000e+00  0.000e+00  226.678  164.619
 0.9350 -2.22634e+01  8.088e+00 -3.035e+01 -3.919e+01  8.839e+00  0.000e+00  1.010e+01 -4.929e+01  4.739e+00  4.101e+00  0.000e+00  0.000e+00  180.894   28.395
 0.9400 -2.22640e+01  8.163e+00 -3.043e+01 -3.233e+01  1.898e+00  0.000e+00  9.108e+00 -4.143e+01  1.322e+00  5.755e-01  0.000e+00  0.000e+00  182.576  135.073
 0.9450 -2.22650e+01  9.126e+00 -3.139e+01 -3.672e+01  5.330e+00  0.000e+00  8.415e+00 -4.514e+01  3.670e+00  1.660e+00  0.000e+00  0.000e+00  204.106   56.389
 0.9500 -2.22646e+01  7.937e+00 -3.020e+01 -3.508e+01  4.879e+00  0.000e+00  7.835e+00 -4.292e+01  9.633e-01  3.916e+00  0.000e+00  0.000e+00  177.521  106.850
 0.9550 -2.22644e+01  7.389e+00 -2.965e+01 -3.336e+01  3.709e+00  0.000e+00  7.250e+00 -4.061e+01  3.112e+00  5.976e-01  0.000e+00  0.000e+00  165.251   60.247
 0.9600 -2.22651e+01  9.171e+00 -3.144e+01 -3.552e+01  4.087e+00  0.000e+00  7.086e+00 -4.261e+01  1.477e+00  2.610e+00  0.000e+00  0.000e+00  205.107   90.680
 0.9650 -2.22646e+01  8.840e+00 -3.111e+01 -3.600e+01  4.895e+00  0.000e+00  6.967e+00 -4.297e+01  2.549e+00  2.346e+00  0.000e+00  0.000e+00  197.720  103.866
 0.9700 -2.22637e+01  6.757e+00 -2.902e+01 -3.308e+01  4.059e+00  0.000e+00  7.216e+00 -4.030e+01  2.851e+00  1.208e+00  0.000e+00  0.000e+00  151.114   31.572
 0.9750 -2.22644e+01  7.950e+00 -3.021e+01 -3.509e+01  4.876e+00  0.000e+00  7.350e+00 -4.244e+01  2.036e+00  2.840e+00  0.000e+00  0.000e+00  177.795  120.063
 0.9800 -2.22648e+01  8.380e+00 -3.064e+01 -3.513e+01  4.483e+00  0.000e+00  7.486e+00 -4.261e+01  3.578e+00  9.055e-01  0.000e+00  0.000e+00  187.424   37.881
 0.9850 -2.22640e+01  7.251e+00 -2.952e+01 -3.221e+01  2.690e+00  0.000e+00  7.331e+00 -3.954e+01  1.146e+00  1.544e+00  0.000e+00  0.000e+00  162.182  111.620
 0.9900 -2.22641e+01  7.563e+00 -2.983e+01 -3.766e+01  7.833e+00  0.000e+00  6.922e+00 -4.458e+01  4.482e+00  3.351e+00  0.000e+00  0.000e+00  169.141   28.857
 0.9950 -2.22647e+01  9.409e+00 -3.167e+01 -3.260e+01  9.243e-01  0.000e+00  6.523e+00 -3.912e+01  8.430e-01  8.137e-02  0.000e+00  0.000e+00  210.431  125.944
 1.0000 -2.22640e+01  7.794e+00 -3.006e+01 -3.619e+01  6.134e+00  0.000e+00  6.006e+00 -4.220e+01  4.642e+00  1.492e+00  0.000e+00  0.000e+00  174.318   37.516
 1.0050 -2.22636e+01  6.404e+00 -2.867e+01 -3.379e+01  5.127e+00  0.000e+00  5.832e+00 -3.963e+01  1.233e+00  3.894e+00  0.000e+00  0.000e+00  143.230   72.468
 1.0100 -2.22646e+01  7.622e+00 -2.989e+01 -3.359e+01  3.704e+00  0.000e+00  5.639e+00 -3.923e+01  3.551e+00  1.535e-01  0.000e+00  0.000e+00  170.473   62.033
 1.0150 -2.22649e+01  7.514e+00 -2.978e+01 -3.261e+01  2.834e+00  0.000e+00  5.839e+00 -3.845e+01  1.558e+00  1.276e+00  0.000e+00  0.000e+00  168.049   62.014
 1.0200 -2.22645e+01  6.518e+00 -2.878e+01 -3.449e+01  5.707e+00  0.000e+00  6.100e+00 -4.059e+01  2.046e+00  3.662e+00  0.000e+00  0.000e+00  145.772   73.181
 1.0250 -2.22651e+01  8.393e+00 -3.066e+01 -3.388e+01  3.218e+00  0.000e+00  6.536e+00 -4.041e+01  2.744e+00  4.741e-01  0.000e+00  0.000e+00  187.712   55.062
 1.0300 -2.22653e+01  9.889e+00 -3.215e+01 -3.402e+01  1.870e+00  0.000e+00  7.068e+00 -4.109e+01  1.023e+00  8.462e-01  0.000e+00  0.000e+00  221.165  128.533
 1.0350 -2.22639e+01  7.678e+00 -2.994e+01 -3.818e+01  8.237e+00  0.000e+00  7.541e+00 -4.572e+01  4.399e+00  3.838e+00  0.000e+00  0.000e+00  171.732   40.318
 1.0400 -2.22633e+01  6.932e+00 -2.920e+01 -3.140e+01  2.205e+00  0.000e+00  7.893e+00 -3.929e+01  1.258e+00  9.477e-01  0.000e+00  0.000e+00  155.042  101.608
 1.0450 -2.22639e+01  7.773e+00 -3.004e+01 -3.724e+01  7.204e+00  0.000e+00  8.121e+00 -4.536e+01  5.347e+00  1.857e+00  0.000e+00  0.000e+00  173.843   49.575
 1.0500 -2.22636e+01  6.967e+00 -2.923e+01 -3.335e+01  4.120e+00  0.000e+00  8.525e+00 -4.188e+01  1.160e+00  2.960e+00  0.000e+00  0.000e+00  155.820   99.305
 1.0550 -2.22635e+01  6.535e+00 -2.880e+01 -3.463e+01  5.829e+00  0.000e+00  8.724e+00 -4.335e+01  4.649e+00  1.180e+00  0.000e+00  0.000e+00  146.163   41.102
 1.0600 -2.22650e+01  9.451e+00 -3.172e+01 -3.570e+01  3.987e+00  0.000e+00  9.453e+00 -4.516e+01  8.076e-01  3.180e+00  0.000e+00  0.000e+00  211.365  119.432
 1.0650 -2.22656e+01  1.039e+01 -3.266e+01 -3.705e+01  4.393e+00  0.000e+00  1.003e+01 -4.708e+01  2.867e+00  1.526e+00  0.000e+00  0.000e+00  232.478  101.742
 1.0700 -2.22648e+01  8.443e+00 -3.071e+01 -3.405e+01  3.341e+00  0.000e+00  1.068e+01 -4.473e+01  1.898e+00  1.442e+00  0.000e+00  0.000e+00  188.828   94.847
 1.0750 -2.22648e+01  8.939e+00 -3.120e+01 -3.622e+01  5.016e+00  0.000e+00  1.142e+01 -4.764e+01  2.026e+00  2.991e+00  0.000e+00  0.000e+00  199.931  108.747
 1.0800 -2.22650e+01  1.055e+01 -3.281e+01 -3.722e+01  4.410e+00  0.000e+00  1.172e+01 -4.895e+01  4.195e+00  2.158e-01  0.000e+00  0.000e+00  235.903  109.135
 1.0850 -2.22638e+01  9.304e+00 -3.157e+01 -3.507e+01  3.505e+00  0.000e+00  1.200e+01 -4.707e+01  2.006e+00  1.499e+00  0.000e+00  0.000e+00  208.077  118.836
 1.0900 -2.22631e+01  7.671e+00 -2.993e+01 -3.959e+01  9.658e+00  0.000e+00  1.223e+01 -5.182e+01  5.837e+00  3.821e+00  0.000e+00  0.000e+00  171.561   65.401
 1.0950 -2.22642e+01  9.560e+00 -3.182e+01 -3.318e+01  1.360e+00  0.000e+00  1.253e+01 -4.571e+01  1.165e+00  1.957e-01  0.000e+00  0.000e+00  213.821  140.022
 1.1000 -2.22645e+01  8.897e+00 -3.116e+01 -3.789e+01  6.730e+00  0.000e+00  1.262e+01 -5.051e+01  5.351e+00  1.379e+00  0.000e+00  0.000e+00  198.983   69.849
 1.1050 -2.22640e+01  6.902e+00 -2.917e+01 -3.426e+01  5.091e+00  0.000e+00  1.279e+01 -4.705e+01  7.129e-01  4.379e+00  0.000e+00  0.000e+00  154.370  119.035
 1.1100 -2.22648e+01  8.143e+00 -3.041e+01 -3.551e+01  5.102e+00  0.000e+00  1.265e+01 -4.816e+01  4.385e+00  7.164e-01  0.000e+00  0.000e+00  182.114   64.124
 1.1150 -2.22655e+01  1.032e+01 -3.259e+01 -3.502e+01  2.426e+00  0.000e+00  1.243e+01 -4.745e+01  1.211e+00  1.215e+00  0.000e+00  0.000e+00  230.919  152.440
 1.1200 -2.22644e+01  8.479e+00 -3.074e+01 -3.762e+01  6.878e+00  0.000e+00  1.203e+01 -4.965e+01  3.493e+00  3.385e+00  0.000e+00  0.000e+00  189.636   72.603
 1.1250 -2.22638e+01  7.375e+00 -2.964e+01 -3.409e+01  4.447e+00  0.000e+00  1.121e+01 -4.530e+01  3.316e+00  1.131e+00  0.000e+00  0.000e+00  164.947   99.663
 1.1300 -2.22645e+01  8.313e+00 -3.058e+01 -3.422e+01  3.646e+00  0.000e+00  1.050e+01 -4.472e+01  2.107e+00  1.539e+00  0.000e+00  0.000e+00  185.913   90.208
 1.1350 -2.22641e+01  7.376e+00 -2.964e+01 -3.603e+01  6.384e+00  0.000e+00  9.318e+00 -4.534e+01  4.190e+00  2.194e+00  0.000e+00  0.000e+00  164.976   73.464
 1.1400 -2.22636e+01  7.078e+00 -2.934e+01 -3.195e+01  2.605e+00  0.000e+00  8.517e+00 -4.046e+01  1.208e+00  1.396e+00  0.000e+00  0.000e+00  158.308   85.240
 1.1450 -2.22647e+01  9.416e+00 -3.168e+01 -3.934e+01  7.660e+00  0.000e+00  7.569e+00 -4.691e+01  4.444e+00  3.216e+00  0.000e+00  0.000e+00  210.603   65.602
 1.1500 -2.22653e+01  1.037e+01 -3.264e+01 -3.422e+01  1.578e+00  0.000e+00  7.057e+00 -4.127e+01  5.039e-01  1.074e+00  0.000e+00  0.000e+00  231.987  139.244
 1.1550 -2.22643e+01  6.669e+00 -2.893e+01 -3.423e+01  5.300e+00  0.000e+00  6.633e+00 -4.087e+01  3.720e+00  1.580e+00  0.000e+00  0.000e+00  149.147   17.295
 1.1600 -2.22641e+01  6.316e+00 -2.858e+01 -3.315e+01  4.569e+00  0.000e+00  6.557e+00 -3.971e+01  1.132e+00  3.438e+00  0.000e+00  0.000e+00  141.261  107.109
 1.1650 -2.22647e+01  8.599e+00 -3.086e+01 -3.458e+01  3.720e+00  0.000e+00  6.528e+00 -4.111e+01  3.553e+00  1.668e-01  0.000e+00  0.000e+00  192.317   38.269
 1.1700 -2.22639e+01  8.211e+00 -3.047e+01 -3.449e+01  4.010e+00  0.000e+00  6.556e+00 -4.104e+01  2.765e+00  1.245e+00  0.000e+00  0.000e+00  183.640  108.110
 1.1750 -2.22634e+01  6.189e+00 -2.845e+01 -3.495e+01  6.494e+00  0.000e+00  6.807e+00 -4.175e+01  2.884e+00  3.609e+00  0.000e+00  0.000e+00  138.423   28.800
 1.1800 -2.22646e+01  7.822e+00 -3.009e+01 -3.362e+01  3.535e+00  0.000e+00  6.641e+00 -4.026e+01  3.220e+00  3.145e-01  0.000e+00  0.000e+00  174.938   86.537
 1.1850 -2.22651e+01  8.997e+00 -3.126e+01 -3.366e+01  2.401e+00  0.000e+00  6.587e+00 -4.025e+01  1.547e+00  8.534e-01  0.000e+00  0.000e+00  201.231   85.647
 1.1900 -2.22645e+01  7.984e+00 -3.025e+01 -3.729e+01  7.045e+00  0.000e+00  6.337e+00 -4.363e+01  3.256e+00  3.789e+00  0.000e+00  0.000e+00  178.566   55.469
 1.1950 -2.22649e+01  8.508e+00 -3.077e+01 -3.263e+01  1.856e+00  0.000e+00  6.075e+00 -3.870e+01  7.648e-01  1.091e+00  0.000e+00  0.000e+00  190.293  108.678
 1.2000 -2.22652e+01  8.043e+00 -3.031e+01 -3.472e+01  4.414e+00  0.000e+00  5.965e+00 -4.069e+01  3.150e+00  1.264e+00  0.000e+00  0.000e+00  179.886   37.617
 1.2050 -2.22639e+01  5.918e+00 -2.818e+01 -3.261e+01  4.425e+00  0.000e+00  6.018e+00 -3.862e+01  1.352e+00  3.073e+00  0.000e+00  0.000e+00  132.347  103.363
 1.2100 -2.22632e+01  6.354e+00 -2.862e+01 -3.439e+01  5.772e+00  0.000e+00  6.115e+00 -4.050e+01  4.233e+00  1.540e+00  0.000e+00  0.000e+00  142.101    0.687
 1.2150 -2.22640e+01  9.514e+00 -3.178e+01 -3.619e+01  4.415e+00  0.000e+00  6.431e+00 -4.262e+01  2.281e+00  2.134e+00  0.000e+00  0.000e+00  212.792  140.403
 1.2200 -2.22642e+01  9.714e+00 -3.198e+01 -3.744e+01  5.464e+00  0.000e+00  6.912e+00 -4.435e+01  3.806e+00  1.658e+00  0.000e+00  0.000e+00  217.267   48.125
 1.2250 -2.22638e+01  8.371e+00 -3.063e+01 -3.455e+01  3.917e+00  0.000e+00  7.403e+00 -4.195e+01  2.222e+00  1.695e+00  0.000e+00  0.000e+00  187.212  106.952
 1.2300 -2.22649e+01  1.082e+01 -3.308e+01 -3.838e+01  5.294e+00  0.000e+00  8.113e+00 -4.649e+01  2.601e+00  2.693e+00  0.000e+00  0.000e+00  241.992   90.807
 1.2350 -2.22658e+01  1.263e+01 -3.489e+01 -3.764e+01  2.748e+00  0.000e+00  8.812e+00 -4.645e+01  2.255e+00  4.924e-01  0.000e+00  0.000e+00  282.430  130.837
 1.2400 -2.22648e+01  9.524e+00 -3.179e+01 -3.537e+01  3.579e+00  0.000e+00  9.578e+00 -4.495e+01  2.180e+00  1.399e+00  0.000e+00  0.000e+00  213.003  111.138
 1.2450 -2.22641e+01  6.595e+00 -2.886e+01 -3.604e+01  7.185e+00  0.000e+00  1.037e+01 -4.642e+01  2.989e+00  4.196e+00  0.000e+00  0.000e+00  147.509   47.921
 1.2500 -2.22645e+01  7.284e+00 -2.955e+01 -3.191e+01  2.362e+00  0.000e+00  1.119e+01 -4.310e+01  2.180e+00  1.823e-01  0.000e+00  0.000e+00  162.907  129.227
 1.2550 -2.22639e+01  7.117e+00 -2.938e+01 -3.468e+01  5.296e+00  0.000e+00  1.220e+01 -4.688e+01  4.385e+00  9.108e-01  0.000e+00  0.000e+00  159.170   35.704
 1.2600 -2.22631e+01  6.316e+00 -2.858e+01 -3.577e+01  7.188e+00  0.000e+00  1.292e+01 -4.868e+01  2.273e+00  4.915e+00  0.000e+00  0.000e+00  141.267  128.213
 1.2650 -2.22642e+01  8.448e+00 -3.071e+01 -3.586e+01  5.151e+00  0.000e+00  1.377e+01 -4.964e+01  4.713e+00  4.384e-01  0.000e+00  0.000e+00  188.935   52.549
 1.2700 -2.22650e+01  9.597e+00 -3.186e+01 -3.384e+01  1.974e+00  0.000e+00  1.406e+01 -4.789e+01  1.540e+00  4.340e-01  0.000e+00  0.000e+00  214.638  161.874
 1.2750 -2.22644e+01  7.873e+00 -3.014e+01 -3.807e+01  7.929e+00  0.000e+00  1.404e+01 -5.211e+01  4.281e+00  3.647e+00  0.000e+00  0.000e+00  176.084   62.575
 1.2800 -2.22646e+01  7.950e+00 -3.021e+01 -3.306e+01  2.846e+00  0.000e+00  1.362e+01 -4.668e+01  1.510e+00  1.336e+00  0.000e+00  0.000e+00  177.808  118.297
 1.2850 -2.22653e+01  9.151e+00 -3.142e+01 -3.596e+01  4.540e+00  0.000e+00  1.300e+01 -4.896e+01  3.609e+00  9.304e-01  0.000e+00  0.000e+00  204.656  107.518
 1.2900 -2.22642e+01  7.523e+00 -2.979e+01 -3.506e+01  5.273e+00  0.000e+00  1.240e+01 -4.746e+01  2.259e+00  3.014e+00  0.000e+00  0.000e+00  168.249   84.915
 1.2950 -2.22633e+01  7.285e+00 -2.955e+01 -3.463e+01  5.078e+00  0.000e+00  1.150e+01 -4.612e+01  3.460e+00  1.618e+00  0.000e+00  0.000e+00  162.941  101.756
 1.3000 -2.22643e+01  9.514e+00 -3.178e+01 -3.790e+01  6.117e+00  0.000e+00  1.093e+01 -4.882e+01  3.276e+00  2.842e+00  0.000e+00  0.000e+00  212.774   77.138
 1.3050 -2.22647e+01  9.936e+00 -3.220e+01 -3.600e+01  3.794e+00  0.000e+00  1.016e+01 -4.616e+01  2.135e+00  1.659e+00  0.000e+00  0.000e+00  222.232  146.675
 1.3100 -2.22640e+01  7.752e+00 -3.002e+01 -3.560e+01  5.580e+00  0.000e+00  9.596e+00 -4.519e+01  3.693e+00  1.887e+00  0.000e+00  0.000e+00  173.365   36.535
 1.3150 -2.22647e+01  9.624e+00 -3.189e+01 -3.605e+01  4.158e+00  0.000e+00  9.152e+00 -4.520e+01  9.277e-01  3.230e+00  0.000e+00  0.000e+00  215.250  142.290
 1.3200 -2.22656e+01  1.162e+01 -3.389e+01 -3.834e+01  4.459e+00  0.000e+00  8.719e+00 -4.706e+01  4.107e+00  3.517e-01  0.000e+00  0.000e+00  259.880   82.360
 1.3250 -2.22644e+01  9.052e+00 -3.132e+01 -3.359e+01  2.272e+00  0.000e+00  8.396e+00 -4.198e+01  9.708e-01  1.301e+00  0.000e+00  0.000e+00  202.441  116.083
 1.3300 -2.22635e+01  6.528e+00 -2.879e+01 -3.689e+01  8.094e+00  0.000e+00  7.981e+00 -4.487e+01  4.538e+00  3.557e+00  0.000e+00  0.000e+00  146.005   44.562
 1.3350 -2.22641e+01  7.705e+00 -2.997e+01 -3.214e+01  2.174e+00  0.000e+00  7.394e+00 -3.954e+01  1.988e+00  1.857e-01  0.000e+00  0.000e+00  172.328   85.450
 1.3400 -2.22641e+01  8.176e+00 -3.044e+01 -3.500e+01  4.559e+00  0.000e+00  6.583e+00 -4.158e+01  4.063e+00  4.954e-01  0.000e+00  0.000e+00  182.869   74.326
 1.3450 -2.22635e+01  7.352e+00 -2.962e+01 -3.631e+01  6.696e+00  0.000e+00  5.945e+00 -4.226e+01  2.517e+00  4.178e+00  0.000e+00  0.000e+00  164.420   50.779
 1.3500 -2.22647e+01  8.794e+00 -3.106e+01 -3.381e+01  2.756e+00  0.000e+00  5.246e+00 -3.906e+01  2.060e+00  6.961e-01  0.000e+00  0.000e+00  196.674   96.100
 1.3550 -2.22658e+01  9.231e+00 -3.150e+01 -3.431e+01  2.813e+00  0.000e+00  4.848e+00 -3.916e+01  2.211e+00  6.020e-01  0.000e+00  0.000e+00  206.443   59.447
 1.3600 -2.22649e+01  6.531e+00 -2.880e+01 -3.376e+01  4.966e+00  0.000e+00  4.653e+00 -3.841e+01  4.985e-01  4.467e+00  0.000e+00  0.000e+00  146.075   84.124
 1.3650 -2.22645e+01  6.386e+00 -2.865e+01 -3.292e+01  4.273e+00  0.000e+00  4.765e+00 -3.769e+01  3.298e+00  9.747e-01  0.000e+00  0.000e+00  142.816   22.083
 1.3700 -2.22648e+01  8.204e+00 -3.047e+01 -3.246e+01  1.992e+00  0.000e+00  5.167e+00 -3.763e+01  7.963e-01  1.196e+00  0.000e+00  0.000e+00  183.489  109.115
 1.3750 -2.22637e+01  6.437e+00 -2.870e+01 -3.622e+01  7.521e+00  0.000e+00  5.621e+00 -4.184e+01  4.872e+00  2.649e+00  0.000e+00  0.000e+00  143.957   27.649
 1.3800 -2.22627e+01  4.734e+00 -2.700e+01 -3.036e+01  3.365e+00  0.000e+00  6.433e+00 -3.680e+01  1.666e+00  1.699e+00  0.000e+00  0.000e+00  105.887   61.567
 1.3850 -2.22638e+01  7.130e+00 -2.939e+01 -3.605e+01  6.659e+00  0.000e+00  6.878e+00 -4.293e+01  4.832e+00  1.827e+00  0.000e+00  0.000e+00  159.463   49.779
 1.3900 -2.22646e+01  8.748e+00 -3.101e+01 -3.371e+01  2.698e+00  0.000e+00  7.502e+00 -4.121e+01  1.797e+00  9.002e-01  0.000e+00  0.000e+00  195.659   96.446
 1.3950 -2.22643e+01  6.902e+00 -2.917e+01 -3.388e+01  4.709e+00  0.000e+00  7.958e+00 -4.183e+01  2.963e+00  1.747e+00  0.000e+00  0.000e+00  154.371   56.926
 1.4000 -2.22652e+01  8.133e+00 -3.040e+01 -3.536e+01  4.957e+00  0.000e+00  8.200e+00 -4.356e+01  1.962e+00  2.995e+00  0.000e+00  0.000e+00  181.899   81.726
 1.4050 -2.22661e+01  1.072e+01 -3.299e+01 -3.421e+01  1.223e+00  0.000e+00  8.459e+00 -4.267e+01  9.782e-01  2.452e-01  0.000e+00  0.000e+00  239.737  122.145
 1.4100 -2.22651e+01  1.036e+01 -3.263e+01 -3.714e+01  4.511e+00  0.000e+00  8.683e+00 -4.582e+01  3.649e+00  8.619e-01  0.000e+00  0.000e+00  231.754   86.946
 1.4150 -2.22638e+01  8.404e+00 -3.067e+01 -3.672e+01  6.050e+00  0.000e+00  9.307e+00 -4.602e+01  1.032e+00  5.017e+00  0.000e+00  0.000e+00  187.968  110.242
 1.4200 -2.22640e+01  9.707e+00 -3.197e+01 -3.794e+01  5.965e+00  0.000e+00  9.975e+00 -4.791e+01  5.616e+00  3.488e-01  0.000e+00  0.000e+00  217.097   78.677
 1.4250 -2.22637e+01  9.329e+00 -3.159e+01 -3.368e+01  2.086e+00  0.000e+00  1.112e+01 -4.479e+01  1.444e+00  6.423e-01  0.000e+00  0.000e+00  208.637  134.216
 1.4300 -2.22628e+01  7.357e+00 -2.962e+01 -4.028e+01  1.066e+01  0.000e+00  1.221e+01 -5.249e+01  6.204e+00  4.453e+00  0.000e+00  0.000e+00  164.543   51.101
 1.4350 -2.22637e+01  8.805e+00 -3.107e+01 -3.360e+01  2.536e+00  0.000e+00  1.344e+01 -4.705e+01  1.503e+00  1.033e+00  0.000e+00  0.000e+00  196.931  134.712
 1.4400 -2.22652e+01  1.057e+01 -3.283e+01 -3.811e+01  5.277e+00  0.000e+00  1.453e+01 -5.264e+01  4.746e+00  5.308e-01  0.000e+00  0.000e+00  236.300   97.225
 1.4450 -2.22650e+01  9.161e+00 -3.143e+01 -3.623e+01  4.800e+00  0.000e+00  1.521e+01 -5.144e+01  1.952e+00  2.848e+00  0.000e+00  0.000e+00  204.892  140.472
 1.4500 -2.22647e+01  7.603e+00 -2.987e+01 -3.419e+01  4.323e+00  0.000e+00  1.508e+01 -4.927e+01  2.714e+00  1.608e+00  0.000e+00  0.000e+00  170.044   76.764
 1.4550 -2.22657e+01  9.528e+00 -3.179e+01 -3.619e+01  4.393e+00  0.000e+00  1.465e+01 -5.083e+01  3.030e+00  1.363e+00  0.000e+00  0.000e+00  213.088  135.737
 1.4600 -2.22651e+01  9.352e+00 -3.162e+01 -3.500e+01  3.384e+00  0.000e+00  1.400e+01 -4.900e+01  1.433e+00  1.951e+00  0.000e+00  0.000e+00  209.160  116.900
 1.4650 -2.22638e+01  8.282e+00 -3.055e+01 -3.656e+01  6.009e+00  0.000e+00  1.267e+01 -4.922e+01  4.620e+00  1.390e+00  0.000e+00  0.000e+00  185.238   83.861
 1.4700 -2.22640e+01  8.641e+00 -3.090e+01 -3.611e+01  5.209e+00  0.000e+00  1.169e+01 -4.780e+01  1.649e+00  3.560e+00  0.000e+00  0.000e+00  193.259  123.040
 1.4750 -2.22646e+01  8.832e+00 -3.110e+01 -3.672e+01  5.619e+00  0.000e+00  1.058e+01 -4.730e+01  4.724e+00  8.958e-01  0.000e+00  0.000e+00  197.526   65.993
 1.4800 -2.22636e+01  5.613e+00 -2.788e+01 -3.100e+01  3.121e+00  0.000e+00  9.898e+00 -4.089e+01  1.603e+00  1.518e+00  0.000e+00  0.000e+00  125.532  100.697
 1.4850 -2.22637e+01  5.735e+00 -2.800e+01 -3.620e+01  8.198e+00  0.000e+00  9.201e+00 -4.540e+01  4.256e+00  3.942e+00  0.000e+00  0.000e+00  128.272   14.909
 1.4900 -2.22649e+01  9.649e+00 -3.191e+01 -3.389e+01  1.975e+00  0.000e+00  8.690e+00 -4.258e+01  1.615e+00  3.600e-01  0.000e+00  0.000e+00  215.797  147.415
 1.4950 -2.22646e+01  9.944e+00 -3.221e+01 -3.644e+01  4.233e+00  0.000e+00  8.338e+00 -4.478e+01  3.820e+00  4.139e-01  0.000e+00  0.000e+00  222.397   51.584
 1.5000 -2.22638e+01  7.743e+00 -3.001e+01 -3.667e+01  6.660e+00  0.000e+00  7.844e+00 -4.451e+01  2.256e+00  4.404e+00  0.000e+00  0.000e+00  173.179  111.889
 1.5050 -2.22646e+01  8.237e+00 -3.050e+01 -3.374e+01  3.244e+00  0.000e+00  7.562e+00 -4.131e+01  2.760e+00  4.832e-01  0.000e+00  0.000e+00  184.219   56.290
 1.5100 -2.22650e+01  8.423e+00 -3.069e+01 -3.345e+01  2.765e+00  0.000e+00  7.119e+00 -4.057e+01  2.668e+00  9.730e-02  0.000e+00  0.000e+00  188.382   96.246
 1.5150 -2.22642e+01  6.961e+00 -2.923e+01 -3.537e+01  6.141e+00  0.000e+00  6.771e+00 -4.214e+01  1.915e+00  4.226e+00  0.000e+00  0.000e+00  155.690   66.333
 1.5200 -2.22645e+01  8.196e+00 -3.046e+01 -3.449e+01  4.027e+00  0.000e+00  6.551e+00 -4.104e+01  3.231e+00  7.959e-01  0.000e+00  0.000e+00  183.301   56.664
 1.5250 -2.22654e+01  1.026e+01 -3.253e+01 -3.459e+01  2.065e+00  0.000e+00  6.238e+00 -4.083e+01  1.375e+00  6.898e-01  0.000e+00  0.000e+00  229.569  131.525
 1.5300 -2.22644e+01  7.963e+00 -3.023e+01 -3.760e+01  7.377e+00  0.000e+00  5.974e+00 -4.358e+01  3.672e+00  3.705e+00  0.000e+00  0.000e+00  178.097   26.451
 1.5350 -2.22634e+01  6.115e+00 -2.838e+01 -3.120e+01  2.819e+00  0.000e+00  5.739e+00 -3.694e+01  1.459e+00  1.360e+00  0.000e+00  0.000e+00  136.754  102.093
 1.5400 -2.22641e+01  7.537e+00 -2.980e+01 -3.588e+01  6.083e+00  0.000e+00  5.411e+00 -4.129e+01  4.352e+00  1.731e+00  0.000e+00  0.000e+00  168.560   14.605
 1.5450 -2.22639e+01  8.206e+00 -3.047e+01 -3.427e+01  3.805e+00  0.000e+00  5.148e+00 -3.942e+01  2.150e+00  1.655e+00  0.000e+00  0.000e+00  183.529  122.505
 1.5500 -2.22632e+01  7.870e+00 -3.013e+01 -3.579e+01  5.656e+00  0.000e+00  4.932e+00 -4.072e+01  4.324e+00  1.331e+00  0.000e+00  0.000e+00  176.017   15.085
 1.5550 -2.22642e+01  9.281e+00 -3.155e+01 -3.652e+01  4.974e+00  0.000e+00  4.784e+00 -4.130e+01  2.200e+00  2.774e+00  0.000e+00  0.000e+00  207.583  110.837
 1.5600 -2.22655e+01  1.058e+01 -3.285e+01 -3.583e+01  2.980e+00  0.000e+00  4.841e+00 -4.067e+01  2.372e+00  6.081e-01  0.000e+00  0.000e+00  236.642   79.078
 1.5650 -2.22651e+01  8.126e+00 -3.039e+01 -3.350e+01  3.112e+00  0.000e+00  5.063e+00 -3.857e+01  1.789e+00  1.323e+00  0.000e+00  0.000e+00  181.742   66.729
 1.5700 -2.22649e+01  7.478e+00 -2.974e+01 -3.465e+01  4.908e+00  0.000e+00  5.588e+00 -4.024e+01  1.478e+00  3.430e+00  0.000e+00  0.000e+00  167.241   84.693
 1.5750 -2.22656e+01  9.295e+00 -3.156e+01 -3.444e+01  2.881e+00  0.000e+00  6.282e+00 -4.072e+01  2.493e+00  3.884e-01  0.000e+00  0.000e+00  207.885   60.483
 1.5800 -2.22647e+01  8.686e+00 -3.095e+01 -3.360e+01  2.650e+00  0.000e+00  7.133e+00 -4.073e+01  2.087e+00  5.636e-01  0.000e+00  0.000e+00  194.275  125.405
 1.5850 -2.22630e+01  6.621e+00 -2.888e+01 -3.752e+01  8.634e+00  0.000e+00  8.411e+00 -4.593e+01  4.399e+00  4.235e+00  0.000e+00  0.000e+00  148.086   16.333
 1.5900 -2.22633e+01  7.733e+00 -3.000e+01 -3.342e+01  3.428e+00  0.000e+00  9.358e+00 -4.278e+01  2.643e+00  7.851e-01  0.000e+00  0.000e+00  172.961  134.094
 1.5950 -2.22639e+01  8.034e+00 -3.030e+01 -3.543e+01  5.130e+00  0.000e+00  1.065e+01 -4.608e+01  4.728e+00  4.027e-01  0.000e+00  0.000e+00  179.674   39.548
 1.6000 -2.22634e+01  5.627e+00 -2.789e+01 -3.470e+01  6.809e+00  0.000e+00  1.155e+01 -4.625e+01  1.957e+00  4.852e+00  0.000e+00  0.000e+00  125.843  110.447
 1.6050 -2.22644e+01  6.336e+00 -2.860e+01 -3.317e+01  4.571e+00  0.000e+00  1.214e+01 -4.532e+01  3.733e+00  8.387e-01  0.000e+00  0.000e+00  141.717   44.411
 1.6100 -2.22660e+01  9.033e+00 -3.130e+01 -3.323e+01  1.935e+00  0.000e+00  1.263e+01 -4.586e+01  1.062e+00  8.730e-01  0.000e+00  0.000e+00  202.024  131.769
 1.6150 -2.22656e+01  8.464e+00 -3.073e+01 -3.744e+01  6.707e+00  0.000e+00  1.297e+01 -5.040e+01  2.770e+00  3.937e+00  0.000e+00  0.000e+00  189.294   98.019
 1.6200 -2.22648e+01  8.412e+00 -3.068e+01 -3.332e+01  2.646e+00  0.000e+00  1.355e+01 -4.688e+01  1.794e+00  8.518e-01  0.000e+00  0.000e+00  188.147   94.231
 1.6250 -2.22649e+01  9.689e+00 -3.195e+01 -3.728e+01  5.325e+00  0.000e+00  1.378e+01 -5.106e+01  3.201e+00  2.124e+00  0.000e+00  0.000e+00  216.687  145.186
 1.6300 -2.22642e+01  9.535e+00 -3.180e+01 -3.768e+01  5.882e+00  0.000e+00  1.427e+01 -5.196e+01  3.755e+00  2.127e+00  0.000e+00  0.000e+00  213.256   84.952
 1.6350 -2.22628e+01  7.778e+00 -3.004e+01 -3.461e+01  4.574e+00  0.000e+00  1.425e+01 -4.887e+01  3.159e+00  1.415e+00  0.000e+00  0.000e+00  173.962  135.275
 1.6400 -2.22633e+01  9.376e+00 -3.164e+01 -4.042e+01  8.777e+00  0.000e+00  1.424e+01 -5.465e+01  5.857e+00  2.920e+00  0.000e+00  0.000e+00  209.698   67.156
 1.6450 -2.22644e+01  1.048e+01 -3.275e+01 -3.543e+01  2.684e+00  0.000e+00  1.405e+01 -4.948e+01  1.918e+00  7.659e-01  0.000e+00  0.000e+00  234.444  170.265
 1.6500 -2.22641e+01  7.917e+00 -3.018e+01 -3.674e+01  6.561e+00  0.000e+00  1.354e+01 -5.029e+01  5.486e+00  1.075e+00  0.000e+00  0.000e+00  177.075   52.183
 1.6550 -2.22643e+01  7.511e+00 -2.978e+01 -3.432e+01  4.543e+00  0.000e+00  1.311e+01 -4.743e+01  4.243e-01  4.119e+00  0.000e+00  0.000e+00  167.989  128.087
 1.6600 -2.22655e+01  1.039e+01 -3.266e+01 -3.787e+01  5.210e+00  0.000e+00  1.200e+01 -4.987e+01  4.518e+00  6.922e-01  0.000e+00  0.000e+00  232.426   94.529
 1.6650 -2.22652e+01  1.119e+01 -3.345e+01 -3.458e+01  1.132e+00  0.000e+00  1.095e+01 -4.553e+01  8.628e-01  2.688e-01  0.000e+00  0.000e+00  250.204  136.193
 1.6700 -2.22639e+01  8.424e+00 -3.069e+01 -4.005e+01  9.359e+00  0.000e+00  9.529e+00 -4.958e+01  3.949e+00  5.410e+00  0.000e+00  0.000e+00  188.410   82.236
 1.6750 -2.22641e+01  9.156e+00 -3.142e+01 -3.464e+01  3.215e+00  0.000e+00  8.313e+00 -4.295e+01  2.485e+00  7.293e-01  0.000e+00  0.000e+00  204.784   85.911
 1.6800 -2.22645e+01  9.626e+00 -3.189e+01 -3.499e+01  3.096e+00  0.000e+00  7.173e+00 -4.216e+01  2.906e+00  1.899e-01  0.000e+00  0.000e+00  215.283  111.248
 1.6850 -2.22637e+01  7.925e+00 -3.019e+01 -3.761e+01  7.424e+00  0.000e+00  6.335e+00 -4.395e+01  3.715e+00  3.709e+00  0.000e+00  0.000e+00  177.237   45.444
 1.6900 -2.22638e+01  7.331e+00 -2.960e+01 -3.242e+01  2.822e+00  0.000e+00  5.722e+00 -3.814e+01  1.558e+00  1.263e+00  0.000e+00  0.000e+00  163.969   91.448
 1.6950 -2.22650e+01  8.569e+00 -3.083e+01 -3.574e+01  4.906e+00  0.000e+00  5.298e+00 -4.104e+01  4.092e+00  8.134e-01  0.000e+00  0.000e+00  191.650   45.271
 1.7000 -2.22646e+01  6.743e+00 -2.901e+01 -3.172e+01  2.708e+00  0.000e+00  5.150e+00 -3.687e+01  4.444e-01  2.264e+00  0.000e+00  0.000e+00  150.811   93.068
 1.7050 -2.22638e+01  4.755e+00 -2.702e+01 -3.302e+01  6.003e+00  0.000e+00  4.878e+00 -3.790e+01  4.514e+00  1.488e+00  0.000e+00  0.000e+00  106.339    0.704
 1.7100 -2.22644e+01  6.849e+00 -2.911e+01 -3.175e+01  2.640e+00  0.000e+00  4.990e+00 -3.674e+01  6.974e-01  1.943e+00  0.000e+00  0.000e+00  153.176   89.267
 1.7150 -2.22645e+01  7.975e+00 -3.024e+01 -3.620e+01  5.959e+00  0.000e+00  4.864e+00 -4.106e+01  4.439e+00  1.520e+00  0.000e+00  0.000e+00  178.358   45.504
 1.7200 -2.22636e+01  6.652e+00 -2.892e+01 -3.191e+01  2.995e+00  0.000e+00  4.853e+00 -3.676e+01  1.586e+00  1.409e+00  0.000e+00  0.000e+00  148.766   66.279
 1.7250 -2.22641e+01  7.268e+00 -2.953e+01 -3.578e+01  6.250e+00  0.000e+00  4.905e+00 -4.069e+01  3.002e+00  3.248e+00  0.000e+00  0.000e+00  162.541   52.065
 1.7300 -2.22653e+01  8.453e+00 -3.072e+01 -3.364e+01  2.926e+00  0.000e+00  4.912e+00 -3.856e+01  1.957e+00  9.684e-01  0.000e+00  0.000e+00  189.063   79.218
 1.7350 -2.22648e+01  6.598e+00 -2.886e+01 -3.102e+01  2.161e+00  0.000e+00  4.945e+00 -3.597e+01  1.309e+00  8.519e-01  0.000e+00  0.000e+00  147.570   60.469
 1.7400 -2.22646e+01  6.099e+00 -2.836e+01 -3.539e+01  7.027e+00  0.000e+00  5.132e+00 -4.052e+01  2.938e+00  4.088e+00  0.000e+00  0.000e+00  136.413   38.614
 1.7450 -2.22652e+01  8.617e+00 -3.088e+01 -3.221e+01  1.330e+00  0.000e+00  5.338e+00 -3.755e+01  5.882e-01  7.414e-01  0.000e+00  0.000e+00  192.715  103.032
 1.7500 -2.22646e+01  8.685e+00 -3.095e+01 -3.582e+01  4.867e+00  0.000e+00  5.621e+00 -4.144e+01  4.587e+00  2.799e-01  0.000e+00  0.000e+00  194.250   49.169
 1.7550 -2.22633e+01  7.409e+00 -2.967e+01 -3.498e+01  5.309e+00  0.000e+00  6.245e+00 -4.123e+01  9.250e-01  4.384e+00  0.000e+00  0.000e+00  165.700   98.605
 1.7600 -2.22637e+01  8.597e+00 -3.086e+01 -3.708e+01  6.216e+00  0.000e+00  6.817e+00 -4.389e+01  5.360e+00  8.568e-01  0.000e+00  0.000e+00  192.274   45.454
 1.7650 -2.22643e+01  1.012e+01 -3.239e+01 -3.392e+01  1.538e+00  0.000e+00  7.762e+00 -4.169e+01  1.403e+00  1.350e-01  0.000e+00  0.000e+00  226.364  133.230
 1.7700 -2.22639e+01  9.119e+00 -3.138e+01 -3.944e+01  8.059e+00  0.000e+00  8.705e+00 -4.815e+01  4.369e+00  3.690e+00  0.000e+00  0.000e+00  203.955   57.108
 1.7750 -2.22645e+01  9.359e+00 -3.162e+01 -3.479e+01  3.169e+00  0.000e+00  9.831e+00 -4.462e+01  1.818e+00  1.351e+00  0.000e+00  0.000e+00  209.328  122.649
 1.7800 -2.22658e+01  1.112e+01 -3.339e+01 -3.665e+01  3.262e+00  0.000e+00  1.079e+01 -4.744e+01  2.454e+00  8.080e-01  0.000e+00  0.000e+00  248.758  103.896
 1.7850 -2.22654e+01  9.906e+00 -3.217e+01 -3.823e+01  6.061e+00  0.000e+00  1.153e+01 -4.976e+01  2.634e+00  3.427e+00  0.000e+00  0.000e+00  221.550  122.300
 1.7900 -2.22645e+01  8.889e+00 -3.115e+01 -3.372e+01  2.571e+00  0.000e+00  1.230e+01 -4.603e+01  1.589e+00  9.816e-01  0.000e+00  0.000e+00  198.810  102.721
 1.7950 -2.22646e+01  9.521e+00 -3.179e+01 -3.900e+01  7.216e+00  0.000e+00  1.269e+01 -5.169e+01  4.526e+00  2.690e+00  0.000e+00  0.000e+00  212.933  101.058
 1.8000 -2.22643e+01  9.765e+00 -3.203e+01 -3.544e+01  3.411e+00  0.000e+00  1.368e+01 -4.912e+01  1.565e+00  1.846e+00  0.000e+00  0.000e+00  218.408  142.817
 1.8050 -2.22630e+01  7.290e+00 -2.955e+01 -3.683e+01  7.279e+00  0.000e+00  1.456e+01 -5.139e+01  6.160e+00  1.118e+00  0.000e+00  0.000e+00  163.051   53.850
 1.8100 -2.22634e+01  7.714e+00 -2.998e+01 -3.524e+01  5.267e+00  0.000e+00  1.547e+01 -5.072e+01  2.076e+00  3.191e+00  0.000e+00  0.000e+00  172.530  143.076
 1.8150 -2.22646e+01  8.417e+00 -3.068e+01 -3.656e+01  5.883e+00  0.000e+00  1.609e+01 -5.266e+01  5.063e+00  8.195e-01  0.000e+00  0.000e+00  188.254   68.894
 1.8200 -2.22646e+01  7.852e+00 -3.012e+01 -3.245e+01  2.330e+00  0.000e+00  1.576e+01 -4.821e+01  1.572e+00  7.580e-01  0.000e+00  0.000e+00  175.620  148.666
 1.8250 -2.22646e+01  8.310e+00 -3.057e+01 -3.874e+01  8.164e+00  0.000e+00  1.503e+01 -5.377e+01  3.664e+00  4.501e+00  0.000e+00  0.000e+00  185.853   64.250
 1.8300 -2.22656e+01  1.035e+01 -3.262e+01 -3.569e+01  3.077e+00  0.000e+00  1.357e+01 -4.926e+01  2.084e+00  9.925e-01  0.000e+00  0.000e+00  231.486  159.048
 1.8350 -2.22652e+01  8.124e+00 -3.039e+01 -3.304e+01  2.650e+00  0.000e+00  1.244e+01 -4.548e+01  2.422e+00  2.285e-01  0.000e+00  0.000e+00  181.685   78.076
 1.8400 -2.22639e+01  5.783e+00 -2.805e+01 -3.628e+01  8.236e+00  0.000e+00  1.132e+01 -4.761e+01  2.925e+00  5.311e+00  0.000e+00  0.000e+00  129.346   78.981
 1.8450 -2.22640e+01  7.933e+00 -3.020e+01 -3.383e+01  3.638e+00  0.000e+00  1.056e+01 -4.440e+01  2.227e+00  1.412e+00  0.000e+00  0.000e+00  177.416   94.996
 1.8500 -2.22645e+01  1.045e+01 -3.271e+01 -3.735e+01  4.633e+00  0.000e+00  9.935e+00 -4.728e+01  4.390e+00  2.431e-01  0.000e+00  0.000e+00  233.686   89.175
 1.8550 -2.22638e+01  8.487e+00 -3.075e+01 -3.615e+01  5.400e+00  0.000e+00  9.393e+00 -4.554e+01  1.611e+00  3.789e+00  0.000e+00  0.000e+00  189.816  122.959
 1.8600 -2.22639e+01  7.605e+00 -2.987e+01 -3.568e+01  5.813e+00  0.000e+00  8.507e+00 -4.419e+01  4.562e+00  1.252e+00  0.000e+00  0.000e+00  170.082   28.270
 1.8650 -2.22650e+01  9.724e+00 -3.199e+01 -3.385e+01  1.857e+00  0.000e+00  7.717e+00 -4.156e+01  1.178e+00  6.788e-01  0.000e+00  0.000e+00  217.481  149.898
 1.8700 -2.22648e+01  9.799e+00 -3.206e+01 -3.813e+01  6.065e+00  0.000e+00  6.932e+00 -4.506e+01  3.933e+00  2.131e+00  0.000e+00  0.000e+00  219.167   38.264
 1.8750 -2.22641e+01  8.539e+00 -3.080e+01 -3.382e+01  3.021e+00  0.000e+00  6.209e+00 -4.003e+01  1.448e+00  1.574e+00  0.000e+00  0.000e+00  190.970  124.384
 1.8800 -2.22645e+01  8.763e+00 -3.103e+01 -3.652e+01  5.495e+00  0.000e+00  5.804e+00 -4.233e+01  3.615e+00  1.880e+00  0.000e+00  0.000e+00  195.990   37.131
 1.8850 -2.22645e+01  8.237e+00 -3.050e+01 -3.428e+01  3.775e+00  0.000e+00  5.550e+00 -3.983e+01  2.011e+00  1.764e+00  0.000e+00  0.000e+00  184.223  107.950
 1.8900 -2.22637e+01  6.457e+00 -2.872e+01 -3.281e+01  4.090e+00  0.000e+00  5.531e+00 -3.834e+01  3.137e+00  9.533e-01  0.000e+00  0.000e+00  144.406   35.741
 1.8950 -2.22640e+01  7.033e+00 -2.930e+01 -3.562e+01  6.325e+00  0.000e+00  5.569e+00 -4.119e+01  2.502e+00  3.824e+00  0.000e+00  0.000e+00  157.306   61.058
 1.9000 -2.22651e+01  9.668e+00 -3.193e+01 -3.522e+01  3.284e+00  0.000e+00  5.803e+00 -4.102e+01  1.974e+00  1.310e+00  0.000e+00  0.000e+00  216.238  108.063
 1.9050 -2.22649e+01  8.925e+00 -3.119e+01 -3.443e+01  3.242e+00  0.000e+00  6.050e+00 -4.048e+01  2.949e+00  2.923e-01  0.000e+00  0.000e+00  199.600   46.936
 1.9100 -2.22646e+01  7.625e+00 -2.989e+01 -3.504e+01  5.150e+00  0.000e+00  6.180e+00 -4.122e+01  1.261e+00  3.889e+00  0.000e+00  0.000e+00  170.527  114.126
 1.9150 -2.22650e+01  8.044e+00 -3.031e+01 -3.482e+01  4.511e+00  0.000e+00  6.514e+00 -4.133e+01  3.396e+00  1.115e+00  0.000e+00  0.000e+00  179.909   25.973
 1.9200 -2.22646e+01  7.364e+00 -2.963e+01 -3.124e+01  1.613e+00  0.000e+00  6.559e+00 -3.780e+01  1.457e+00  1.563e-01  0.000e+00  0.000e+00  164.694  122.578
 1.9250 -2.22634e+01  5.657e+00 -2.792e+01 -3.582e+01  7.899e+00  0.000e+00  6.713e+00 -4.253e+01  4.379e+00  3.520e+00  0.000e+00  0.000e+00  126.523    0.458
 1.9300 -2.22635e+01  6.426e+00 -2.869e+01 -3.215e+01  3.459e+00  0.000e+00  6.795e+00 -3.894e+01  1.992e+00  1.467e+00  0.000e+00  0.000e+00  143.712  100.534
 1.9350 -2.22643e+01  8.147e+00 -3.041e+01 -3.496e+01  4.549e+00  0.000e+00  6.795e+00 -4.175e+01  4.246e+00  3.029e-01  0.000e+00  0.000e+00  182.200   43.607
 1.9400 -2.22643e+01  7.362e+00 -2.963e+01 -3.457e+01  4.944e+00  0.000e+00  6.930e+00 -4.150e+01  1.669e+00  3.275e+00  0.000e+00  0.000e+00  164.661   87.790
 1.9450 -2.22646e+01  7.217e+00 -2.948e+01 -3.356e+01  4.079e+00  0.000e+00  7.055e+00 -4.062e+01  2.812e+00  1.267e+00  0.000e+00  0.000e+00  161.411   62.717
 1.9500 -2.22656e+01  9.192e+00 -3.146e+01 -3.454e+01  3.082e+00  0.000e+00  7.258e+00 -4.180e+01  1.765e+00  1.317e+00  0.000e+00  0.000e+00  205.580   80.365
 1.9550 -2.22655e+01  9.337e+00 -3.160e+01 -3.611e+01  4.504e+00  0.000e+00  7.481e+00 -4.359e+01  1.596e+00  2.908e+00  0.000e+00  0.000e+00  208.818  119.669
 1.9600 -2.22644e+01  7.790e+00 -3.005e+01 -3.414e+01  4.087e+00  0.000e+00  7.797e+00 -4.194e+01  3.141e+00  9.460e-01  0.000e+00  0.000e+00  174.223   38.942
 1.9650 -2.22641e+01  7.471e+00 -2.973e+01 -3.418e+01  4.446e+00  0.000e+00  8.097e+00 -4.228e+01  1.536e+00  2.909e+00  0.000e+00  0.000e+00  167.080  121.978
 1.9700 -2.22640e+01  7.962e+00 -3.023e+01 -3.663e+01  6.402e+00  0.000e+00  8.631e+00 -4.526e+01  4.738e+00  1.665e+00  0.000e+00  0.000e+00  178.077   35.940
 1.9750 -2.22632e+01  7.202e+00 -2.946e+01 -3.206e+01  2.596e+00  0.000e+00  9.225e+00 -4.129e+01  1.728e+00  8.674e-01  0.000e+00  0.000e+00  161.064  118.336
 1.9800 -2.22634e+01  7.527e+00 -2.979e+01 -3.880e+01  9.006e+00  0.000e+00  9.867e+00 -4.866e+01  5.872e+00  3.134e+00  0.000e+00  0.000e+00  168.338   33.873
 1.9850 -2.22645e+01  8.963e+00 -3.123e+01 -3.334e+01  2.114e+00  0.000e+00  1.064e+01 -4.398e+01  1.224e+00  8.895e-01  0.000e+00  0.000e+00  200.461  135.544
 1.9900 -2.22648e+01  8.424e+00 -3.069e+01 -3.551e+01  4.818e+00  0.000e+00  1.115e+01 -4.666e+01  4.446e+00  3.727e-01  0.000e+00  0.000e+00  188.407   66.124
 1.9950 -2.22648e+01  8.749e+00 -3.101e+01 -3.592e+01  4.908e+00  0.000e+00  1.183e+01 -4.775e+01  1.122e+00  3.786e+00  0.000e+00  0.000e+00  195.675  114.823
 2.0000 -2.22654e+01  1.044e+01 -3.271e+01 -3.783e+01  5.123e+00  0.000e+00  1.206e+01 -4.989e+01  3.226e+00  1.897e+00  0.000e+00  0.000e+00  233.521  116.513
 2.0050 -2.22652e+01  1.015e+01 -3.241e+01 -3.509e+01  2.673e+00  0.000e+00  1.258e+01 -4.767e+01  2.581e+00  9.214e-02  0.000e+00  0.000e+00  227.003  108.466
 2.0100 -2.22640e+01  6.907e+00 -2.917e+01 -3.593e+01  6.762e+00  0.000e+00  1.314e+01 -4.907e+01  2.293e+00  4.469e+00  0.000e+00  0.000e+00  154.476  110.022
 2.0150 -2.22638e+01  7.390e+00 -2.965e+01 -3.601e+01  6.359e+00  0.000e+00  1.338e+01 -4.939e+01  4.601e+00  1.758e+00  0.000e+00  0.000e+00  165.288   60.402
 2.0200 -2.22642e+01  1.020e+01 -3.247e+01 -3.484e+01  2.370e+00  0.000e+00  1.374e+01 -4.858e+01  1.827e+00  5.428e-01  0.000e+00  0.000e+00  228.198  156.922
 2.0250 -2.22639e+01  9.203e+00 -3.147e+01 -4.090e+01  9.428e+00  0.000e+00  1.375e+01 -5.465e+01  6.126e+00  3.303e+00  0.000e+00  0.000e+00  205.835   68.631
 2.0300 -2.22639e+01  7.745e+00 -3.001e+01 -3.233e+01  2.316e+00  0.000e+00  1.355e+01 -4.587e+01  6.292e-01  1.687e+00  0.000e+00  0.000e+00  173.229  133.660
 2.0350 -2.22648e+01  9.001e+00 -3.127e+01 -3.798e+01  6.718e+00  0.000e+00  1.278e+01 -5.076e+01  5.304e+00  1.414e+00  0.000e+00  0.000e+00  201.314   69.598
 2.0400 -2.22651e+01  1.077e+01 -3.303e+01 -3.530e+01  2.267e+00  0.000e+00  1.209e+01 -4.738e+01  4.700e-01  1.797e+00  0.000e+00  0.000e+00  240.771  157.880
 2.0450 -2.22644e+01  1.001e+01 -3.228e+01 -3.806e+01  5.782e+00  0.000e+00  1.095e+01 -4.901e+01  5.175e+00  6.075e-01  0.000e+00  0.000e+00  223.964   76.585
 2.0500 -2.22643e+01  9.609e+00 -3.187e+01 -3.692e+01  5.046e+00  0.000e+00  1.011e+01 -4.703e+01  1.900e+00  3.147e+00  0.000e+00  0.000e+00  214.916  121.718
 2.0550 -2.22644e+01  8.977e+00 -3.124e+01 -3.675e+01  5.506e+00  0.000e+00  9.434e+00 -4.618e+01  3.610e+00  1.896e+00  0.000e+00  0.000e+00  200.782   87.020
 2.0600 -2.22640e+01  7.423e+00 -2.969e+01 -3.304e+01  3.356e+00  0.000e+00  8.926e+00 -4.197e+01  3.014e+00  3.423e-01  0.000e+00  0.000e+00  166.029   74.406
 2.0650 -2.22642e+01  7.013e+00 -2.928e+01 -3.527e+01  5.998e+00  0.000e+00  8.411e+00 -4.369e+01  1.778e+00  4.220e+00  0.000e+00  0.000e+00  156.839   84.721
 2.0700 -2.22651e+01  8.021e+00 -3.029e+01 -3.526e+01  4.976e+00  0.000e+00  8.031e+00 -4.329e+01  3.440e+00  1.536e+00  0.000e+00  0.000e+00  179.392   61.326
 2.0750 -2.22652e+01  8.152e+00 -3.042e+01 -3.102e+01  5.988e-01  0.000e+00  7.497e+00 -3.851e+01  3.692e-01  2.295e-01  0.000e+00  0.000e+00  182.330  113.400
 2.0800 -2.22647e+01  7.477e+00 -2.974e+01 -3.814e+01  8.403e+00  0.000e+00  6.793e+00 -4.494e+01  4.178e+00  4.225e+00  0.000e+00  0.000e+00  167.227   32.661
 2.0850 -2.22646e+01  8.462e+00 -3.073e+01 -3.244e+01  1.718e+00  0.000e+00  6.373e+00 -3.882e+01  5.215e-01  1.196e+00  0.000e+00  0.000e+00  189.266  123.055
 2.0900 -2.22641e+01  7.615e+00 -2.988e+01 -3.513e+01  5.252e+00  0.000e+00  5.920e+00 -4.105e+01  4.953e+00  2.994e-01  0.000e+00  0.000e+00  170.305   23.910
 2.0950 -2.22632e+01  6.525e+00 -2.879e+01 -3.386e+01  5.068e+00  0.000e+00  5.787e+00 -3.964e+01  1.796e+00  3.273e+00  0.000e+00  0.000e+00  145.929   96.282
 2.1000 -2.22634e+01  6.746e+00 -2.901e+01 -3.489e+01  5.882e+00  0.000e+00  5.694e+00 -4.059e+01  4.679e+00  1.203e+00  0.000e+00  0.000e+00  150.867   20.032
 2.1050 -2.22642e+01  7.675e+00 -2.994e+01 -3.301e+01  3.066e+00  0.000e+00  5.827e+00 -3.883e+01  2.518e+00  5.479e-01  0.000e+00  0.000e+00  171.664   90.839
 2.1100 -2.22647e+01  6.939e+00 -2.920e+01 -3.375e+01  4.547e+00  0.000e+00  6.025e+00 -3.978e+01  2.117e+00  2.430e+00  0.000e+00  0.000e+00  155.203   51.535
 2.1150 -2.22652e+01  7.751e+00 -3.002e+01 -3.386e+01  3.844e+00  0.000e+00  6.135e+00 -4.000e+01  2.578e+00  1.266e+00  0.000e+00  0.000e+00  173.358   66.451
 2.1200 -2.22659e+01  9.738e+00 -3.200e+01 -3.356e+01  1.560e+00  0.000e+00  6.429e+00 -3.999e+01  5.255e-01  1.035e+00  0.000e+00  0.000e+00  217.801  108.072
 2.1250 -2.22655e+01  9.873e+00 -3.214e+01 -3.849e+01  6.347e+00  0.000e+00  6.469e+00 -4.495e+01  3.730e+00  2.617e+00  0.000e+00  0.000e+00  220.816   66.709
 2.1300 -2.22643e+01  8.608e+00 -3.087e+01 -3.241e+01  1.533e+00  0.000e+00  6.611e+00 -3.902e+01  5.821e-01  9.507e-01  0.000e+00  0.000e+00  192.526  117.417
 2.1350 -2.22636e+01  7.863e+00 -3.013e+01 -3.786e+01  7.729e+00  0.000e+00  6.883e+00 -4.474e+01  5.111e+00  2.618e+00  0.000e+00  0.000e+00  175.852   29.348
 2.1400 -2.22632e+01  8.001e+00 -3.026e+01 -3.501e+01  4.750e+00  0.000e+00  7.105e+00 -4.212e+01  2.052e+00  2.698e+00  0.000e+00  0.000e+00  178.935  125.741
 2.1450 -2.22628e+01  7.418e+00 -2.968e+01 -3.557e+01  5.888e+00  0.000e+00  7.593e+00 -4.316e+01  5.634e+00  2.541e-01  0.000e+00  0.000e+00  165.900   18.290
 2.1500 -2.22636e+01  7.983e+00 -3.025e+01 -3.579e+01  5.542e+00  0.000e+00  8.305e+00 -4.409e+01  2.320e+00  3.222e+00  0.000e+00  0.000e+00  178.549  123.473
 2.1550 -2.22649e+01  8.364e+00 -3.063e+01 -3.566e+01  5.027e+00  0.000e+00  9.067e+00 -4.472e+01  3.291e+00  1.736e+00  0.000e+00  0.000e+00  187.071   53.042
 2.1600 -2.22655e+01  8.473e+00 -3.074e+01 -3.281e+01  2.074e+00  0.000e+00  9.716e+00 -4.253e+01  1.681e+00  3.930e-01  0.000e+00  0.000e+00  189.494  113.626
 2.1650 -2.22658e+01  9.361e+00 -3.163e+01 -3.653e+01  4.906e+00  0.000e+00  1.049e+01 -4.702e+01  1.286e+00  3.620e+00  0.000e+00  0.000e+00  209.365   95.942
 2.1700 -2.22659e+01  1.086e+01 -3.313e+01 -3.703e+01  3.900e+00  0.000e+00  1.086e+01 -4.789e+01  2.913e+00  9.862e-01  0.000e+00  0.000e+00  242.990  112.443
 2.1750 -2.22650e+01  9.640e+00 -3.190e+01 -3.417e+01  2.263e+00  0.000e+00  1.113e+01 -4.530e+01  1.627e+00  6.361e-01  0.000e+00  0.000e+00  215.598  129.140
 2.1800 -2.22636e+01  6.990e+00 -2.925e+01 -3.758e+01  8.321e+00  0.000e+00  1.153e+01 -4.910e+01  4.873e+00  3.448e+00  0.000e+00  0.000e+00  156.342   46.547
 2.1850 -2.22631e+01  6.729e+00 -2.899e+01 -3.238e+01  3.387e+00  0.000e+00  1.179e+01 -4.417e+01  2.421e+00  9.661e-01  0.000e+00  0.000e+00  150.505  125.986
 2.1900 -2.22633e+01  8.149e+00 -3.041e+01 -3.744e+01  7.028e+00  0.000e+00  1.181e+01 -4.925e+01  6.119e+00  9.095e-01  0.000e+00  0.000e+00  182.265   35.096
 2.1950 -2.22634e+01  8.137e+00 -3.040e+01 -3.621e+01  5.811e+00  0.000e+00  1.192e+01 -4.813e+01  2.446e+00  3.365e+00  0.000e+00  0.000e+00  181.987  148.344
 2.2000 -2.22642e+01  8.194e+00 -3.046e+01 -3.621e+01  5.756e+00  0.000e+00  1.174e+01 -4.796e+01  4.993e+00  7.634e-01  0.000e+00  0.000e+00  183.268   36.868
 2.2050 -2.22653e+01  8.501e+00 -3.077e+01 -3.328e+01  2.514e+00  0.000e+00  1.139e+01 -4.467e+01  1.065e+00  1.448e+00  0.000e+00  0.000e+00  190.123  146.491
 2.2100 -2.22655e+01  8.553e+00 -3.082e+01 -3.666e+01  5.845e+00  0.000e+00  1.123e+01 -4.789e+01  3.047e+00  2.798e+00  0.000e+00  0.000e+00  191.299   65.085
 2.2150 -2.22652e+01  9.009e+00 -3.127e+01 -3.338e+01  2.103e+00  0.000e+00  1.087e+01 -4.425e+01  1.690e+00  4.128e-01  0.000e+00  0.000e+00  201.483  119.923
 2.2200 -2.22650e+01  9.493e+00 -3.176e+01 -3.731e+01  5.556e+00  0.000e+00  1.066e+01 -4.798e+01  2.771e+00  2.785e+00  0.000e+00  0.000e+00  212.320  102.242
 2.2250 -2.22643e+01  8.322e+00 -3.059e+01 -3.680e+01  6.209e+00  0.000e+00  1.044e+01 -4.723e+01  3.392e+00  2.817e+00  0.000e+00  0.000e+00  186.135   79.964
 2.2300 -2.22636e+01  7.064e+00 -2.933e+01 -3.209e+01  2.764e+00  0.000e+00  1.033e+01 -4.242e+01  2.465e+00  2.996e-01  0.000e+00  0.000e+00  157.987  106.996
 2.2350 -2.22638e+01  7.620e+00 -2.988e+01 -3.799e+01  8.101e+00  0.000e+00  1.012e+01 -4.810e+01  4.514e+00  3.587e+00  0.000e+00  0.000e+00  170.433   41.431
 2.2400 -2.22644e+01  8.953e+00 -3.122e+01 -3.427e+01  3.051e+00  0.000e+00  9.746e+00 -4.401e+01  1.559e+00  1.493e+00  0.000e+00  0.000e+00  200.235  147.813
 2.2450 -2.22645e+01  8.228e+00 -3.049e+01 -3.585e+01  5.355e+00  0.000e+00  9.549e+00 -4.540e+01  4.719e+00  6.366e-01  0.000e+00  0.000e+00  184.030   27.882
 2.2500 -2.22646e+01  7.661e+00 -2.993e+01 -3.385e+01  3.929e+00  0.000e+00  9.309e+00 -4.316e+01  1.060e+00  2.868e+00  0.000e+00  0.000e+00  171.341  138.783
 2.2550 -2.22649e+01  8.338e+00 -3.060e+01 -3.579e+01  5.188e+00  0.000e+00  8.982e+00 -4.477e+01  4.308e+00  8.807e-01  0.000e+00  0.000e+00  186.471   38.033
 2.2600 -2.22644e+01  8.816e+00 -3.108e+01 -3.339e+01  2.311e+00  0.000e+00  8.775e+00 -4.217e+01  1.560e+00  7.515e-01  0.000e+00  0.000e+00  197.171  126.296
 2.2650 -2.22639e+01  8.296e+00 -3.056e+01 -3.819e+01  7.631e+00  0.000e+00  8.540e+00 -4.673e+01  4.158e+00  3.473e+00  0.000e+00  0.000e+00  185.540   58.366
 2.2700 -2.22641e+01  8.640e+00 -3.090e+01 -3.436e+01  3.453e+00  0.000e+00  8.110e+00 -4.247e+01  2.553e+00  8.999e-01  0.000e+00  0.000e+00  193.235   94.537
 2.2750 -2.22646e+01  9.058e+00 -3.132e+01 -3.497e+01  3.647e+00  0.000e+00  7.687e+00 -4.266e+01  2.882e+00  7.651e-01  0.000e+00  0.000e+00  202.594   95.490
 2.2800 -2.22646e+01  8.076e+00 -3.034e+01 -3.750e+01  7.157e+00  0.000e+00  7.139e+00 -4.464e+01  2.666e+00  4.491e+00  0.000e+00  0.000e+00  180.614   56.338
 2.2850 -2.22651e+01  8.307e+00 -3.057e+01 -3.225e+01  1.683e+00  0.000e+00  6.614e+00 -3.887e+01  1.160e+00  5.230e-01  0.000e+00  0.000e+00  185.778  113.157
 2.2900 -2.22653e+01  8.163e+00 -3.043e+01 -3.517e+01  4.737e+00  0.000e+00  6.235e+00 -4.140e+01  2.892e+00  1.846e+00  0.000e+00  0.000e+00  182.563   36.125
 2.2950 -2.22647e+01  8.124e+00 -3.039e+01 -3.467e+01  4.279e+00  0.000e+00  6.018e+00 -4.069e+01  1.029e+00  3.250e+00  0.000e+00  0.000e+00  181.698  124.184
 2.3000 -2.22639e+01  8.610e+00 -3.087e+01 -3.625e+01  5.375e+00  0.000e+00  5.887e+00 -4.214e+01  4.957e+00  4.187e-01  0.000e+00  0.000e+00  192.560   24.480
 2.3050 -2.22637e+01  9.359e+00 -3.162e+01 -3.524e+01  3.618e+00  0.000e+00  6.033e+00 -4.127e+01  1.764e+00  1.854e+00  0.000e+00  0.000e+00  209.314  131.180
 2.3100 -2.22634e+01  8.037e+00 -3.030e+01 -3.747e+01  7.167e+00  0.000e+00  6.322e+00 -4.379e+01  5.478e+00  1.689e+00  0.000e+00  0.000e+00  179.757   33.443
 2.3150 -2.22634e+01  7.454e+00 -2.972e+01 -3.263e+01  2.910e+00  0.000e+00  6.570e+00 -3.920e+01  1.821e+00  1.089e+00  0.000e+00  0.000e+00  166.710   90.921
 2.3200 -2.22644e+01  8.472e+00 -3.074e+01 -3.747e+01  6.735e+00  0.000e+00  6.876e+00 -4.435e+01  4.130e+00  2.605e+00  0.000e+00  0.000e+00  189.484   62.571
 2.3250 -2.22654e+01  9.203e+00 -3.147e+01 -3.397e+01  2.499e+00  0.000e+00  7.342e+00 -4.131e+01  1.282e+00  1.217e+00  0.000e+00  0.000e+00  205.828   94.809
 2.3300 -2.22656e+01  7.724e+00 -2.999e+01 -3.257e+01  2.585e+00  0.000e+00  7.566e+00 -4.014e+01  1.617e+00  9.685e-01  0.000e+00  0.000e+00  172.741   85.011
 2.3350 -2.22655e+01  7.128e+00 -2.939e+01 -3.516e+01  5.766e+00  0.000e+00  8.089e+00 -4.325e+01  2.062e+00  3.704e+00  0.000e+00  0.000e+00  159.427   56.240
 2.3400 -2.22651e+01  8.055e+00 -3.032e+01 -3.231e+01  1.988e+00  0.000e+00  8.653e+00 -4.096e+01  1.074e+00  9.140e-01  0.000e+00  0.000e+00  180.159  118.486
 2.3450 -2.22639e+01  7.771e+00 -3.003e+01 -3.615e+01  6.111e+00  0.000e+00  9.053e+00 -4.520e+01  5.136e+00  9.746e-01  0.000e+00  0.000e+00  173.802   40.861
 2.3500 -2.22629e+01  7.185e+00 -2.945e+01 -3.531e+01  5.862e+00  0.000e+00  9.743e+00 -4.505e+01  1.908e+00  3.954e+00  0.000e+00  0.000e+00  160.702  121.079
 2.3550 -2.22630e+01  7.650e+00 -2.991e+01 -3.722e+01  7.303e+00  0.000e+00  1.008e+01 -4.729e+01  6.774e+00  5.292e-01  0.000e+00  0.000e+00  171.092   36.416
 2.3600 -2.22634e+01  8.070e+00 -3.033e+01 -3.255e+01  2.212e+00  0.000e+00  1.063e+01 -4.318e+01  1.366e+00  8.465e-01  0.000e+00  0.000e+00  180.493  129.556
 2.3650 -2.22640e+01  8.110e+00 -3.037e+01 -3.970e+01  9.326e+00  0.000e+00  1.075e+01 -5.045e+01  5.554e+00  3.773e+00  0.000e+00  0.000e+00  181.380   49.595
 2.3700 -2.22652e+01  9.383e+00 -3.165e+01 -3.279e+01  1.140e+00  0.000e+00  1.107e+01 -4.386e+01  6.649e-01  4.754e-01  0.000e+00  0.000e+00  209.857  132.424
 2.3750 -2.22659e+01  9.553e+00 -3.182e+01 -3.636e+01  4.541e+00  0.000e+00  1.125e+01 -4.761e+01  3.195e+00  1.346e+00  0.000e+00  0.000e+00  213.648   88.661
 2.3800 -2.22654e+01  8.533e+00 -3.080e+01 -3.583e+01  5.031e+00  0.000e+00  1.155e+01 -4.738e+01  1.227e+00  3.805e+00  0.000e+00  0.000e+00  190.838  110.369
 2.3850 -2.22649e+01  9.186e+00 -3.145e+01 -3.429e+01  2.841e+00  0.000e+00  1.196e+01 -4.625e+01  2.576e+00  2.649e-01  0.000e+00  0.000e+00  205.452  107.515
 2.3900 -2.22645e+01  1.018e+01 -3.245e+01 -3.897e+01  6.528e+00  0.000e+00  1.256e+01 -5.154e+01  4.145e+00  2.383e+00  0.000e+00  0.000e+00  227.706  105.170
 2.3950 -2.22637e+01  9.055e+00 -3.132e+01 -3.623e+01  4.913e+00  0.000e+00  1.298e+01 -4.921e+01  2.553e+00  2.360e+00  0.000e+00  0.000e+00  202.512  129.886
 2.4000 -2.22632e+01  7.244e+00 -2.951e+01 -3.647e+01  6.961e+00  0.000e+00  1.323e+01 -4.970e+01  6.212e+00  7.492e-01  0.000e+00  0.000e+00  162.003   52.863
 2.4050 -2.22639e+01  7.637e+00 -2.990e+01 -3.350e+01  3.601e+00  0.000e+00  1.340e+01 -4.690e+01  1.411e+00  2.189e+00  0.000e+00  0.000e+00  170.797  134.803
 2.4100 -2.22646e+01  8.041e+00 -3.031e+01 -3.743e+01  7.122e+00  0.000e+00  1.278e+01 -5.021e+01  5.875e+00  1.247e+00  0.000e+00  0.000e+00  179.847   51.915
 2.4150 -2.22647e+01  7.881e+00 -3.015e+01 -3.149e+01  1.341e+00  0.000e+00  1.196e+01 -4.345e+01  3.603e-01  9.811e-01  0.000e+00  0.000e+00  176.254  133.214
 2.4200 -2.22648e+01  8.364e+00 -3.063e+01 -3.863e+01  8.000e+00  0.000e+00  1.080e+01 -4.943e+01  4.528e+00  3.472e+00  0.000e+00  0.000e+00  187.061   52.532
 2.4250 -2.22649e+01  1.007e+01 -3.234e+01 -3.419e+01  1.852e+00  0.000e+00  9.450e+00 -4.364e+01  1.186e+00  6.659e-01  0.000e+00  0.000e+00  225.279  142.397
 2.4300 -2.22643e+01  9.529e+00 -3.179e+01 -3.696e+01  5.170e+00  0.000e+00  8.110e+00 -4.507e+01  4.224e+00  9.460e-01  0.000e+00  0.000e+00  213.120   64.486
 2.4350 -2.22637e+01  8.347e+00 -3.061e+01 -3.726e+01  6.645e+00  0.000e+00  7.241e+00 -4.450e+01  2.694e+00  3.951e+00  0.000e+00  0.000e+00  186.692   98.994
 2.4400 -2.22641e+01  8.205e+00 -3.047e+01 -3.368e+01  3.212e+00  0.000e+00  6.590e+00 -4.027e+01  2.838e+00  3.737e-01  0.000e+00  0.000e+00  183.512   72.500
 2.4450 -2.22645e+01  7.956e+00 -3.022e+01 -3.476e+01  4.543e+00  0.000e+00  6.159e+00 -4.092e+01  3.404e+00  1.139e+00  0.000e+00  0.000e+00  177.941   67.160
 2.4500 -2.22647e+01  7.677e+00 -2.994e+01 -3.459e+01  4.646e+00  0.000e+00  6.031e+00 -4.062e+01  9.279e-01  3.718e+00  0.000e+00  0.000e+00  171.689   93.084
 2.4550 -2.22652e+01  8.401e+00 -3.067e+01 -3.463e+01  3.965e+00  0.000e+00  5.940e+00 -4.057e+01  3.602e+00  3.627e-01  0.000e+00  0.000e+00  187.892   44.975
 2.4600 -2.22652e+01  8.652e+00 -3.092e+01 -3.299e+01  2.074e+00  0.000e+00  6.122e+00 -3.911e+01  4.873e-01  1.587e+00  0.000e+00  0.000e+00  193.498  124.890
 2.4650 -2.22643e+01  6.855e+00 -2.912e+01 -3.671e+01  7.587e+00  0.000e+00  6.453e+00 -4.316e+01  4.271e+00  3.317e+00  0.000e+00  0.000e+00  153.315   16.225
 2.4700 -2.22636e+01  6.575e+00 -2.884e+01 -3.131e+01  2.471e+00  0.000e+00  6.818e+00 -3.813e+01  1.641e+00  8.303e-01  0.000e+00  0.000e+00  147.059  107.069
 2.4750 -2.22636e+01  6.701e+00 -2.896e+01 -3.614e+01  7.175e+00  0.000e+00  7.259e+00 -4.340e+01  4.990e+00  2.185e+00  0.000e+00  0.000e+00  149.867   16.650
 2.4800 -2.22635e+01  6.401e+00 -2.866e+01 -3.267e+01  4.008e+00  0.000e+00  7.663e+00 -4.034e+01  2.586e+00  1.422e+00  0.000e+00  0.000e+00  143.170  100.758
 2.4850 -2.22638e+01  6.073e+00 -2.834e+01 -3.324e+01  4.900e+00  0.000e+00  7.916e+00 -4.115e+01  3.734e+00  1.166e+00  0.000e+00  0.000e+00  135.830   23.577
 2.4900 -2.22651e+01  7.882e+00 -3.015e+01 -3.462e+01  4.469e+00  0.000e+00  7.945e+00 -4.256e+01  2.320e+00  2.149e+00  0.000e+00  0.000e+00  176.294   94.910
 2.4950 -2.22659e+01  9.238e+00 -3.150e+01 -3.399e+01  2.489e+00  0.000e+00  7.840e+00 -4.183e+01  1.528e+00  9.600e-01  0.000e+00  0.000e+00  206.600   91.249
 2.5000 -2.22655e+01  8.181e+00 -3.045e+01 -3.388e+01  3.437e+00  0.000e+00  7.534e+00 -4.142e+01  2.456e+00  9.809e-01  0.000e+00  0.000e+00  182.962   63.527
 2.5050 -2.22651e+01  7.704e+00 -2.997e+01 -3.425e+01  4.278e+00  0.000e+00  7.276e+00 -4.152e+01  1.026e+00  3.252e+00  0.000e+00  0.000e+00  172.310  109.774
 2.5100 -2.22646e+01  8.273e+00 -3.054e+01 -3.522e+01  4.684e+00  0.000e+00  6.998e+00 -4.222e+01  4.032e+00  6.529e-01  0.000e+00  0.000e+00  185.034   40.095
 2.5150 -2.22634e+01  8.330e+00 -3.059e+01 -3.385e+01  3.252e+00  0.000e+00  6.895e+00 -4.074e+01  2.061e+00  1.191e+00  0.000e+00  0.000e+00  186.306  127.202
 2.5200 -2.22627e+01  8.307e+00 -3.057e+01 -4.057e+01  9.997e+00  0.000e+00  6.867e+00 -4.743e+01  5.571e+00  4.427e+00  0.000e+00  0.000e+00  185.788   21.626
 2.5250 -2.22634e+01  9.208e+00 -3.147e+01 -3.420e+01  2.728e+00  0.000e+00  7.021e+00 -4.122e+01  2.213e+00  5.157e-01  0.000e+00  0.000e+00  205.948  137.633
 2.5300 -2.22641e+01  8.694e+00 -3.096e+01 -3.636e+01  5.401e+00  0.000e+00  7.499e+00 -4.386e+01  4.303e+00  1.098e+00  0.000e+00  0.000e+00  194.444   38.462
 2.5350 -2.22647e+01  8.218e+00 -3.048e+01 -3.533e+01  4.850e+00  0.000e+00  8.039e+00 -4.337e+01  1.204e+00  3.645e+00  0.000e+00  0.000e+00  183.799  119.837
 2.5400 -2.22658e+01  9.931e+00 -3.220e+01 -3.499e+01  2.796e+00  0.000e+00  8.872e+00 -4.387e+01  2.349e+00  4.464e-01  0.000e+00  0.000e+00  222.119   80.546
 2.5450 -2.22662e+01  1.159e+01 -3.385e+01 -3.675e+01  2.898e+00  0.000e+00  9.949e+00 -4.670e+01  1.609e+00  1.289e+00  0.000e+00  0.000e+00  259.162  133.361
 2.5500 -2.22653e+01  1.030e+01 -3.257e+01 -3.813e+01  5.560e+00  0.000e+00  1.105e+01 -4.918e+01  1.951e+00  3.609e+00  0.000e+00  0.000e+00  230.472  122.550
 2.5550 -2.22643e+01  7.944e+00 -3.021e+01 -3.461e+01  4.400e+00  0.000e+00  1.197e+01 -4.658e+01  3.991e+00  4.089e-01  0.000e+00  0.000e+00  177.660   68.847
 2.5600 -2.22637e+01  6.728e+00 -2.899e+01 -3.346e+01  4.470e+00  0.000e+00  1.278e+01 -4.624e+01  2.419e+00  2.052e+00  0.000e+00  0.000e+00  150.472  125.886
 2.5650 -2.22631e+01  5.992e+00 -2.826e+01 -3.625e+01  7.997e+00  0.000e+00  1.307e+01 -4.932e+01  5.517e+00  2.480e+00  0.000e+00  0.000e+00  134.023   27.836
 2.5700 -2.22631e+01  7.254e+00 -2.952e+01 -3.289e+01  3.374e+00  0.000e+00  1.279e+01 -4.568e+01  2.147e+00  1.227e+00  0.000e+00  0.000e+00  162.239  136.282
 2.5750 -2.22642e+01  9.016e+00 -3.128e+01 -3.916e+01  7.881e+00  0.000e+00  1.233e+01 -5.149e+01  5.435e+00  2.446e+00  0.000e+00  0.000e+00  201.636   48.571
 2.5800 -2.22651e+01  9.534e+00 -3.180e+01 -3.381e+01  2.007e+00  0.000e+00  1.170e+01 -4.551e+01  1.100e+00  9.068e-01  0.000e+00  0.000e+00  213.236  159.229
 2.5850 -2.22651e+01  8.852e+00 -3.112e+01 -3.649e+01  5.376e+00  0.000e+00  1.127e+01 -4.776e+01  4.070e+00  1.306e+00  0.000e+00  0.000e+00  197.972   53.719
 2.5900 -2.22654e+01  9.983e+00 -3.225e+01 -3.600e+01  3.751e+00  0.000e+00  1.120e+01 -4.720e+01  8.651e-01  2.886e+00  0.000e+00  0.000e+00  223.273  145.913
 2.5950 -2.22652e+01  1.070e+01 -3.296e+01 -3.740e+01  4.436e+00  0.000e+00  1.116e+01 -4.855e+01  3.818e+00  6.184e-01  0.000e+00  0.000e+00  239.251  101.038
 2.6000 -2.22641e+01  8.469e+00 -3.073e+01 -3.479e+01  4.055e+00  0.000e+00  1.124e+01 -4.603e+01  2.500e+00  1.555e+00  0.000e+00  0.000e+00  189.421   97.447
 2.6050 -2.22636e+01  6.475e+00 -2.874e+01 -3.651e+01  7.766e+00  0.000e+00  1.121e+01 -4.771e+01  3.507e+00  4.260e+00  0.000e+00  0.000e+00  144.817   91.098
 2.6100 -2.22639e+01  6.904e+00 -2.917e+01 -3.308e+01  3.909e+00  0.000e+00  1.121e+01 -4.428e+01  3.617e+00  2.919e-01  0.000e+00  0.000e+00  154.419   55.087
 2.6150 -2.22641e+01  7.854e+00 -3.012e+01 -3.396e+01  3.845e+00  0.000e+00  1.075e+01 -4.472e+01  2.534e+00  1.311e+00  0.000e+00  0.000e+00  175.652  123.393
 2.6200 -2.22643e+01  8.424e+00 -3.069e+01 -3.893e+01  8.239e+00  0.000e+00  1.041e+01 -4.934e+01  4.262e+00  3.977e+00  0.000e+00  0.000e+00  188.406   44.569
 2.6250 -2.22650e+01  9.826e+00 -3.209e+01 -3.337e+01  1.280e+00  0.000e+00  9.723e+00 -4.309e+01  8.064e-01  4.738e-01  0.000e+00  0.000e+00  219.763  147.893
 2.6300 -2.22652e+01  9.419e+00 -3.168e+01 -3.722e+01  5.535e+00  0.000e+00  8.875e+00 -4.609e+01  4.271e+00  1.264e+00  0.000e+00  0.000e+00  210.666   53.934
 2.6350 -2.22644e+01  8.365e+00 -3.063e+01 -3.417e+01  3.538e+00  0.000e+00  8.067e+00 -4.223e+01  7.434e-01  2.794e+00  0.000e+00  0.000e+00  187.096  124.024
 2.6400 -2.22640e+01  8.508e+00 -3.077e+01 -3.636e+01  5.593e+00  0.000e+00  7.076e+00 -4.344e+01  4.875e+00  7.177e-01  0.000e+00  0.000e+00  190.280   47.103
 2.6450 -2.22640e+01  9.060e+00 -3.132e+01 -3.529e+01  3.965e+00  0.000e+00  6.451e+00 -4.174e+01  1.826e+00  2.139e+00  0.000e+00  0.000e+00  202.626  106.939
 2.6500 -2.22637e+01  7.494e+00 -2.976e+01 -3.613e+01  6.368e+00  0.000e+00  5.805e+00 -4.193e+01  4.237e+00  2.131e+00  0.000e+00  0.000e+00  167.608   55.939
 2.6550 -2.22639e+01  6.632e+00 -2.890e+01 -3.253e+01  3.631e+00  0.000e+00  5.519e+00 -3.805e+01  2.515e+00  1.116e+00  0.000e+00  0.000e+00  148.317   51.757
 2.6600 -2.22649e+01  8.400e+00 -3.066e+01 -3.534e+01  4.676e+00  0.000e+00  5.293e+00 -4.063e+01  2.105e+00  2.570e+00  0.000e+00  0.000e+00  187.870   89.268
 2.6650 -2.22655e+01  9.437e+00 -3.170e+01 -3.518e+01  3.479e+00  0.000e+00  5.279e+00 -4.046e+01  2.550e+00  9.294e-01  0.000e+00  0.000e+00  211.067   61.235
 2.6700 -2.22652e+01  8.526e+00 -3.079e+01 -3.314e+01  2.351e+00  0.000e+00  5.442e+00 -3.858e+01  7.886e-01  1.563e+00  0.000e+00  0.000e+00  190.692  105.300
 2.6750 -2.22649e+01  7.627e+00 -2.989e+01 -3.612e+01  6.228e+00  0.000e+00  5.666e+00 -4.179e+01  3.438e+00  2.790e+00  0.000e+00  0.000e+00  170.589   36.118
 2.6800 -2.22645e+01  7.456e+00 -2.972e+01 -3.139e+01  1.664e+00  0.000e+00  5.942e+00 -3.733e+01  1.136e+00  5.281e-01  0.000e+00  0.000e+00  166.760  108.648
 2.6850 -2.22636e+01  6.414e+00 -2.868e+01 -3.469e+01  6.010e+00  0.000e+00  6.294e+00 -4.098e+01  4.928e+00  1.082e+00  0.000e+00  0.000e+00  143.458   18.695
 2.6900 -2.22631e+01  6.347e+00 -2.861e+01 -3.428e+01  5.669e+00  0.000e+00  6.785e+00 -4.106e+01  1.907e+00  3.761e+00  0.000e+00  0.000e+00  141.949   91.519
 2.6950 -2.22639e+01  7.549e+00 -2.981e+01 -3.506e+01  5.250e+00  0.000e+00  7.193e+00 -4.226e+01  4.816e+00  4.347e-01  0.000e+00  0.000e+00  168.843   41.558
 2.7000 -2.22644e+01  7.466e+00 -2.973e+01 -3.250e+01  2.766e+00  0.000e+00  7.823e+00 -4.032e+01  1.653e+00  1.113e+00  0.000e+00  0.000e+00  166.989   92.484
 2.7050 -2.22648e+01  7.007e+00 -2.927e+01 -3.598e+01  6.711e+00  0.000e+00  8.226e+00 -4.421e+01  2.745e+00  3.966e+00  0.000e+00  0.000e+00  156.714   61.001
 2.7100 -2.22656e+01  8.858e+00 -3.112e+01 -3.328e+01  2.155e+00  0.000e+00  8.647e+00 -4.193e+01  1.809e+00  3.460e-01  0.000e+00  0.000e+00  198.120   90.280
 2.7150 -2.22658e+01  1.071e+01 -3.298e+01 -3.576e+01  2.781e+00  0.000e+00  9.043e+00 -4.480e+01  1.534e+00  1.247e+00  0.000e+00  0.000e+00  239.602  123.771
 2.7200 -2.22648e+01  9.513e+00 -3.178e+01 -3.865e+01  6.868e+00  0.000e+00  9.408e+00 -4.805e+01  3.715e+00  3.152e+00  0.000e+00  0.000e+00  212.750   79.867
 2.7250 -2.22640e+01  8.474e+00 -3.074e+01 -3.329e+01  2.548e+00  0.000e+00  9.687e+00 -4.297e+01  1.467e+00  1.080e+00  0.000e+00  0.000e+00  189.524  115.082
 2.7300 -2.22639e+01  8.170e+00 -3.043e+01 -3.753e+01  7.096e+00  0.000e+00  1.015e+01 -4.768e+01  5.434e+00  1.662e+00  0.000e+00  0.000e+00  182.727   60.841
 2.7350 -2.22637e+01  8.070e+00 -3.033e+01 -3.326e+01  2.923e+00  0.000e+00  1.093e+01 -4.419e+01  1.351e+00  1.572e+00  0.000e+00  0.000e+00  180.481  126.701
 2.7400 -2.22637e+01  8.693e+00 -3.096e+01 -3.803e+01  7.073e+00  0.000e+00  1.126e+01 -4.929e+01  5.691e+00  1.383e+00  0.000e+00  0.000e+00  194.430   55.649
 2.7450 -2.22647e+01  1.033e+01 -3.260e+01 -3.692e+01  4.326e+00  0.000e+00  1.225e+01 -4.917e+01  1.190e+00  3.136e+00  0.000e+00  0.000e+00  231.091  152.824
 2.7500 -2.22652e+01  9.767e+00 -3.203e+01 -3.730e+01  5.270e+00  0.000e+00  1.283e+01 -5.013e+01  4.130e+00  1.140e+00  0.000e+00  0.000e+00  218.448   83.906
 2.7550 -2.22647e+01  6.630e+00 -2.890e+01 -3.219e+01  3.292e+00  0.000e+00  1.321e+01 -4.540e+01  1.564e+00  1.728e+00  0.000e+00  0.000e+00  148.293  109.769
 2.7600 -2.22647e+01  6.260e+00 -2.852e+01 -3.489e+01  6.368e+00  0.000e+00  1.332e+01 -4.821e+01  2.684e+00  3.684e+00  0.000e+00  0.000e+00  140.013   69.588
 2.7650 -2.22649e+01  8.537e+00 -3.080e+01 -3.447e+01  3.672e+00  0.000e+00  1.275e+01 -4.723e+01  3.258e+00  4.145e-01  0.000e+00  0.000e+00  190.935  111.615
 2.7700 -2.22643e+01  9.733e+00 -3.200e+01 -3.565e+01  3.650e+00  0.000e+00  1.206e+01 -4.771e+01  2.484e+00  1.167e+00  0.000e+00  0.000e+00  217.673  111.800
 2.7750 -2.22638e+01  8.992e+00 -3.126e+01 -3.970e+01  8.440e+00  0.000e+00  1.108e+01 -5.078e+01  4.551e+00  3.890e+00  0.000e+00  0.000e+00  201.102   84.757
 2.7800 -2.22644e+01  8.968e+00 -3.123e+01 -3.337e+01  2.134e+00  0.000e+00  1.047e+01 -4.384e+01  1.748e+00  3.854e-01  0.000e+00  0.000e+00  200.568  121.221
 2.7850 -2.22645e+01  7.849e+00 -3.011e+01 -3.541e+01  5.293e+00  0.000e+00  9.911e+00 -4.532e+01  4.323e+00  9.705e-01  0.000e+00  0.000e+00  175.540   54.813
 2.7900 -2.22643e+01  7.464e+00 -2.973e+01 -3.453e+01  4.798e+00  0.000e+00  9.507e+00 -4.403e+01  1.014e+00  3.784e+00  0.000e+00  0.000e+00  166.928  117.081
 2.7950 -2.22647e+01  9.267e+00 -3.153e+01 -3.636e+01  4.827e+00  0.000e+00  9.390e+00 -4.575e+01  4.363e+00  4.640e-01  0.000e+00  0.000e+00  207.270   53.293
 2.8000 -2.22649e+01  9.501e+00 -3.177e+01 -3.481e+01  3.045e+00  0.000e+00  9.395e+00 -4.421e+01  1.488e+00  1.557e+00  0.000e+00  0.000e+00  212.485  143.212
 2.8050 -2.22640e+01  6.664e+00 -2.893e+01 -3.588e+01  6.951e+00  0.000e+00  9.344e+00 -4.522e+01  3.995e+00  2.956e+00  0.000e+00  0.000e+00  149.034   35.172
 2.8100 -2.22635e+01  5.504e+00 -2.777e+01 -3.121e+01  3.443e+00  0.000e+00  9.143e+00 -4.035e+01  2.488e+00  9.550e-01  0.000e+00  0.000e+00  123.097   88.756
 2.8150 -2.22641e+01  7.608e+00 -2.987e+01 -3.547e+01  5.594e+00  0.000e+00  8.761e+00 -4.423e+01  3.478e+00  2.115e+00  0.000e+00  0.000e+00  170.159   60.564
 2.8200 -2.22643e+01  9.133e+00 -3.140e+01 -3.643e+01  5.029e+00  0.000e+00  8.069e+00 -4.449e+01  3.069e+00  1.959e+00  0.000e+00  0.000e+00  204.263   96.214
 2.8250 -2.22643e+01  8.582e+00 -3.085e+01 -3.428e+01  3.433e+00  0.000e+00  7.392e+00 -4.167e+01  2.260e+00  1.173e+00  0.000e+00  0.000e+00  191.948   82.810
 2.8300 -2.22650e+01  8.130e+00 -3.039e+01 -3.621e+01  5.817e+00  0.000e+00  6.818e+00 -4.303e+01  2.767e+00  3.051e+00  0.000e+00  0.000e+00  181.822   62.046
 2.8350 -2.22656e+01  8.346e+00 -3.061e+01 -3.200e+01  1.391e+00  0.000e+00  6.261e+00 -3.826e+01  6.666e-01  7.241e-01  0.000e+00  0.000e+00  186.654  110.657
 2.8400 -2.22648e+01  7.440e+00 -2.970e+01 -3.466e+01  4.959e+00  0.000e+00  5.838e+00 -4.050e+01  3.368e+00  1.591e+00  0.000e+00  0.000e+00  166.390   26.965
 2.8450 -2.22641e+01  7.713e+00 -2.998e+01 -3.467e+01  4.689e+00  0.000e+00  5.640e+00 -4.031e+01  1.442e+00  3.247e+00  0.000e+00  0.000e+00  172.511  114.261
 2.8500 -2.22640e+01  8.968e+00 -3.123e+01 -3.623e+01  4.995e+00  0.000e+00  5.447e+00 -4.167e+01  4.536e+00  4.585e-01  0.000e+00  0.000e+00  200.579   34.538
 2.8550 -2.22633e+01  7.930e+00 -3.019e+01 -3.401e+01  3.812e+00  0.000e+00  5.435e+00 -3.944e+01  2.584e+00  1.228e+00  0.000e+00  0.000e+00  177.353  108.557
 2.8600 -2.22630e+01  6.513e+00 -2.878e+01 -3.618e+01  7.402e+00  0.000e+00  5.683e+00 -4.186e+01  4.128e+00  3.274e+00  0.000e+00  0.000e+00  145.667   19.697
 2.8650 -2.22641e+01  7.766e+00 -3.003e+01 -3.292e+01  2.889e+00  0.000e+00  5.865e+00 -3.878e+01  2.412e+00  4.770e-01  0.000e+00  0.000e+00  173.685   93.652
 2.8700 -2.22652e+01  9.365e+00 -3.163e+01 -3.499e+01  3.361e+00  0.000e+00  6.356e+00 -4.135e+01  2.268e+00  1.092e+00  0.000e+00  0.000e+00  209.452   73.577
 2.8750 -2.22653e+01  9.591e+00 -3.186e+01 -3.743e+01  5.577e+00  0.000e+00  7.009e+00 -4.444e+01  1.862e+00  3.716e+00  0.000e+00  0.000e+00  214.500   90.207
 2.8800 -2.22656e+01  1.005e+01 -3.232e+01 -3.419e+01  1.866e+00  0.000e+00  7.432e+00 -4.162e+01  1.368e+00  4.977e-01  0.000e+00  0.000e+00  224.861  109.725
 2.8850 -2.22656e+01  8.759e+00 -3.102e+01 -3.521e+01  4.189e+00  0.000e+00  8.011e+00 -4.322e+01  2.532e+00  1.657e+00  0.000e+00  0.000e+00  195.888   67.904
 2.8900 -2.22643e+01  6.038e+00 -2.830e+01 -3.227e+01  3.969e+00  0.000e+00  8.571e+00 -4.084e+01  1.655e+00  2.314e+00  0.000e+00  0.000e+00  135.050  103.252
 2.8950 -2.22631e+01  5.666e+00 -2.793e+01 -3.337e+01  5.441e+00  0.000e+00  9.032e+00 -4.240e+01  4.310e+00  1.132e+00  0.000e+00  0.000e+00  126.732   15.213
 2.9000 -2.22633e+01  8.620e+00 -3.088e+01 -3.643e+01  5.547e+00  0.000e+00  9.468e+00 -4.590e+01  2.925e+00  2.622e+00  0.000e+00  0.000e+00  192.792  137.185
 2.9050 -2.22636e+01  9.216e+00 -3.148e+01 -3.806e+01  6.578e+00  0.000e+00  1.006e+01 -4.811e+01  5.025e+00  1.553e+00  0.000e+00  0.000e+00  206.110   50.660
 2.9100 -2.22636e+01  7.469e+00 -2.973e+01 -3.316e+01  3.430e+00  0.000e+00  1.032e+01 -4.348e+01  2.198e+00  1.232e+00  0.000e+00  0.000e+00  167.045  117.703
 2.9150 -2.22647e+01  7.786e+00 -3.005e+01 -3.668e+01  6.629e+00  0.000e+00  1.066e+01 -4.734e+01  3.341e+00  3.288e+00  0.000e+00  0.000e+00  174.136   58.658
 2.9200 -2.22658e+01  1.022e+01 -3.248e+01 -3.437e+01  1.892e+00  0.000e+00  1.091e+01 -4.528e+01  1.397e+00  4.956e-01  0.000e+00  0.000e+00  228.499  132.595
 2.9250 -2.22654e+01  1.023e+01 -3.249e+01 -3.678e+01  4.290e+00  0.000e+00  1.133e+01 -4.811e+01  2.861e+00  1.429e+00  0.000e+00  0.000e+00  228.733  104.391
 2.9300 -2.22648e+01  9.026e+00 -3.129e+01 -3.748e+01  6.193e+00  0.000e+00  1.192e+01 -4.940e+01  2.324e+00  3.869e+00  0.000e+00  0.000e+00  201.871   98.424
 2.9350 -2.22647e+01  9.055e+00 -3.132e+01 -3.407e+01  2.750e+00  0.000e+00  1.238e+01 -4.645e+01  2.454e+00  2.959e-01  0.000e+00  0.000e+00  202.515  129.556
 2.9400 -2.22639e+01  8.231e+00 -3.050e+01 -3.595e+01  5.455e+00  0.000e+00  1.298e+01 -4.893e+01  4.184e+00  1.272e+00  0.000e+00  0.000e+00  184.093   69.199
 2.9450 -2.22630e+01  7.910e+00 -3.017e+01 -3.664e+01  6.464e+00  0.000e+00  1.323e+01 -4.986e+01  2.417e+00  4.047e+00  0.000e+00  0.000e+00  176.905  133.617
 2.9500 -2.22636e+01  9.339e+00 -3.160e+01 -3.786e+01  6.256e+00  0.000e+00  1.330e+01 -5.116e+01  5.889e+00  3.666e-01  0.000e+00  0.000e+00  208.863   62.047
 2.9550 -2.22645e+01  9.693e+00 -3.196e+01 -3.472e+01  2.768e+00  0.000e+00  1.340e+01 -4.813e+01  1.567e+00  1.200e+00  0.000e+00  0.000e+00  216.780  159.755
 2.9600 -2.22644e+01  6.841e+00 -2.911e+01 -3.705e+01  7.940e+00  0.000e+00  1.290e+01 -4.995e+01  4.543e+00  3.397e+00  0.000e+00  0.000e+00  152.998   43.799
 2.9650 -2.22646e+01  6.666e+00 -2.893e+01 -3.072e+01  1.793e+00  0.000e+00  1.196e+01 -4.268e+01  8.852e-01  9.078e-01  0.000e+00  0.000e+00  149.085  115.069
 2.9700 -2.22654e+01  9.645e+00 -3.191e+01 -3.763e+01  5.722e+00  0.000e+00  1.059e+01 -4.823e+01  3.667e+00  2.056e+00  0.000e+00  0.000e+00  215.714   84.738
 2.9750 -2.22649e+01  1.055e+01 -3.282e+01 -3.668e+01  3.868e+00  0.000e+00  9.177e+00 -4.586e+01  1.554e+00  2.314e+00  0.000e+00  0.000e+00  235.982  123.776
 2.9800 -2.22639e+01  9.075e+00 -3.134e+01 -3.583e+01  4.492e+00  0.000e+00  7.981e+00 -4.381e+01  3.369e+00  1.123e+00  0.000e+00  0.000e+00  202.956   85.965
 2.9850 -2.22641e+01  9.101e+00 -3.137e+01 -3.719e+01  5.822e+00  0.000e+00  7.292e+00 -4.448e+01  2.951e+00  2.871e+00  0.000e+00  0.000e+00  203.549   80.972
 2.9900 -2.22644e+01  9.742e+00 -3.201e+01 -3.529e+01  3.279e+00  0.000e+00  6.823e+00 -4.211e+01  2.310e+00  9.689e-01  0.000e+00  0.000e+00  217.884  114.827
 2.9950 -2.22640e+01  8.721e+00 -3.098e+01 -3.632e+01  5.333e+00  0.000e+00  6.559e+00 -4.288e+01  3.917e+00  1.416e+00  0.000e+00  0.000e+00  195.038   46.109
 3.0000 -2.22644e+01  8.483e+00 -3.075e+01 -3.541e+01  4.658e+00  0.000e+00  6.711e+00 -4.212e+01  1.247e+00  3.412e+00  0.000e+00  0.000e+00  189.715  115.233
