# energy [kcal/mol] of he2 vs. time [ps] (0.0000 ps of eq)
#
#  time      e_total      e_kin      e_pot  e_nonbond   e_bonded e_boundary      e_vdw     e_elst     e_bond    e_angle     e_tors      e_oop     temp    press
 0.0000 -1.80006e-03  5.962e-13 -1.800e-03 -1.800e-03  0.000e+00  0.000e+00 -1.800e-03  0.000e+00  0.000e+00  0.000e+00  0.000e+00  0.000e+00    0.000   -0.028
 0.0200 -1.80006e-03  3.785e-07 -1.800e-03 -1.800e-03  0.000e+00  0.000e+00 -1.800e-03  0.000e+00  0.000e+00  0.000e+00  0.000e+00  0.000e+00    0.000   -0.028
 0.0400 -1.80006e-03  1.477e-06 -1.802e-03 -1.802e-03  0.000e+00  0.000e+00 -1.802e-03  0.000e+00  0.000e+00  0.000e+00  0.000e+00  0.000e+00    0.000   -0.028
 0.0600 -1.80006e-03  3.297e-06 -1.803e-03 -1.803e-03  0.000e+00  0.000e+00 -1.803e-03  0.000e+00  0.000e+00  0.000e+00  0.000e+00  0.000e+00    0.001   -0.028
 0.0800 -1.80006e-03  5.843e-06 -1.806e-03 -1.806e-03  0.000e+00  0.000e+00 -1.806e-03  0.000e+00  0.000e+00  0.000e+00  0.000e+00  0.000e+00    0.001   -0.028
 0.1000 -1.80006e-03  9.119e-06 -1.809e-03 -1.809e-03  0.000e+00  0.000e+00 -1.809e-03  0.000e+00  0.000e+00  0.000e+00  0.000e+00  0.000e+00    0.002   -0.028
 0.1200 -1.80006e-03  1.313e-05 -1.813e-03 -1.813e-03  0.000e+00  0.000e+00 -1.813e-03  0.000e+00  0.000e+00  0.000e+00  0.000e+00  0.000e+00    0.002   -0.028
 0.1400 -1.80006e-03  1.788e-05 -1.818e-03 -1.818e-03  0.000e+00  0.000e+00 -1.818e-03  0.000e+00  0.000e+00  0.000e+00  0.000e+00  0.000e+00    0.003   -0.028
 0.1600 -1.80006e-03  2.339e-05 -1.823e-03 -1.823e-03  0.000e+00  0.000e+00 -1.823e-03  0.000e+00  0.000e+00  0.000e+00  0.000e+00  0.000e+00    0.004   -0.028
 0.1800 -1.80006e-03  2.966e-05 -1.830e-03 -1.830e-03  0.000e+00  0.000e+00 -1.830e-03  0.000e+00  0.000e+00  0.000e+00  0.000e+00  0.000e+00    0.005   -0.028
 0.2000 -1.80006e-03  3.670e-05 -1.837e-03 -1.837e-03  0.000e+00  0.000e+00 -1.837e-03  0.000e+00  0.000e+00  0.000e+00  0.000e+00  0.000e+00    0.006   -0.029
 0.2200 -1.80006e-03  4.453e-05 -1.845e-03 -1.845e-03  0.000e+00  0.000e+00 -1.845e-03  0.000e+00  0.000e+00  0.000e+00  0.000e+00  0.000e+00    0.007   -0.029
 0.2400 -1.80006e-03  5.315e-05 -1.853e-03 -1.853e-03  0.000e+00  0.000e+00 -1.853e-03  0.000e+00  0.000e+00  0.000e+00  0.000e+00  0.000e+00    0.009   -0.029
 0.2600 -1.80006e-03  6.260e-05 -1.863e-03 -1.863e-03  0.000e+00  0.000e+00 -1.863e-03  0.000e+00  0.000e+00  0.000e+00  0.000e+00  0.000e+00    0.011   -0.029
 0.2800 -1.80006e-03  7.288e-05 -1.873e-03 -1.873e-03  0.000e+00  0.000e+00 -1.873e-03  0.000e+00  0.000e+00  0.000e+00  0.000e+00  0.000e+00    0.012   -0.029
 0.3000 -1.80006e-03  8.401e-05 -1.884e-03 -1.884e-03  0.000e+00  0.000e+00 -1.884e-03  0.000e+00  0.000e+00  0.000e+00  0.000e+00  0.000e+00    0.014   -0.029
 0.3200 -1.80006e-03  9.602e-05 -1.896e-03 -1.896e-03  0.000e+00  0.000e+00 -1.896e-03  0.000e+00  0.000e+00  0.000e+00  0.000e+00  0.000e+00    0.016   -0.029
 0.3400 -1.80006e-03  1.089e-04 -1.909e-03 -1.909e-03  0.000e+00  0.000e+00 -1.909e-03  0.000e+00  0.000e+00  0.000e+00  0.000e+00  0.000e+00    0.018   -0.029
 0.3600 -1.80006e-03  1.228e-04 -1.923e-03 -1.923e-03  0.000e+00  0.000e+00 -1.923e-03  0.000e+00  0.000e+00  0.000e+00  0.000e+00  0.000e+00    0.021   -0.029
 0.3800 -1.80006e-03  1.376e-04 -1.938e-03 -1.938e-03  0.000e+00  0.000e+00 -1.938e-03  0.000e+00  0.000e+00  0.000e+00  0.000e+00  0.000e+00    0.023   -0.029
 0.4000 -1.80006e-03  1.533e-04 -1.953e-03 -1.953e-03  0.000e+00  0.000e+00 -1.953e-03  0.000e+00  0.000e+00  0.000e+00  0.000e+00  0.000e+00    0.026   -0.029
 0.4200 -1.80006e-03  1.701e-04 -1.970e-03 -1.970e-03  0.000e+00  0.000e+00 -1.970e-03  0.000e+00  0.000e+00  0.000e+00  0.000e+00  0.000e+00    0.029   -0.029
 0.4400 -1.80006e-03  1.879e-04 -1.988e-03 -1.988e-03  0.000e+00  0.000e+00 -1.988e-03  0.000e+00  0.000e+00  0.000e+00  0.000e+00  0.000e+00    0.032   -0.029
 0.4600 -1.80006e-03  2.068e-04 -2.007e-03 -2.007e-03  0.000e+00  0.000e+00 -2.007e-03  0.000e+00  0.000e+00  0.000e+00  0.000e+00  0.000e+00    0.035   -0.029
 0.4800 -1.80006e-03  2.269e-04 -2.027e-03 -2.027e-03  0.000e+00  0.000e+00 -2.027e-03  0.000e+00  0.000e+00  0.000e+00  0.000e+00  0.000e+00    0.038   -0.029
 0.5000 -1.80006e-03  2.481e-04 -2.048e-03 -2.048e-03  0.000e+00  0.000e+00 -2.048e-03  0.000e+00  0.000e+00  0.000e+00  0.000e+00  0.000e+00    0.042   -0.029
 0.5200 -1.80006e-03  2.705e-04 -2.071e-03 -2.071e-03  0.000e+00  0.000e+00 -2.071e-03  0.000e+00  0.000e+00  0.000e+00  0.000e+00  0.000e+00    0.045   -0.029
 0.5400 -1.80006e-03  2.942e-04 -2.094e-03 -2.094e-03  0.000e+00  0.000e+00 -2.094e-03  0.000e+00  0.000e+00  0.000e+00  0.000e+00  0.000e+00    0.049   -0.029
 0.5600 -1.80006e-03  3.192e-04 -2.119e-03 -2.119e-03  0.000e+00  0.000e+00 -2.119e-03  0.000e+00  0.000e+00  0.000e+00  0.000e+00  0.000e+00    0.054   -0.030
 0.5800 -1.80006e-03  3.456e-04 -2.146e-03 -2.146e-03  0.000e+00  0.000e+00 -2.146e-03  0.000e+00  0.000e+00  0.000e+00  0.000e+00  0.000e+00    0.058   -0.030
 0.6000 -1.80006e-03  3.735e-04 -2.174e-03 -2.174e-03  0.000e+00  0.000e+00 -2.174e-03  0.000e+00  0.000e+00  0.000e+00  0.000e+00  0.000e+00    0.063   -0.030
 0.6200 -1.80006e-03  4.028e-04 -2.203e-03 -2.203e-03  0.000e+00  0.000e+00 -2.203e-03  0.000e+00  0.000e+00  0.000e+00  0.000e+00  0.000e+00    0.068   -0.030
 0.6400 -1.80006e-03  4.338e-04 -2.234e-03 -2.234e-03  0.000e+00  0.000e+00 -2.234e-03  0.000e+00  0.000e+00  0.000e+00  0.000e+00  0.000e+00    0.073   -0.030
 0.6600 -1.80006e-03  4.663e-04 -2.266e-03 -2.266e-03  0.000e+00  0.000e+00 -2.266e-03  0.000e+00  0.000e+00  0.000e+00  0.000e+00  0.000e+00    0.078   -0.030
 0.6800 -1.80006e-03  5.007e-04 -2.301e-03 -2.301e-03  0.000e+00  0.000e+00 -2.301e-03  0.000e+00  0.000e+00  0.000e+00  0.000e+00  0.000e+00    0.084   -0.030
 0.7000 -1.80006e-03  5.368e-04 -2.337e-03 -2.337e-03  0.000e+00  0.000e+00 -2.337e-03  0.000e+00  0.000e+00  0.000e+00  0.000e+00  0.000e+00    0.090   -0.030
 0.7200 -1.80006e-03  5.749e-04 -2.375e-03 -2.375e-03  0.000e+00  0.000e+00 -2.375e-03  0.000e+00  0.000e+00  0.000e+00  0.000e+00  0.000e+00    0.096   -0.030
 0.7400 -1.80006e-03  6.151e-04 -2.415e-03 -2.415e-03  0.000e+00  0.000e+00 -2.415e-03  0.000e+00  0.000e+00  0.000e+00  0.000e+00  0.000e+00    0.103   -0.031
 0.7600 -1.80006e-03  6.573e-04 -2.457e-03 -2.457e-03  0.000e+00  0.000e+00 -2.457e-03  0.000e+00  0.000e+00  0.000e+00  0.000e+00  0.000e+00    0.110   -0.031
 0.7800 -1.80006e-03  7.019e-04 -2.502e-03 -2.502e-03  0.000e+00  0.000e+00 -2.502e-03  0.000e+00  0.000e+00  0.000e+00  0.000e+00  0.000e+00    0.118   -0.031
 0.8000 -1.80006e-03  7.488e-04 -2.549e-03 -2.549e-03  0.000e+00  0.000e+00 -2.549e-03  0.000e+00  0.000e+00  0.000e+00  0.000e+00  0.000e+00    0.126   -0.031
 0.8200 -1.80006e-03  7.983e-04 -2.598e-03 -2.598e-03  0.000e+00  0.000e+00 -2.598e-03  0.000e+00  0.000e+00  0.000e+00  0.000e+00  0.000e+00    0.134   -0.031
 0.8400 -1.80006e-03  8.505e-04 -2.651e-03 -2.651e-03  0.000e+00  0.000e+00 -2.651e-03  0.000e+00  0.000e+00  0.000e+00  0.000e+00  0.000e+00    0.143   -0.031
 0.8600 -1.80006e-03  9.056e-04 -2.706e-03 -2.706e-03  0.000e+00  0.000e+00 -2.706e-03  0.000e+00  0.000e+00  0.000e+00  0.000e+00  0.000e+00    0.152   -0.031
 0.8800 -1.80006e-03  9.637e-04 -2.764e-03 -2.764e-03  0.000e+00  0.000e+00 -2.764e-03  0.000e+00  0.000e+00  0.000e+00  0.000e+00  0.000e+00    0.162   -0.032
 0.9000 -1.80006e-03  1.025e-03 -2.825e-03 -2.825e-03  0.000e+00  0.000e+00 -2.825e-03  0.000e+00  0.000e+00  0.000e+00  0.000e+00  0.000e+00    0.172   -0.032
 0.9200 -1.80006e-03  1.090e-03 -2.890e-03 -2.890e-03  0.000e+00  0.000e+00 -2.890e-03  0.000e+00  0.000e+00  0.000e+00  0.000e+00  0.000e+00    0.183   -0.032
 0.9400 -1.80006e-03  1.158e-03 -2.958e-03 -2.958e-03  0.000e+00  0.000e+00 -2.958e-03  0.000e+00  0.000e+00  0.000e+00  0.000e+00  0.000e+00    0.194   -0.032
 0.9600 -1.80006e-03  1.231e-03 -3.031e-03 -3.031e-03  0.000e+00  0.000e+00 -3.031e-03  0.000e+00  0.000e+00  0.000e+00  0.000e+00  0.000e+00    0.206   -0.032
 0.9800 -1.80006e-03  1.307e-03 -3.107e-03 -3.107e-03  0.000e+00  0.000e+00 -3.107e-03  0.000e+00  0.000e+00  0.000e+00  0.000e+00  0.000e+00    0.219   -0.032
 1.0000 -1.80006e-03  1.388e-03 -3.188e-03 -3.188e-03  0.000e+00  0.000e+00 -3.188e-03  0.000e+00  0.000e+00  0.000e+00  0.000e+00  0.000e+00    0.233   -0.032
 1.0200 -1.80006e-03  1.474e-03 -3.274e-03 -3.274e-03  0.000e+00  0.000e+00 -3.274e-03  0.000e+00  0.000e+00  0.000e+00  0.000e+00  0.000e+00    0.247   -0.033
 1.0400 -1.80006e-03  1.565e-03 -3.365e-03 -3.365e-03  0.000e+00  0.000e+00 -3.365e-03  0.000e+00  0.000e+00  0.000e+00  0.000e+00  0.000e+00    0.263   -0.033
 1.0600 -1.80006e-03  1.662e-03 -3.462e-03 -3.462e-03  0.000e+00  0.000e+00 -3.462e-03  0.000e+00  0.000e+00  0.000e+00  0.000e+00  0.000e+00    0.279   -0.033
 1.0800 -1.80006e-03  1.765e-03 -3.565e-03 -3.565e-03  0.000e+00  0.000e+00 -3.565e-03  0.000e+00  0.000e+00  0.000e+00  0.000e+00  0.000e+00    0.296   -0.033
 1.1000 -1.80006e-03  1.873e-03 -3.674e-03 -3.674e-03  0.000e+00  0.000e+00 -3.674e-03  0.000e+00  0.000e+00  0.000e+00  0.000e+00  0.000e+00    0.314   -0.033
 1.1200 -1.80006e-03  1.989e-03 -3.789e-03 -3.789e-03  0.000e+00  0.000e+00 -3.789e-03  0.000e+00  0.000e+00  0.000e+00  0.000e+00  0.000e+00    0.334   -0.033
 1.1400 -1.80006e-03  2.113e-03 -3.913e-03 -3.913e-03  0.000e+00  0.000e+00 -3.913e-03  0.000e+00  0.000e+00  0.000e+00  0.000e+00  0.000e+00    0.354   -0.034
 1.1600 -1.80006e-03  2.244e-03 -4.044e-03 -4.044e-03  0.000e+00  0.000e+00 -4.044e-03  0.000e+00  0.000e+00  0.000e+00  0.000e+00  0.000e+00    0.376   -0.034
 1.1800 -1.80006e-03  2.384e-03 -4.184e-03 -4.184e-03  0.000e+00  0.000e+00 -4.184e-03  0.000e+00  0.000e+00  0.000e+00  0.000e+00  0.000e+00    0.400   -0.034
 1.2000 -1.80006e-03  2.533e-03 -4.333e-03 -4.333e-03  0.000e+00  0.000e+00 -4.333e-03  0.000e+00  0.000e+00  0.000e+00  0.000e+00  0.000e+00    0.425   -0.034
 1.2200 -1.80006e-03  2.693e-03 -4.493e-03 -4.493e-03  0.000e+00  0.000e+00 -4.493e-03  0.000e+00  0.000e+00  0.000e+00  0.000e+00  0.000e+00    0.452   -0.034
 1.2400 -1.80006e-03  2.863e-03 -4.663e-03 -4.663e-03  0.000e+00  0.000e+00 -4.663e-03  0.000e+00  0.000e+00  0.000e+00  0.000e+00  0.000e+00    0.480   -0.034
 1.2600 -1.80006e-03  3.045e-03 -4.845e-03 -4.845e-03  0.000e+00  0.000e+00 -4.845e-03  0.000e+00  0.000e+00  0.000e+00  0.000e+00  0.000e+00    0.511   -0.034
 1.2800 -1.80006e-03  3.239e-03 -5.039e-03 -5.039e-03  0.000e+00  0.000e+00 -5.039e-03  0.000e+00  0.000e+00  0.000e+00  0.000e+00  0.000e+00    0.543   -0.033
 1.3000 -1.80006e-03  3.447e-03 -5.247e-03 -5.247e-03  0.000e+00  0.000e+00 -5.247e-03  0.000e+00  0.000e+00  0.000e+00  0.000e+00  0.000e+00    0.578   -0.033
 1.3200 -1.80006e-03  3.669e-03 -5.469e-03 -5.469e-03  0.000e+00  0.000e+00 -5.469e-03  0.000e+00  0.000e+00  0.000e+00  0.000e+00  0.000e+00    0.615   -0.032
 1.3400 -1.80006e-03  3.907e-03 -5.707e-03 -5.707e-03  0.000e+00  0.000e+00 -5.707e-03  0.000e+00  0.000e+00  0.000e+00  0.000e+00  0.000e+00    0.655   -0.032
 1.3600 -1.80006e-03  4.161e-03 -5.961e-03 -5.961e-03  0.000e+00  0.000e+00 -5.961e-03  0.000e+00  0.000e+00  0.000e+00  0.000e+00  0.000e+00    0.698   -0.031
 1.3800 -1.80006e-03  4.432e-03 -6.232e-03 -6.232e-03  0.000e+00  0.000e+00 -6.232e-03  0.000e+00  0.000e+00  0.000e+00  0.000e+00  0.000e+00    0.743   -0.030
 1.4000 -1.80006e-03  4.721e-03 -6.521e-03 -6.521e-03  0.000e+00  0.000e+00 -6.521e-03  0.000e+00  0.000e+00  0.000e+00  0.000e+00  0.000e+00    0.792   -0.028
 1.4200 -1.80006e-03  5.027e-03 -6.827e-03 -6.827e-03  0.000e+00  0.000e+00 -6.827e-03  0.000e+00  0.000e+00  0.000e+00  0.000e+00  0.000e+00    0.843   -0.026
 1.4400 -1.80006e-03  5.352e-03 -7.152e-03 -7.152e-03  0.000e+00  0.000e+00 -7.152e-03  0.000e+00  0.000e+00  0.000e+00  0.000e+00  0.000e+00    0.898   -0.023
 1.4600 -1.80006e-03  5.693e-03 -7.493e-03 -7.493e-03  0.000e+00  0.000e+00 -7.493e-03  0.000e+00  0.000e+00  0.000e+00  0.000e+00  0.000e+00    0.955   -0.020
 1.4800 -1.80006e-03  6.049e-03 -7.849e-03 -7.849e-03  0.000e+00  0.000e+00 -7.849e-03  0.000e+00  0.000e+00  0.000e+00  0.000e+00  0.000e+00    1.015   -0.016
 1.5000 -1.80006e-03  6.416e-03 -8.216e-03 -8.216e-03  0.000e+00  0.000e+00 -8.216e-03  0.000e+00  0.000e+00  0.000e+00  0.000e+00  0.000e+00    1.076   -0.010
 1.5200 -1.80006e-03  6.788e-03 -8.588e-03 -8.588e-03  0.000e+00  0.000e+00 -8.588e-03  0.000e+00  0.000e+00  0.000e+00  0.000e+00  0.000e+00    1.139   -0.003
 1.5400 -1.80007e-03  7.154e-03 -8.955e-03 -8.955e-03  0.000e+00  0.000e+00 -8.955e-03  0.000e+00  0.000e+00  0.000e+00  0.000e+00  0.000e+00    1.200    0.006
 1.5600 -1.80007e-03  7.502e-03 -9.302e-03 -9.302e-03  0.000e+00  0.000e+00 -9.302e-03  0.000e+00  0.000e+00  0.000e+00  0.000e+00  0.000e+00    1.258    0.018
 1.5800 -1.80007e-03  7.811e-03 -9.611e-03 -9.611e-03  0.000e+00  0.000e+00 -9.611e-03  0.000e+00  0.000e+00  0.000e+00  0.000e+00  0.000e+00    1.310    0.034
 1.6000 -1.80007e-03  8.052e-03 -9.852e-03 -9.852e-03  0.000e+00  0.000e+00 -9.852e-03  0.000e+00  0.000e+00  0.000e+00  0.000e+00  0.000e+00    1.351    0.054
 1.6200 -1.80007e-03  8.186e-03 -9.987e-03 -9.987e-03  0.000e+00  0.000e+00 -9.987e-03  0.000e+00  0.000e+00  0.000e+00  0.000e+00  0.000e+00    1.373    0.079
 1.6400 -1.80008e-03  8.166e-03 -9.966e-03 -9.966e-03  0.000e+00  0.000e+00 -9.966e-03  0.000e+00  0.000e+00  0.000e+00  0.000e+00  0.000e+00    1.370    0.111
 1.6600 -1.80008e-03  7.931e-03 -9.731e-03 -9.731e-03  0.000e+00  0.000e+00 -9.731e-03  0.000e+00  0.000e+00  0.000e+00  0.000e+00  0.000e+00    1.330    0.151
 1.6800 -1.80008e-03  7.422e-03 -9.222e-03 -9.222e-03  0.000e+00  0.000e+00 -9.222e-03  0.000e+00  0.000e+00  0.000e+00  0.000e+00  0.000e+00    1.245    0.201
 1.7000 -1.80008e-03  6.589e-03 -8.389e-03 -8.389e-03  0.000e+00  0.000e+00 -8.389e-03  0.000e+00  0.000e+00  0.000e+00  0.000e+00  0.000e+00    1.105    0.260
 1.7200 -1.80008e-03  5.421e-03 -7.221e-03 -7.221e-03  0.000e+00  0.000e+00 -7.221e-03  0.000e+00  0.000e+00  0.000e+00  0.000e+00  0.000e+00    0.909    0.327
 1.7400 -1.80008e-03  3.983e-03 -5.783e-03 -5.783e-03  0.000e+00  0.000e+00 -5.783e-03  0.000e+00  0.000e+00  0.000e+00  0.000e+00  0.000e+00    0.668    0.400
 1.7600 -1.80007e-03  2.444e-03 -4.244e-03 -4.244e-03  0.000e+00  0.000e+00 -4.244e-03  0.000e+00  0.000e+00  0.000e+00  0.000e+00  0.000e+00    0.410    0.470
 1.7800 -1.80006e-03  1.076e-03 -2.876e-03 -2.876e-03  0.000e+00  0.000e+00 -2.876e-03  0.000e+00  0.000e+00  0.000e+00  0.000e+00  0.000e+00    0.181    0.529
 1.8000 -1.80005e-03  1.948e-04 -1.995e-03 -1.995e-03  0.000e+00  0.000e+00 -1.995e-03  0.000e+00  0.000e+00  0.000e+00  0.000e+00  0.000e+00    0.033    0.565
 1.8200 -1.80004e-03  3.492e-05 -1.835e-03 -1.835e-03  0.000e+00  0.000e+00 -1.835e-03  0.000e+00  0.000e+00  0.000e+00  0.000e+00  0.000e+00    0.006    0.571
 1.8400 -1.80005e-03  6.421e-04 -2.442e-03 -2.442e-03  0.000e+00  0.000e+00 -2.442e-03  0.000e+00  0.000e+00  0.000e+00  0.000e+00  0.000e+00    0.108    0.546
 1.8600 -1.80006e-03  1.848e-03 -3.648e-03 -3.648e-03  0.000e+00  0.000e+00 -3.648e-03  0.000e+00  0.000e+00  0.000e+00  0.000e+00  0.000e+00    0.310    0.495
 1.8800 -1.80007e-03  3.355e-03 -5.155e-03 -5.155e-03  0.000e+00  0.000e+00 -5.155e-03  0.000e+00  0.000e+00  0.000e+00  0.000e+00  0.000e+00    0.563    0.428
 1.9000 -1.80008e-03  4.861e-03 -6.661e-03 -6.661e-03  0.000e+00  0.000e+00 -6.661e-03  0.000e+00  0.000e+00  0.000e+00  0.000e+00  0.000e+00    0.815    0.356
 1.9200 -1.80008e-03  6.152e-03 -7.952e-03 -7.952e-03  0.000e+00  0.000e+00 -7.952e-03  0.000e+00  0.000e+00  0.000e+00  0.000e+00  0.000e+00    1.032    0.286
 1.9400 -1.80008e-03  7.124e-03 -8.924e-03 -8.924e-03  0.000e+00  0.000e+00 -8.924e-03  0.000e+00  0.000e+00  0.000e+00  0.000e+00  0.000e+00    1.195    0.223
 1.9600 -1.80008e-03  7.760e-03 -9.560e-03 -9.560e-03  0.000e+00  0.000e+00 -9.560e-03  0.000e+00  0.000e+00  0.000e+00  0.000e+00  0.000e+00    1.302    0.170
 1.9800 -1.80008e-03  8.100e-03 -9.900e-03 -9.900e-03  0.000e+00  0.000e+00 -9.900e-03  0.000e+00  0.000e+00  0.000e+00  0.000e+00  0.000e+00    1.359    0.126
 2.0000 -1.80007e-03  8.200e-03 -1.000e-02 -1.000e-02  0.000e+00  0.000e+00 -1.000e-02  0.000e+00  0.000e+00  0.000e+00  0.000e+00  0.000e+00    1.375    0.091
 2.0200 -1.80007e-03  8.122e-03 -9.922e-03 -9.922e-03  0.000e+00  0.000e+00 -9.922e-03  0.000e+00  0.000e+00  0.000e+00  0.000e+00  0.000e+00    1.362    0.063
 2.0400 -1.80007e-03  7.919e-03 -9.719e-03 -9.719e-03  0.000e+00  0.000e+00 -9.719e-03  0.000e+00  0.000e+00  0.000e+00  0.000e+00  0.000e+00    1.328    0.041
 2.0600 -1.80007e-03  7.634e-03 -9.434e-03 -9.434e-03  0.000e+00  0.000e+00 -9.434e-03  0.000e+00  0.000e+00  0.000e+00  0.000e+00  0.000e+00    1.281    0.024
 2.0800 -1.80007e-03  7.299e-03 -9.099e-03 -9.099e-03  0.000e+00  0.000e+00 -9.099e-03  0.000e+00  0.000e+00  0.000e+00  0.000e+00  0.000e+00    1.224    0.011
 2.1000 -1.80007e-03  6.938e-03 -8.738e-03 -8.738e-03  0.000e+00  0.000e+00 -8.738e-03  0.000e+00  0.000e+00  0.000e+00  0.000e+00  0.000e+00    1.164    0.001
 2.1200 -1.80006e-03  6.567e-03 -8.367e-03 -8.367e-03  0.000e+00  0.000e+00 -8.367e-03  0.000e+00  0.000e+00  0.000e+00  0.000e+00  0.000e+00    1.102   -0.007
 2.1400 -1.80006e-03  6.197e-03 -7.997e-03 -7.997e-03  0.000e+00  0.000e+00 -7.997e-03  0.000e+00  0.000e+00  0.000e+00  0.000e+00  0.000e+00    1.040   -0.013
 2.1600 -1.80006e-03  5.836e-03 -7.636e-03 -7.636e-03  0.000e+00  0.000e+00 -7.636e-03  0.000e+00  0.000e+00  0.000e+00  0.000e+00  0.000e+00    0.979   -0.018
 2.1800 -1.80006e-03  5.489e-03 -7.289e-03 -7.289e-03  0.000e+00  0.000e+00 -7.289e-03  0.000e+00  0.000e+00  0.000e+00  0.000e+00  0.000e+00    0.921   -0.022
 2.2000 -1.80006e-03  5.157e-03 -6.957e-03 -6.957e-03  0.000e+00  0.000e+00 -6.957e-03  0.000e+00  0.000e+00  0.000e+00  0.000e+00  0.000e+00    0.865   -0.025
 2.2200 -1.80006e-03  4.843e-03 -6.643e-03 -6.643e-03  0.000e+00  0.000e+00 -6.643e-03  0.000e+00  0.000e+00  0.000e+00  0.000e+00  0.000e+00    0.812   -0.027
 2.2400 -1.80006e-03  4.547e-03 -6.347e-03 -6.347e-03  0.000e+00  0.000e+00 -6.347e-03  0.000e+00  0.000e+00  0.000e+00  0.000e+00  0.000e+00    0.763   -0.029
 2.2600 -1.80006e-03  4.269e-03 -6.069e-03 -6.069e-03  0.000e+00  0.000e+00 -6.069e-03  0.000e+00  0.000e+00  0.000e+00  0.000e+00  0.000e+00    0.716   -0.030
 2.2800 -1.80006e-03  4.008e-03 -5.808e-03 -5.808e-03  0.000e+00  0.000e+00 -5.808e-03  0.000e+00  0.000e+00  0.000e+00  0.000e+00  0.000e+00    0.672   -0.031
 2.3000 -1.80006e-03  3.764e-03 -5.564e-03 -5.564e-03  0.000e+00  0.000e+00 -5.564e-03  0.000e+00  0.000e+00  0.000e+00  0.000e+00  0.000e+00    0.631   -0.032
 2.3200 -1.80006e-03  3.536e-03 -5.336e-03 -5.336e-03  0.000e+00  0.000e+00 -5.336e-03  0.000e+00  0.000e+00  0.000e+00  0.000e+00  0.000e+00    0.593   -0.033
 2.3400 -1.80006e-03  3.322e-03 -5.122e-03 -5.122e-03  0.000e+00  0.000e+00 -5.122e-03  0.000e+00  0.000e+00  0.000e+00  0.000e+00  0.000e+00    0.557   -0.033
 2.3600 -1.80006e-03  3.122e-03 -4.922e-03 -4.922e-03  0.000e+00  0.000e+00 -4.922e-03  0.000e+00  0.000e+00  0.000e+00  0.000e+00  0.000e+00    0.524   -0.033
 2.3800 -1.80006e-03  2.935e-03 -4.735e-03 -4.735e-03  0.000e+00  0.000e+00 -4.735e-03  0.000e+00  0.000e+00  0.000e+00  0.000e+00  0.000e+00    0.492   -0.034
 2.4000 -1.80006e-03  2.761e-03 -4.561e-03 -4.561e-03  0.000e+00  0.000e+00 -4.561e-03  0.000e+00  0.000e+00  0.000e+00  0.000e+00  0.000e+00    0.463   -0.034
 2.4200 -1.80006e-03  2.597e-03 -4.397e-03 -4.397e-03  0.000e+00  0.000e+00 -4.397e-03  0.000e+00  0.000e+00  0.000e+00  0.000e+00  0.000e+00    0.436   -0.034
 2.4400 -1.80006e-03  2.444e-03 -4.244e-03 -4.244e-03  0.000e+00  0.000e+00 -4.244e-03  0.000e+00  0.000e+00  0.000e+00  0.000e+00  0.000e+00    0.410   -0.034
 2.4600 -1.80006e-03  2.300e-03 -4.100e-03 -4.100e-03  0.000e+00  0.000e+00 -4.100e-03  0.000e+00  0.000e+00  0.000e+00  0.000e+00  0.000e+00    0.386   -0.034
 2.4800 -1.80006e-03  2.165e-03 -3.965e-03 -3.965e-03  0.000e+00  0.000e+00 -3.965e-03  0.000e+00  0.000e+00  0.000e+00  0.000e+00  0.000e+00    0.363   -0.034
 2.5000 -1.80006e-03  2.039e-03 -3.839e-03 -3.839e-03  0.000e+00  0.000e+00 -3.839e-03  0.000e+00  0.000e+00  0.000e+00  0.000e+00  0.000e+00    0.342   -0.033
 2.5200 -1.80006e-03  1.920e-03 -3.720e-03 -3.720e-03  0.000e+00  0.000e+00 -3.720e-03  0.000e+00  0.000e+00  0.000e+00  0.000e+00  0.000e+00    0.322   -0.033
 2.5400 -1.80006e-03  1.808e-03 -3.608e-03 -3.608e-03  0.000e+00  0.000e+00 -3.608e-03  0.000e+00  0.000e+00  0.000e+00  0.000e+00  0.000e+00    0.303   -0.033
 2.5600 -1.80006e-03  1.703e-03 -3.503e-03 -3.503e-03  0.000e+00  0.000e+00 -3.503e-03  0.000e+00  0.000e+00  0.000e+00  0.000e+00  0.000e+00    0.286   -0.033
 2.5800 -1.80006e-03  1.604e-03 -3.404e-03 -3.404e-03  0.000e+00  0.000e+00 -3.404e-03  0.000e+00  0.000e+00  0.000e+00  0.000e+00  0.000e+00    0.269   -0.033
 2.6000 -1.80006e-03  1.511e-03 -3.311e-03 -3.311e-03  0.000e+00  0.000e+00 -3.311e-03  0.000e+00  0.000e+00  0.000e+00  0.000e+00  0.000e+00    0.253   -0.033
 2.6200 -1.80006e-03  1.423e-03 -3.223e-03 -3.223e-03  0.000e+00  0.000e+00 -3.223e-03  0.000e+00  0.000e+00  0.000e+00  0.000e+00  0.000e+00    0.239   -0.033
 2.6400 -1.80006e-03  1.340e-03 -3.140e-03 -3.140e-03  0.000e+00  0.000e+00 -3.140e-03  0.000e+00  0.000e+00  0.000e+00  0.000e+00  0.000e+00    0.225   -0.032
 2.6600 -1.80006e-03  1.261e-03 -3.061e-03 -3.061e-03  0.000e+00  0.000e+00 -3.061e-03  0.000e+00  0.000e+00  0.000e+00  0.000e+00  0.000e+00    0.212   -0.032
 2.6800 -1.80006e-03  1.187e-03 -2.987e-03 -2.987e-03  0.000e+00  0.000e+00 -2.987e-03  0.000e+00  0.000e+00  0.000e+00  0.000e+00  0.000e+00    0.199   -0.032
 2.7000 -1.80006e-03  1.117e-03 -2.917e-03 -2.917e-03  0.000e+00  0.000e+00 -2.917e-03  0.000e+00  0.000e+00  0.000e+00  0.000e+00  0.000e+00    0.187   -0.032
 2.7200 -1.80006e-03  1.051e-03 -2.851e-03 -2.851e-03  0.000e+00  0.000e+00 -2.851e-03  0.000e+00  0.000e+00  0.000e+00  0.000e+00  0.000e+00    0.176   -0.032
 2.7400 -1.80006e-03  9.882e-04 -2.788e-03 -2.788e-03  0.000e+00  0.000e+00 -2.788e-03  0.000e+00  0.000e+00  0.000e+00  0.000e+00  0.000e+00    0.166   -0.032
 2.7600 -1.80006e-03  9.289e-04 -2.729e-03 -2.729e-03  0.000e+00  0.000e+00 -2.729e-03  0.000e+00  0.000e+00  0.000e+00  0.000e+00  0.000e+00    0.156   -0.031
 2.7800 -1.80006e-03  8.726e-04 -2.673e-03 -2.673e-03  0.000e+00  0.000e+00 -2.673e-03  0.000e+00  0.000e+00  0.000e+00  0.000e+00  0.000e+00    0.146   -0.031
 2.8000 -1.80006e-03  8.192e-04 -2.619e-03 -2.619e-03  0.000e+00  0.000e+00 -2.619e-03  0.000e+00  0.000e+00  0.000e+00  0.000e+00  0.000e+00    0.137   -0.031
 2.8200 -1.80006e-03  7.687e-04 -2.569e-03 -2.569e-03  0.000e+00  0.000e+00 -2.569e-03  0.000e+00  0.000e+00  0.000e+00  0.000e+00  0.000e+00    0.129   -0.031
 2.8400 -1.80006e-03  7.207e-04 -2.521e-03 -2.521e-03  0.000e+00  0.000e+00 -2.521e-03  0.000e+00  0.000e+00  0.000e+00  0.000e+00  0.000e+00    0.121   -0.031
 2.8600 -1.80006e-03  6.752e-04 -2.475e-03 -2.475e-03  0.000e+00  0.000e+00 -2.475e-03  0.000e+00  0.000e+00  0.000e+00  0.000e+00  0.000e+00    0.113   -0.031
 2.8800 -1.80006e-03  6.320e-04 -2.432e-03 -2.432e-03  0.000e+00  0.000e+00 -2.432e-03  0.000e+00  0.000e+00  0.000e+00  0.000e+00  0.000e+00    0.106   -0.031
 2.9000 -1.80006e-03  5.910e-04 -2.391e-03 -2.391e-03  0.000e+00  0.000e+00 -2.391e-03  0.000e+00  0.000e+00  0.000e+00  0.000e+00  0.000e+00    0.099   -0.030
 2.9200 -1.80006e-03  5.521e-04 -2.352e-03 -2.352e-03  0.000e+00  0.000e+00 -2.352e-03  0.000e+00  0.000e+00  0.000e+00  0.000e+00  0.000e+00    0.093   -0.030
 2.9400 -1.80006e-03  5.152e-04 -2.315e-03 -2.315e-03  0.000e+00  0.000e+00 -2.315e-03  0.000e+00  0.000e+00  0.000e+00  0.000e+00  0.000e+00    0.086   -0.030
 2.9600 -1.80006e-03  4.801e-04 -2.280e-03 -2.280e-03  0.000e+00  0.000e+00 -2.280e-03  0.000e+00  0.000e+00  0.000e+00  0.000e+00  0.000e+00    0.081   -0.030
 2.9800 -1.80006e-03  4.468e-04 -2.247e-03 -2.247e-03  0.000e+00  0.000e+00 -2.247e-03  0.000e+00  0.000e+00  0.000e+00  0.000e+00  0.000e+00    0.075   -0.030
 3.0000 -1.80006e-03  4.152e-04 -2.215e-03 -2.215e-03  0.000e+00  0.000e+00 -2.215e-03  0.000e+00  0.000e+00  0.000e+00  0.000e+00  0.000e+00    0.070   -0.030
 3.0200 -1.80006e-03  3.852e-04 -2.185e-03 -2.185e-03  0.000e+00  0.000e+00 -2.185e-03  0.000e+00  0.000e+00  0.000e+00  0.000e+00  0.000e+00    0.065   -0.030
 3.0400 -1.80006e-03  3.568e-04 -2.157e-03 -2.157e-03  0.000e+00  0.000e+00 -2.157e-03  0.000e+00  0.000e+00  0.000e+00  0.000e+00  0.000e+00    0.060   -0.030
 3.0600 -1.80006e-03  3.298e-04 -2.130e-03 -2.130e-03  0.000e+00  0.000e+00 -2.130e-03  0.000e+00  0.000e+00  0.000e+00  0.000e+00  0.000e+00    0.055   -0.030
 3.0800 -1.80006e-03  3.043e-04 -2.104e-03 -2.104e-03  0.000e+00  0.000e+00 -2.104e-03  0.000e+00  0.000e+00  0.000e+00  0.000e+00  0.000e+00    0.051   -0.029
 3.1000 -1.80006e-03  2.800e-04 -2.080e-03 -2.080e-03  0.000e+00  0.000e+00 -2.080e-03  0.000e+00  0.000e+00  0.000e+00  0.000e+00  0.000e+00    0.047   -0.029
 3.1200 -1.80006e-03  2.571e-04 -2.057e-03 -2.057e-03  0.000e+00  0.000e+00 -2.057e-03  0.000e+00  0.000e+00  0.000e+00  0.000e+00  0.000e+00    0.043   -0.029
 3.1400 -1.80006e-03  2.354e-04 -2.035e-03 -2.035e-03  0.000e+00  0.000e+00 -2.035e-03  0.000e+00  0.000e+00  0.000e+00  0.000e+00  0.000e+00    0.039   -0.029
 3.1600 -1.80006e-03  2.149e-04 -2.015e-03 -2.015e-03  0.000e+00  0.000e+00 -2.015e-03  0.000e+00  0.000e+00  0.000e+00  0.000e+00  0.000e+00    0.036   -0.029
 3.1800 -1.80006e-03  1.955e-04 -1.996e-03 -1.996e-03  0.000e+00  0.000e+00 -1.996e-03  0.000e+00  0.000e+00  0.000e+00  0.000e+00  0.000e+00    0.033   -0.029
 3.2000 -1.80006e-03  1.772e-04 -1.977e-03 -1.977e-03  0.000e+00  0.000e+00 -1.977e-03  0.000e+00  0.000e+00  0.000e+00  0.000e+00  0.000e+00    0.030   -0.029
 3.2200 -1.80006e-03  1.600e-04 -1.960e-03 -1.960e-03  0.000e+00  0.000e+00 -1.960e-03  0.000e+00  0.000e+00  0.000e+00  0.000e+00  0.000e+00    0.027   -0.029
 3.2400 -1.80006e-03  1.439e-04 -1.944e-03 -1.944e-03  0.000e+00  0.000e+00 -1.944e-03  0.000e+00  0.000e+00  0.000e+00  0.000e+00  0.000e+00    0.024   -0.029
 3.2600 -1.80006e-03  1.287e-04 -1.929e-03 -1.929e-03  0.000e+00  0.000e+00 -1.929e-03  0.000e+00  0.000e+00  0.000e+00  0.000e+00  0.000e+00    0.022   -0.029
 3.2800 -1.80006e-03  1.145e-04 -1.915e-03 -1.915e-03  0.000e+00  0.000e+00 -1.915e-03  0.000e+00  0.000e+00  0.000e+00  0.000e+00  0.000e+00    0.019   -0.029
 3.3000 -1.80006e-03  1.012e-04 -1.901e-03 -1.901e-03  0.000e+00  0.000e+00 -1.901e-03  0.000e+00  0.000e+00  0.000e+00  0.000e+00  0.000e+00    0.017   -0.029
 3.3200 -1.80006e-03  8.880e-05 -1.889e-03 -1.889e-03  0.000e+00  0.000e+00 -1.889e-03  0.000e+00  0.000e+00  0.000e+00  0.000e+00  0.000e+00    0.015   -0.029
 3.3400 -1.80006e-03  7.731e-05 -1.877e-03 -1.877e-03  0.000e+00  0.000e+00 -1.877e-03  0.000e+00  0.000e+00  0.000e+00  0.000e+00  0.000e+00    0.013   -0.029
 3.3600 -1.80006e-03  6.668e-05 -1.867e-03 -1.867e-03  0.000e+00  0.000e+00 -1.867e-03  0.000e+00  0.000e+00  0.000e+00  0.000e+00  0.000e+00    0.011   -0.029
 3.3800 -1.80006e-03  5.690e-05 -1.857e-03 -1.857e-03  0.000e+00  0.000e+00 -1.857e-03  0.000e+00  0.000e+00  0.000e+00  0.000e+00  0.000e+00    0.010   -0.029
 3.4000 -1.80006e-03  4.794e-05 -1.848e-03 -1.848e-03  0.000e+00  0.000e+00 -1.848e-03  0.000e+00  0.000e+00  0.000e+00  0.000e+00  0.000e+00    0.008   -0.029
 3.4200 -1.80006e-03  3.979e-05 -1.840e-03 -1.840e-03  0.000e+00  0.000e+00 -1.840e-03  0.000e+00  0.000e+00  0.000e+00  0.000e+00  0.000e+00    0.007   -0.029
 3.4400 -1.80006e-03  3.243e-05 -1.832e-03 -1.832e-03  0.000e+00  0.000e+00 -1.832e-03  0.000e+00  0.000e+00  0.000e+00  0.000e+00  0.000e+00    0.005   -0.028
 3.4600 -1.80006e-03  2.585e-05 -1.826e-03 -1.826e-03  0.000e+00  0.000e+00 -1.826e-03  0.000e+00  0.000e+00  0.000e+00  0.000e+00  0.000e+00    0.004   -0.028
 3.4800 -1.80006e-03  2.004e-05 -1.820e-03 -1.820e-03  0.000e+00  0.000e+00 -1.820e-03  0.000e+00  0.000e+00  0.000e+00  0.000e+00  0.000e+00    0.003   -0.028
 3.5000 -1.80006e-03  1.498e-05 -1.815e-03 -1.815e-03  0.000e+00  0.000e+00 -1.815e-03  0.000e+00  0.000e+00  0.000e+00  0.000e+00  0.000e+00    0.003   -0.028
 3.5200 -1.80006e-03  1.066e-05 -1.811e-03 -1.811e-03  0.000e+00  0.000e+00 -1.811e-03  0.000e+00  0.000e+00  0.000e+00  0.000e+00  0.000e+00    0.002   -0.028
 3.5400 -1.80006e-03  7.088e-06 -1.807e-03 -1.807e-03  0.000e+00  0.000e+00 -1.807e-03  0.000e+00  0.000e+00  0.000e+00  0.000e+00  0.000e+00    0.001   -0.028
 3.5600 -1.80006e-03  4.246e-06 -1.804e-03 -1.804e-03  0.000e+00  0.000e+00 -1.804e-03  0.000e+00  0.000e+00  0.000e+00  0.000e+00  0.000e+00    0.001   -0.028
 3.5800 -1.80006e-03  2.131e-06 -1.802e-03 -1.802e-03  0.000e+00  0.000e+00 -1.802e-03  0.000e+00  0.000e+00  0.000e+00  0.000e+00  0.000e+00    0.000   -0.028
 3.6000 -1.80006e-03  7.388e-07 -1.801e-03 -1.801e-03  0.000e+00  0.000e+00 -1.801e-03  0.000e+00  0.000e+00  0.000e+00  0.000e+00  0.000e+00    0.000   -0.028
 3.6200 -1.80006e-03  6.743e-08 -1.800e-03 -1.800e-03  0.000e+00  0.000e+00 -1.800e-03  0.000e+00  0.000e+00  0.000e+00  0.000e+00  0.000e+00    0.000   -0.028
 3.6400 -1.80006e-03  1.156e-07 -1.800e-03 -1.800e-03  0.000e+00  0.000e+00 -1.800e-03  0.000e+00  0.000e+00  0.000e+00  0.000e+00  0.000e+00    0.000   -0.028
 3.6600 -1.80006e-03  8.835e-07 -1.801e-03 -1.801e-03  0.000e+00  0.000e+00 -1.801e-03  0.000e+00  0.000e+00  0.000e+00  0.000e+00  0.000e+00    0.000   -0.028
 3.6800 -1.80006e-03  2.372e-06 -1.802e-03 -1.802e-03  0.000e+00  0.000e+00 -1.802e-03  0.000e+00  0.000e+00  0.000e+00  0.000e+00  0.000e+00    0.000   -0.028
 3.7000 -1.80006e-03  4.585e-06 -1.805e-03 -1.805e-03  0.000e+00  0.000e+00 -1.805e-03  0.000e+00  0.000e+00  0.000e+00  0.000e+00  0.000e+00    0.001   -0.028
 3.7200 -1.80006e-03  7.525e-06 -1.808e-03 -1.808e-03  0.000e+00  0.000e+00 -1.808e-03  0.000e+00  0.000e+00  0.000e+00  0.000e+00  0.000e+00    0.001   -0.028
 3.7400 -1.80006e-03  1.120e-05 -1.811e-03 -1.811e-03  0.000e+00  0.000e+00 -1.811e-03  0.000e+00  0.000e+00  0.000e+00  0.000e+00  0.000e+00    0.002   -0.028
 3.7600 -1.80006e-03  1.561e-05 -1.816e-03 -1.816e-03  0.000e+00  0.000e+00 -1.816e-03  0.000e+00  0.000e+00  0.000e+00  0.000e+00  0.000e+00    0.003   -0.028
 3.7800 -1.80006e-03  2.077e-05 -1.821e-03 -1.821e-03  0.000e+00  0.000e+00 -1.821e-03  0.000e+00  0.000e+00  0.000e+00  0.000e+00  0.000e+00    0.003   -0.028
 3.8000 -1.80006e-03  2.669e-05 -1.827e-03 -1.827e-03  0.000e+00  0.000e+00 -1.827e-03  0.000e+00  0.000e+00  0.000e+00  0.000e+00  0.000e+00    0.004   -0.028
 3.8200 -1.80006e-03  3.337e-05 -1.833e-03 -1.833e-03  0.000e+00  0.000e+00 -1.833e-03  0.000e+00  0.000e+00  0.000e+00  0.000e+00  0.000e+00    0.006   -0.029
 3.8400 -1.80006e-03  4.084e-05 -1.841e-03 -1.841e-03  0.000e+00  0.000e+00 -1.841e-03  0.000e+00  0.000e+00  0.000e+00  0.000e+00  0.000e+00    0.007   -0.029
 3.8600 -1.80006e-03  4.910e-05 -1.849e-03 -1.849e-03  0.000e+00  0.000e+00 -1.849e-03  0.000e+00  0.000e+00  0.000e+00  0.000e+00  0.000e+00    0.008   -0.029
 3.8800 -1.80006e-03  5.816e-05 -1.858e-03 -1.858e-03  0.000e+00  0.000e+00 -1.858e-03  0.000e+00  0.000e+00  0.000e+00  0.000e+00  0.000e+00    0.010   -0.029
 3.9000 -1.80006e-03  6.806e-05 -1.868e-03 -1.868e-03  0.000e+00  0.000e+00 -1.868e-03  0.000e+00  0.000e+00  0.000e+00  0.000e+00  0.000e+00    0.011   -0.029
 3.9200 -1.80006e-03  7.880e-05 -1.879e-03 -1.879e-03  0.000e+00  0.000e+00 -1.879e-03  0.000e+00  0.000e+00  0.000e+00  0.000e+00  0.000e+00    0.013   -0.029
 3.9400 -1.80006e-03  9.040e-05 -1.890e-03 -1.890e-03  0.000e+00  0.000e+00 -1.890e-03  0.000e+00  0.000e+00  0.000e+00  0.000e+00  0.000e+00    0.015   -0.029
 3.9600 -1.80006e-03  1.029e-04 -1.903e-03 -1.903e-03  0.000e+00  0.000e+00 -1.903e-03  0.000e+00  0.000e+00  0.000e+00  0.000e+00  0.000e+00    0.017   -0.029
 3.9800 -1.80006e-03  1.163e-04 -1.916e-03 -1.916e-03  0.000e+00  0.000e+00 -1.916e-03  0.000e+00  0.000e+00  0.000e+00  0.000e+00  0.000e+00    0.020   -0.029
 4.0000 -1.80006e-03  1.306e-04 -1.931e-03 -1.931e-03  0.000e+00  0.000e+00 -1.931e-03  0.000e+00  0.000e+00  0.000e+00  0.000e+00  0.000e+00    0.022   -0.029
 4.0200 -1.80006e-03  1.460e-04 -1.946e-03 -1.946e-03  0.000e+00  0.000e+00 -1.946e-03  0.000e+00  0.000e+00  0.000e+00  0.000e+00  0.000e+00    0.024   -0.029
 4.0400 -1.80006e-03  1.623e-04 -1.962e-03 -1.962e-03  0.000e+00  0.000e+00 -1.962e-03  0.000e+00  0.000e+00  0.000e+00  0.000e+00  0.000e+00    0.027   -0.029
 4.0600 -1.80006e-03  1.796e-04 -1.980e-03 -1.980e-03  0.000e+00  0.000e+00 -1.980e-03  0.000e+00  0.000e+00  0.000e+00  0.000e+00  0.000e+00    0.030   -0.029
 4.0800 -1.80006e-03  1.980e-04 -1.998e-03 -1.998e-03  0.000e+00  0.000e+00 -1.998e-03  0.000e+00  0.000e+00  0.000e+00  0.000e+00  0.000e+00    0.033   -0.029
 4.1000 -1.80006e-03  2.176e-04 -2.018e-03 -2.018e-03  0.000e+00  0.000e+00 -2.018e-03  0.000e+00  0.000e+00  0.000e+00  0.000e+00  0.000e+00    0.036   -0.029
 4.1200 -1.80006e-03  2.382e-04 -2.038e-03 -2.038e-03  0.000e+00  0.000e+00 -2.038e-03  0.000e+00  0.000e+00  0.000e+00  0.000e+00  0.000e+00    0.040   -0.029
 4.1400 -1.80006e-03  2.601e-04 -2.060e-03 -2.060e-03  0.000e+00  0.000e+00 -2.060e-03  0.000e+00  0.000e+00  0.000e+00  0.000e+00  0.000e+00    0.044   -0.029
 4.1600 -1.80006e-03  2.832e-04 -2.083e-03 -2.083e-03  0.000e+00  0.000e+00 -2.083e-03  0.000e+00  0.000e+00  0.000e+00  0.000e+00  0.000e+00    0.048   -0.029
 4.1800 -1.80006e-03  3.076e-04 -2.108e-03 -2.108e-03  0.000e+00  0.000e+00 -2.108e-03  0.000e+00  0.000e+00  0.000e+00  0.000e+00  0.000e+00    0.052   -0.029
 4.2000 -1.80006e-03  3.334e-04 -2.133e-03 -2.133e-03  0.000e+00  0.000e+00 -2.133e-03  0.000e+00  0.000e+00  0.000e+00  0.000e+00  0.000e+00    0.056   -0.030
 4.2200 -1.80006e-03  3.605e-04 -2.161e-03 -2.161e-03  0.000e+00  0.000e+00 -2.161e-03  0.000e+00  0.000e+00  0.000e+00  0.000e+00  0.000e+00    0.060   -0.030
 4.2400 -1.80006e-03  3.892e-04 -2.189e-03 -2.189e-03  0.000e+00  0.000e+00 -2.189e-03  0.000e+00  0.000e+00  0.000e+00  0.000e+00  0.000e+00    0.065   -0.030
 4.2600 -1.80006e-03  4.194e-04 -2.219e-03 -2.219e-03  0.000e+00  0.000e+00 -2.219e-03  0.000e+00  0.000e+00  0.000e+00  0.000e+00  0.000e+00    0.070   -0.030
 4.2800 -1.80006e-03  4.512e-04 -2.251e-03 -2.251e-03  0.000e+00  0.000e+00 -2.251e-03  0.000e+00  0.000e+00  0.000e+00  0.000e+00  0.000e+00    0.076   -0.030
 4.3000 -1.80006e-03  4.847e-04 -2.285e-03 -2.285e-03  0.000e+00  0.000e+00 -2.285e-03  0.000e+00  0.000e+00  0.000e+00  0.000e+00  0.000e+00    0.081   -0.030
 4.3200 -1.80006e-03  5.200e-04 -2.320e-03 -2.320e-03  0.000e+00  0.000e+00 -2.320e-03  0.000e+00  0.000e+00  0.000e+00  0.000e+00  0.000e+00    0.087   -0.030
 4.3400 -1.80006e-03  5.572e-04 -2.357e-03 -2.357e-03  0.000e+00  0.000e+00 -2.357e-03  0.000e+00  0.000e+00  0.000e+00  0.000e+00  0.000e+00    0.093   -0.030
 4.3600 -1.80006e-03  5.964e-04 -2.396e-03 -2.396e-03  0.000e+00  0.000e+00 -2.396e-03  0.000e+00  0.000e+00  0.000e+00  0.000e+00  0.000e+00    0.100   -0.030
 4.3800 -1.80006e-03  6.377e-04 -2.438e-03 -2.438e-03  0.000e+00  0.000e+00 -2.438e-03  0.000e+00  0.000e+00  0.000e+00  0.000e+00  0.000e+00    0.107   -0.031
 4.4000 -1.80006e-03  6.812e-04 -2.481e-03 -2.481e-03  0.000e+00  0.000e+00 -2.481e-03  0.000e+00  0.000e+00  0.000e+00  0.000e+00  0.000e+00    0.114   -0.031
 4.4200 -1.80006e-03  7.270e-04 -2.527e-03 -2.527e-03  0.000e+00  0.000e+00 -2.527e-03  0.000e+00  0.000e+00  0.000e+00  0.000e+00  0.000e+00    0.122   -0.031
 4.4400 -1.80006e-03  7.753e-04 -2.575e-03 -2.575e-03  0.000e+00  0.000e+00 -2.575e-03  0.000e+00  0.000e+00  0.000e+00  0.000e+00  0.000e+00    0.130   -0.031
 4.4600 -1.80006e-03  8.262e-04 -2.626e-03 -2.626e-03  0.000e+00  0.000e+00 -2.626e-03  0.000e+00  0.000e+00  0.000e+00  0.000e+00  0.000e+00    0.139   -0.031
 4.4800 -1.80006e-03  8.800e-04 -2.680e-03 -2.680e-03  0.000e+00  0.000e+00 -2.680e-03  0.000e+00  0.000e+00  0.000e+00  0.000e+00  0.000e+00    0.148   -0.031
 4.5000 -1.80006e-03  9.366e-04 -2.737e-03 -2.737e-03  0.000e+00  0.000e+00 -2.737e-03  0.000e+00  0.000e+00  0.000e+00  0.000e+00  0.000e+00    0.157   -0.031
 4.5200 -1.80006e-03  9.965e-04 -2.797e-03 -2.797e-03  0.000e+00  0.000e+00 -2.797e-03  0.000e+00  0.000e+00  0.000e+00  0.000e+00  0.000e+00    0.167   -0.032
 4.5400 -1.80006e-03  1.060e-03 -2.860e-03 -2.860e-03  0.000e+00  0.000e+00 -2.860e-03  0.000e+00  0.000e+00  0.000e+00  0.000e+00  0.000e+00    0.178   -0.032
 4.5600 -1.80006e-03  1.126e-03 -2.926e-03 -2.926e-03  0.000e+00  0.000e+00 -2.926e-03  0.000e+00  0.000e+00  0.000e+00  0.000e+00  0.000e+00    0.189   -0.032
 4.5800 -1.80006e-03  1.197e-03 -2.997e-03 -2.997e-03  0.000e+00  0.000e+00 -2.997e-03  0.000e+00  0.000e+00  0.000e+00  0.000e+00  0.000e+00    0.201   -0.032
 4.6000 -1.80006e-03  1.272e-03 -3.072e-03 -3.072e-03  0.000e+00  0.000e+00 -3.072e-03  0.000e+00  0.000e+00  0.000e+00  0.000e+00  0.000e+00    0.213   -0.032
 4.6200 -1.80006e-03  1.351e-03 -3.151e-03 -3.151e-03  0.000e+00  0.000e+00 -3.151e-03  0.000e+00  0.000e+00  0.000e+00  0.000e+00  0.000e+00    0.227   -0.032
 4.6400 -1.80006e-03  1.434e-03 -3.234e-03 -3.234e-03  0.000e+00  0.000e+00 -3.234e-03  0.000e+00  0.000e+00  0.000e+00  0.000e+00  0.000e+00    0.241   -0.033
 4.6600 -1.80006e-03  1.523e-03 -3.323e-03 -3.323e-03  0.000e+00  0.000e+00 -3.323e-03  0.000e+00  0.000e+00  0.000e+00  0.000e+00  0.000e+00    0.255   -0.033
 4.6800 -1.80006e-03  1.617e-03 -3.417e-03 -3.417e-03  0.000e+00  0.000e+00 -3.417e-03  0.000e+00  0.000e+00  0.000e+00  0.000e+00  0.000e+00    0.271   -0.033
 4.7000 -1.80006e-03  1.717e-03 -3.517e-03 -3.517e-03  0.000e+00  0.000e+00 -3.517e-03  0.000e+00  0.000e+00  0.000e+00  0.000e+00  0.000e+00    0.288   -0.033
 4.7200 -1.80006e-03  1.823e-03 -3.623e-03 -3.623e-03  0.000e+00  0.000e+00 -3.623e-03  0.000e+00  0.000e+00  0.000e+00  0.000e+00  0.000e+00    0.306   -0.033
 4.7400 -1.80006e-03  1.935e-03 -3.735e-03 -3.735e-03  0.000e+00  0.000e+00 -3.735e-03  0.000e+00  0.000e+00  0.000e+00  0.000e+00  0.000e+00    0.325   -0.033
 4.7600 -1.80006e-03  2.055e-03 -3.855e-03 -3.855e-03  0.000e+00  0.000e+00 -3.855e-03  0.000e+00  0.000e+00  0.000e+00  0.000e+00  0.000e+00    0.345   -0.034
 4.7800 -1.80006e-03  2.183e-03 -3.983e-03 -3.983e-03  0.000e+00  0.000e+00 -3.983e-03  0.000e+00  0.000e+00  0.000e+00  0.000e+00  0.000e+00    0.366   -0.034
 4.8000 -1.80006e-03  2.319e-03 -4.119e-03 -4.119e-03  0.000e+00  0.000e+00 -4.119e-03  0.000e+00  0.000e+00  0.000e+00  0.000e+00  0.000e+00    0.389   -0.034
 4.8200 -1.80006e-03  2.464e-03 -4.264e-03 -4.264e-03  0.000e+00  0.000e+00 -4.264e-03  0.000e+00  0.000e+00  0.000e+00  0.000e+00  0.000e+00    0.413   -0.034
 4.8400 -1.80006e-03  2.618e-03 -4.418e-03 -4.418e-03  0.000e+00  0.000e+00 -4.418e-03  0.000e+00  0.000e+00  0.000e+00  0.000e+00  0.000e+00    0.439   -0.034
 4.8600 -1.80006e-03  2.783e-03 -4.583e-03 -4.583e-03  0.000e+00  0.000e+00 -4.583e-03  0.000e+00  0.000e+00  0.000e+00  0.000e+00  0.000e+00    0.467   -0.034
 4.8800 -1.80006e-03  2.960e-03 -4.760e-03 -4.760e-03  0.000e+00  0.000e+00 -4.760e-03  0.000e+00  0.000e+00  0.000e+00  0.000e+00  0.000e+00    0.496   -0.034
 4.9000 -1.80006e-03  3.148e-03 -4.948e-03 -4.948e-03  0.000e+00  0.000e+00 -4.948e-03  0.000e+00  0.000e+00  0.000e+00  0.000e+00  0.000e+00    0.528   -0.033
 4.9200 -1.80006e-03  3.350e-03 -5.150e-03 -5.150e-03  0.000e+00  0.000e+00 -5.150e-03  0.000e+00  0.000e+00  0.000e+00  0.000e+00  0.000e+00    0.562   -0.033
 4.9400 -1.80006e-03  3.565e-03 -5.365e-03 -5.365e-03  0.000e+00  0.000e+00 -5.365e-03  0.000e+00  0.000e+00  0.000e+00  0.000e+00  0.000e+00    0.598   -0.033
 4.9600 -1.80006e-03  3.796e-03 -5.596e-03 -5.596e-03  0.000e+00  0.000e+00 -5.596e-03  0.000e+00  0.000e+00  0.000e+00  0.000e+00  0.000e+00    0.637   -0.032
 4.9800 -1.80006e-03  4.042e-03 -5.842e-03 -5.842e-03  0.000e+00  0.000e+00 -5.842e-03  0.000e+00  0.000e+00  0.000e+00  0.000e+00  0.000e+00    0.678   -0.031
 5.0000 -1.80006e-03  4.305e-03 -6.105e-03 -6.105e-03  0.000e+00  0.000e+00 -6.105e-03  0.000e+00  0.000e+00  0.000e+00  0.000e+00  0.000e+00    0.722   -0.030
 5.0200 -1.80006e-03  4.586e-03 -6.386e-03 -6.386e-03  0.000e+00  0.000e+00 -6.386e-03  0.000e+00  0.000e+00  0.000e+00  0.000e+00  0.000e+00    0.769   -0.029
 5.0400 -1.80006e-03  4.884e-03 -6.684e-03 -6.684e-03  0.000e+00  0.000e+00 -6.684e-03  0.000e+00  0.000e+00  0.000e+00  0.000e+00  0.000e+00    0.819   -0.027
 5.0600 -1.80006e-03  5.201e-03 -7.001e-03 -7.001e-03  0.000e+00  0.000e+00 -7.001e-03  0.000e+00  0.000e+00  0.000e+00  0.000e+00  0.000e+00    0.872   -0.025
 5.0800 -1.80006e-03  5.534e-03 -7.335e-03 -7.335e-03  0.000e+00  0.000e+00 -7.335e-03  0.000e+00  0.000e+00  0.000e+00  0.000e+00  0.000e+00    0.928   -0.022
 5.1000 -1.80006e-03  5.884e-03 -7.684e-03 -7.684e-03  0.000e+00  0.000e+00 -7.684e-03  0.000e+00  0.000e+00  0.000e+00  0.000e+00  0.000e+00    0.987   -0.018
 5.1200 -1.80006e-03  6.247e-03 -8.047e-03 -8.047e-03  0.000e+00  0.000e+00 -8.047e-03  0.000e+00  0.000e+00  0.000e+00  0.000e+00  0.000e+00    1.048   -0.013
 5.1400 -1.80006e-03  6.617e-03 -8.417e-03 -8.417e-03  0.000e+00  0.000e+00 -8.417e-03  0.000e+00  0.000e+00  0.000e+00  0.000e+00  0.000e+00    1.110   -0.006
 5.1600 -1.80007e-03  6.987e-03 -8.788e-03 -8.788e-03  0.000e+00  0.000e+00 -8.788e-03  0.000e+00  0.000e+00  0.000e+00  0.000e+00  0.000e+00    1.172    0.002
 5.1800 -1.80007e-03  7.346e-03 -9.146e-03 -9.146e-03  0.000e+00  0.000e+00 -9.146e-03  0.000e+00  0.000e+00  0.000e+00  0.000e+00  0.000e+00    1.232    0.013
 5.2000 -1.80007e-03  7.676e-03 -9.476e-03 -9.476e-03  0.000e+00  0.000e+00 -9.476e-03  0.000e+00  0.000e+00  0.000e+00  0.000e+00  0.000e+00    1.288    0.026
 5.2200 -1.80007e-03  7.952e-03 -9.752e-03 -9.752e-03  0.000e+00  0.000e+00 -9.752e-03  0.000e+00  0.000e+00  0.000e+00  0.000e+00  0.000e+00    1.334    0.044
 5.2400 -1.80007e-03  8.141e-03 -9.941e-03 -9.941e-03  0.000e+00  0.000e+00 -9.941e-03  0.000e+00  0.000e+00  0.000e+00  0.000e+00  0.000e+00    1.366    0.066
 5.2600 -1.80007e-03  8.198e-03 -9.998e-03 -9.998e-03  0.000e+00  0.000e+00 -9.998e-03  0.000e+00  0.000e+00  0.000e+00  0.000e+00  0.000e+00    1.375    0.095
 5.2800 -1.80008e-03  8.069e-03 -9.869e-03 -9.869e-03  0.000e+00  0.000e+00 -9.869e-03  0.000e+00  0.000e+00  0.000e+00  0.000e+00  0.000e+00    1.354    0.132
 5.3000 -1.80008e-03  7.693e-03 -9.494e-03 -9.494e-03  0.000e+00  0.000e+00 -9.494e-03  0.000e+00  0.000e+00  0.000e+00  0.000e+00  0.000e+00    1.291    0.177
 5.3200 -1.80008e-03  7.013e-03 -8.813e-03 -8.813e-03  0.000e+00  0.000e+00 -8.813e-03  0.000e+00  0.000e+00  0.000e+00  0.000e+00  0.000e+00    1.176    0.231
 5.3400 -1.80008e-03  5.997e-03 -7.797e-03 -7.797e-03  0.000e+00  0.000e+00 -7.797e-03  0.000e+00  0.000e+00  0.000e+00  0.000e+00  0.000e+00    1.006    0.295
 5.3600 -1.80008e-03  4.668e-03 -6.469e-03 -6.469e-03  0.000e+00  0.000e+00 -6.469e-03  0.000e+00  0.000e+00  0.000e+00  0.000e+00  0.000e+00    0.783    0.366
 5.3800 -1.80007e-03  3.147e-03 -4.947e-03 -4.947e-03  0.000e+00  0.000e+00 -4.947e-03  0.000e+00  0.000e+00  0.000e+00  0.000e+00  0.000e+00    0.528    0.439
 5.4000 -1.80006e-03  1.662e-03 -3.462e-03 -3.462e-03  0.000e+00  0.000e+00 -3.462e-03  0.000e+00  0.000e+00  0.000e+00  0.000e+00  0.000e+00    0.279    0.504
 5.4200 -1.80005e-03  5.204e-04 -2.320e-03 -2.320e-03  0.000e+00  0.000e+00 -2.320e-03  0.000e+00  0.000e+00  0.000e+00  0.000e+00  0.000e+00    0.087    0.551
 5.4400 -1.80004e-03  1.049e-05 -1.811e-03 -1.811e-03  0.000e+00  0.000e+00 -1.811e-03  0.000e+00  0.000e+00  0.000e+00  0.000e+00  0.000e+00    0.002    0.572
 5.4600 -1.80005e-03  2.747e-04 -2.075e-03 -2.075e-03  0.000e+00  0.000e+00 -2.075e-03  0.000e+00  0.000e+00  0.000e+00  0.000e+00  0.000e+00    0.046    0.561
 5.4800 -1.80006e-03  1.238e-03 -3.038e-03 -3.038e-03  0.000e+00  0.000e+00 -3.038e-03  0.000e+00  0.000e+00  0.000e+00  0.000e+00  0.000e+00    0.208    0.521
 5.5000 -1.80007e-03  2.647e-03 -4.447e-03 -4.447e-03  0.000e+00  0.000e+00 -4.447e-03  0.000e+00  0.000e+00  0.000e+00  0.000e+00  0.000e+00    0.444    0.460
 5.5200 -1.80008e-03  4.187e-03 -5.987e-03 -5.987e-03  0.000e+00  0.000e+00 -5.987e-03  0.000e+00  0.000e+00  0.000e+00  0.000e+00  0.000e+00    0.702    0.389
 5.5400 -1.80008e-03  5.596e-03 -7.396e-03 -7.396e-03  0.000e+00  0.000e+00 -7.396e-03  0.000e+00  0.000e+00  0.000e+00  0.000e+00  0.000e+00    0.939    0.317
 5.5600 -1.80008e-03  6.720e-03 -8.520e-03 -8.520e-03  0.000e+00  0.000e+00 -8.520e-03  0.000e+00  0.000e+00  0.000e+00  0.000e+00  0.000e+00    1.127    0.251
 5.5800 -1.80008e-03  7.508e-03 -9.308e-03 -9.308e-03  0.000e+00  0.000e+00 -9.308e-03  0.000e+00  0.000e+00  0.000e+00  0.000e+00  0.000e+00    1.259    0.193
 5.6000 -1.80008e-03  7.977e-03 -9.777e-03 -9.777e-03  0.000e+00  0.000e+00 -9.777e-03  0.000e+00  0.000e+00  0.000e+00  0.000e+00  0.000e+00    1.338    0.145
 5.6200 -1.80008e-03  8.180e-03 -9.980e-03 -9.980e-03  0.000e+00  0.000e+00 -9.980e-03  0.000e+00  0.000e+00  0.000e+00  0.000e+00  0.000e+00    1.372    0.106
 5.6400 -1.80007e-03  8.176e-03 -9.976e-03 -9.976e-03  0.000e+00  0.000e+00 -9.976e-03  0.000e+00  0.000e+00  0.000e+00  0.000e+00  0.000e+00    1.371    0.075
 5.6600 -1.80007e-03  8.025e-03 -9.825e-03 -9.825e-03  0.000e+00  0.000e+00 -9.825e-03  0.000e+00  0.000e+00  0.000e+00  0.000e+00  0.000e+00    1.346    0.051
 5.6800 -1.80007e-03  7.773e-03 -9.573e-03 -9.573e-03  0.000e+00  0.000e+00 -9.573e-03  0.000e+00  0.000e+00  0.000e+00  0.000e+00  0.000e+00    1.304    0.032
 5.7000 -1.80007e-03  7.458e-03 -9.258e-03 -9.258e-03  0.000e+00  0.000e+00 -9.258e-03  0.000e+00  0.000e+00  0.000e+00  0.000e+00  0.000e+00    1.251    0.017
 5.7200 -1.80007e-03  7.106e-03 -8.906e-03 -8.906e-03  0.000e+00  0.000e+00 -8.906e-03  0.000e+00  0.000e+00  0.000e+00  0.000e+00  0.000e+00    1.192    0.005
 5.7400 -1.80006e-03  6.738e-03 -8.538e-03 -8.538e-03  0.000e+00  0.000e+00 -8.538e-03  0.000e+00  0.000e+00  0.000e+00  0.000e+00  0.000e+00    1.130   -0.004
 5.7600 -1.80006e-03  6.366e-03 -8.166e-03 -8.166e-03  0.000e+00  0.000e+00 -8.166e-03  0.000e+00  0.000e+00  0.000e+00  0.000e+00  0.000e+00    1.068   -0.011
 5.7800 -1.80006e-03  6.001e-03 -7.801e-03 -7.801e-03  0.000e+00  0.000e+00 -7.801e-03  0.000e+00  0.000e+00  0.000e+00  0.000e+00  0.000e+00    1.007   -0.016
 5.8000 -1.80006e-03  5.646e-03 -7.446e-03 -7.446e-03  0.000e+00  0.000e+00 -7.446e-03  0.000e+00  0.000e+00  0.000e+00  0.000e+00  0.000e+00    0.947   -0.020
 5.8200 -1.80006e-03  5.307e-03 -7.107e-03 -7.107e-03  0.000e+00  0.000e+00 -7.107e-03  0.000e+00  0.000e+00  0.000e+00  0.000e+00  0.000e+00    0.890   -0.024
 5.8400 -1.80006e-03  4.985e-03 -6.785e-03 -6.785e-03  0.000e+00  0.000e+00 -6.785e-03  0.000e+00  0.000e+00  0.000e+00  0.000e+00  0.000e+00    0.836   -0.026
 5.8600 -1.80006e-03  4.681e-03 -6.481e-03 -6.481e-03  0.000e+00  0.000e+00 -6.481e-03  0.000e+00  0.000e+00  0.000e+00  0.000e+00  0.000e+00    0.785   -0.028
 5.8800 -1.80006e-03  4.395e-03 -6.195e-03 -6.195e-03  0.000e+00  0.000e+00 -6.195e-03  0.000e+00  0.000e+00  0.000e+00  0.000e+00  0.000e+00    0.737   -0.030
 5.9000 -1.80006e-03  4.126e-03 -5.926e-03 -5.926e-03  0.000e+00  0.000e+00 -5.926e-03  0.000e+00  0.000e+00  0.000e+00  0.000e+00  0.000e+00    0.692   -0.031
 5.9200 -1.80006e-03  3.874e-03 -5.674e-03 -5.674e-03  0.000e+00  0.000e+00 -5.674e-03  0.000e+00  0.000e+00  0.000e+00  0.000e+00  0.000e+00    0.650   -0.032
 5.9400 -1.80006e-03  3.639e-03 -5.439e-03 -5.439e-03  0.000e+00  0.000e+00 -5.439e-03  0.000e+00  0.000e+00  0.000e+00  0.000e+00  0.000e+00    0.610   -0.032
 5.9600 -1.80006e-03  3.418e-03 -5.218e-03 -5.218e-03  0.000e+00  0.000e+00 -5.218e-03  0.000e+00  0.000e+00  0.000e+00  0.000e+00  0.000e+00    0.573   -0.033
 5.9800 -1.80006e-03  3.212e-03 -5.012e-03 -5.012e-03  0.000e+00  0.000e+00 -5.012e-03  0.000e+00  0.000e+00  0.000e+00  0.000e+00  0.000e+00    0.539   -0.033
 6.0000 -1.80006e-03  3.020e-03 -4.820e-03 -4.820e-03  0.000e+00  0.000e+00 -4.820e-03  0.000e+00  0.000e+00  0.000e+00  0.000e+00  0.000e+00    0.506   -0.033
 6.0200 -1.80006e-03  2.839e-03 -4.639e-03 -4.639e-03  0.000e+00  0.000e+00 -4.639e-03  0.000e+00  0.000e+00  0.000e+00  0.000e+00  0.000e+00    0.476   -0.034
 6.0400 -1.80006e-03  2.671e-03 -4.471e-03 -4.471e-03  0.000e+00  0.000e+00 -4.471e-03  0.000e+00  0.000e+00  0.000e+00  0.000e+00  0.000e+00    0.448   -0.034
 6.0600 -1.80006e-03  2.513e-03 -4.313e-03 -4.313e-03  0.000e+00  0.000e+00 -4.313e-03  0.000e+00  0.000e+00  0.000e+00  0.000e+00  0.000e+00    0.421   -0.034
 6.0800 -1.80006e-03  2.365e-03 -4.165e-03 -4.165e-03  0.000e+00  0.000e+00 -4.165e-03  0.000e+00  0.000e+00  0.000e+00  0.000e+00  0.000e+00    0.397   -0.034
 6.1000 -1.80006e-03  2.226e-03 -4.026e-03 -4.026e-03  0.000e+00  0.000e+00 -4.026e-03  0.000e+00  0.000e+00  0.000e+00  0.000e+00  0.000e+00    0.373   -0.034
 6.1200 -1.80006e-03  2.096e-03 -3.896e-03 -3.896e-03  0.000e+00  0.000e+00 -3.896e-03  0.000e+00  0.000e+00  0.000e+00  0.000e+00  0.000e+00    0.352   -0.033
 6.1400 -1.80006e-03  1.973e-03 -3.773e-03 -3.773e-03  0.000e+00  0.000e+00 -3.773e-03  0.000e+00  0.000e+00  0.000e+00  0.000e+00  0.000e+00    0.331   -0.033
 6.1600 -1.80006e-03  1.859e-03 -3.659e-03 -3.659e-03  0.000e+00  0.000e+00 -3.659e-03  0.000e+00  0.000e+00  0.000e+00  0.000e+00  0.000e+00    0.312   -0.033
 6.1800 -1.80006e-03  1.750e-03 -3.550e-03 -3.550e-03  0.000e+00  0.000e+00 -3.550e-03  0.000e+00  0.000e+00  0.000e+00  0.000e+00  0.000e+00    0.294   -0.033
 6.2000 -1.80006e-03  1.649e-03 -3.449e-03 -3.449e-03  0.000e+00  0.000e+00 -3.449e-03  0.000e+00  0.000e+00  0.000e+00  0.000e+00  0.000e+00    0.277   -0.033
 6.2200 -1.80006e-03  1.553e-03 -3.353e-03 -3.353e-03  0.000e+00  0.000e+00 -3.353e-03  0.000e+00  0.000e+00  0.000e+00  0.000e+00  0.000e+00    0.260   -0.033
 6.2400 -1.80006e-03  1.462e-03 -3.263e-03 -3.263e-03  0.000e+00  0.000e+00 -3.263e-03  0.000e+00  0.000e+00  0.000e+00  0.000e+00  0.000e+00    0.245   -0.033
 6.2600 -1.80006e-03  1.377e-03 -3.177e-03 -3.177e-03  0.000e+00  0.000e+00 -3.177e-03  0.000e+00  0.000e+00  0.000e+00  0.000e+00  0.000e+00    0.231   -0.032
 6.2800 -1.80006e-03  1.297e-03 -3.097e-03 -3.097e-03  0.000e+00  0.000e+00 -3.097e-03  0.000e+00  0.000e+00  0.000e+00  0.000e+00  0.000e+00    0.218   -0.032
 6.3000 -1.80006e-03  1.221e-03 -3.021e-03 -3.021e-03  0.000e+00  0.000e+00 -3.021e-03  0.000e+00  0.000e+00  0.000e+00  0.000e+00  0.000e+00    0.205   -0.032
 6.3200 -1.80006e-03  1.149e-03 -2.949e-03 -2.949e-03  0.000e+00  0.000e+00 -2.949e-03  0.000e+00  0.000e+00  0.000e+00  0.000e+00  0.000e+00    0.193   -0.032
 6.3400 -1.80006e-03  1.081e-03 -2.881e-03 -2.881e-03  0.000e+00  0.000e+00 -2.881e-03  0.000e+00  0.000e+00  0.000e+00  0.000e+00  0.000e+00    0.181   -0.032
 6.3600 -1.80006e-03  1.017e-03 -2.817e-03 -2.817e-03  0.000e+00  0.000e+00 -2.817e-03  0.000e+00  0.000e+00  0.000e+00  0.000e+00  0.000e+00    0.171   -0.032
 6.3800 -1.80006e-03  9.557e-04 -2.756e-03 -2.756e-03  0.000e+00  0.000e+00 -2.756e-03  0.000e+00  0.000e+00  0.000e+00  0.000e+00  0.000e+00    0.160   -0.031
 6.4000 -1.80006e-03  8.980e-04 -2.698e-03 -2.698e-03  0.000e+00  0.000e+00 -2.698e-03  0.000e+00  0.000e+00  0.000e+00  0.000e+00  0.000e+00    0.151   -0.031
 6.4200 -1.80006e-03  8.434e-04 -2.643e-03 -2.643e-03  0.000e+00  0.000e+00 -2.643e-03  0.000e+00  0.000e+00  0.000e+00  0.000e+00  0.000e+00    0.141   -0.031
 6.4400 -1.80006e-03  7.915e-04 -2.592e-03 -2.592e-03  0.000e+00  0.000e+00 -2.592e-03  0.000e+00  0.000e+00  0.000e+00  0.000e+00  0.000e+00    0.133   -0.031
 6.4600 -1.80006e-03  7.424e-04 -2.542e-03 -2.542e-03  0.000e+00  0.000e+00 -2.542e-03  0.000e+00  0.000e+00  0.000e+00  0.000e+00  0.000e+00    0.125   -0.031
 6.4800 -1.80006e-03  6.958e-04 -2.496e-03 -2.496e-03  0.000e+00  0.000e+00 -2.496e-03  0.000e+00  0.000e+00  0.000e+00  0.000e+00  0.000e+00    0.117   -0.031
 6.5000 -1.80006e-03  6.516e-04 -2.452e-03 -2.452e-03  0.000e+00  0.000e+00 -2.452e-03  0.000e+00  0.000e+00  0.000e+00  0.000e+00  0.000e+00    0.109   -0.031
 6.5200 -1.80006e-03  6.096e-04 -2.410e-03 -2.410e-03  0.000e+00  0.000e+00 -2.410e-03  0.000e+00  0.000e+00  0.000e+00  0.000e+00  0.000e+00    0.102   -0.030
 6.5400 -1.80006e-03  5.697e-04 -2.370e-03 -2.370e-03  0.000e+00  0.000e+00 -2.370e-03  0.000e+00  0.000e+00  0.000e+00  0.000e+00  0.000e+00    0.096   -0.030
 6.5600 -1.80006e-03  5.319e-04 -2.332e-03 -2.332e-03  0.000e+00  0.000e+00 -2.332e-03  0.000e+00  0.000e+00  0.000e+00  0.000e+00  0.000e+00    0.089   -0.030
 6.5800 -1.80006e-03  4.960e-04 -2.296e-03 -2.296e-03  0.000e+00  0.000e+00 -2.296e-03  0.000e+00  0.000e+00  0.000e+00  0.000e+00  0.000e+00    0.083   -0.030
 6.6000 -1.80006e-03  4.619e-04 -2.262e-03 -2.262e-03  0.000e+00  0.000e+00 -2.262e-03  0.000e+00  0.000e+00  0.000e+00  0.000e+00  0.000e+00    0.077   -0.030
 6.6200 -1.80006e-03  4.295e-04 -2.230e-03 -2.230e-03  0.000e+00  0.000e+00 -2.230e-03  0.000e+00  0.000e+00  0.000e+00  0.000e+00  0.000e+00    0.072   -0.030
 6.6400 -1.80006e-03  3.988e-04 -2.199e-03 -2.199e-03  0.000e+00  0.000e+00 -2.199e-03  0.000e+00  0.000e+00  0.000e+00  0.000e+00  0.000e+00    0.067   -0.030
 6.6600 -1.80006e-03  3.697e-04 -2.170e-03 -2.170e-03  0.000e+00  0.000e+00 -2.170e-03  0.000e+00  0.000e+00  0.000e+00  0.000e+00  0.000e+00    0.062   -0.030
 6.6800 -1.80006e-03  3.420e-04 -2.142e-03 -2.142e-03  0.000e+00  0.000e+00 -2.142e-03  0.000e+00  0.000e+00  0.000e+00  0.000e+00  0.000e+00    0.057   -0.030
 6.7000 -1.80006e-03  3.158e-04 -2.116e-03 -2.116e-03  0.000e+00  0.000e+00 -2.116e-03  0.000e+00  0.000e+00  0.000e+00  0.000e+00  0.000e+00    0.053   -0.030
 6.7200 -1.80006e-03  2.910e-04 -2.091e-03 -2.091e-03  0.000e+00  0.000e+00 -2.091e-03  0.000e+00  0.000e+00  0.000e+00  0.000e+00  0.000e+00    0.049   -0.029
 6.7400 -1.80006e-03  2.675e-04 -2.068e-03 -2.068e-03  0.000e+00  0.000e+00 -2.068e-03  0.000e+00  0.000e+00  0.000e+00  0.000e+00  0.000e+00    0.045   -0.029
 6.7600 -1.80006e-03  2.452e-04 -2.045e-03 -2.045e-03  0.000e+00  0.000e+00 -2.045e-03  0.000e+00  0.000e+00  0.000e+00  0.000e+00  0.000e+00    0.041   -0.029
 6.7800 -1.80006e-03  2.241e-04 -2.024e-03 -2.024e-03  0.000e+00  0.000e+00 -2.024e-03  0.000e+00  0.000e+00  0.000e+00  0.000e+00  0.000e+00    0.038   -0.029
 6.8000 -1.80006e-03  2.042e-04 -2.004e-03 -2.004e-03  0.000e+00  0.000e+00 -2.004e-03  0.000e+00  0.000e+00  0.000e+00  0.000e+00  0.000e+00    0.034   -0.029
 6.8200 -1.80006e-03  1.855e-04 -1.986e-03 -1.986e-03  0.000e+00  0.000e+00 -1.986e-03  0.000e+00  0.000e+00  0.000e+00  0.000e+00  0.000e+00    0.031   -0.029
 6.8400 -1.80006e-03  1.678e-04 -1.968e-03 -1.968e-03  0.000e+00  0.000e+00 -1.968e-03  0.000e+00  0.000e+00  0.000e+00  0.000e+00  0.000e+00    0.028   -0.029
 6.8600 -1.80006e-03  1.511e-04 -1.951e-03 -1.951e-03  0.000e+00  0.000e+00 -1.951e-03  0.000e+00  0.000e+00  0.000e+00  0.000e+00  0.000e+00    0.025   -0.029
 6.8800 -1.80006e-03  1.355e-04 -1.936e-03 -1.936e-03  0.000e+00  0.000e+00 -1.936e-03  0.000e+00  0.000e+00  0.000e+00  0.000e+00  0.000e+00    0.023   -0.029
 6.9000 -1.80006e-03  1.209e-04 -1.921e-03 -1.921e-03  0.000e+00  0.000e+00 -1.921e-03  0.000e+00  0.000e+00  0.000e+00  0.000e+00  0.000e+00    0.020   -0.029
 6.9200 -1.80006e-03  1.071e-04 -1.907e-03 -1.907e-03  0.000e+00  0.000e+00 -1.907e-03  0.000e+00  0.000e+00  0.000e+00  0.000e+00  0.000e+00    0.018   -0.029
 6.9400 -1.80006e-03  9.436e-05 -1.894e-03 -1.894e-03  0.000e+00  0.000e+00 -1.894e-03  0.000e+00  0.000e+00  0.000e+00  0.000e+00  0.000e+00    0.016   -0.029
 6.9600 -1.80006e-03  8.247e-05 -1.883e-03 -1.883e-03  0.000e+00  0.000e+00 -1.883e-03  0.000e+00  0.000e+00  0.000e+00  0.000e+00  0.000e+00    0.014   -0.029
 6.9800 -1.80006e-03  7.145e-05 -1.872e-03 -1.872e-03  0.000e+00  0.000e+00 -1.872e-03  0.000e+00  0.000e+00  0.000e+00  0.000e+00  0.000e+00    0.012   -0.029
 7.0000 -1.80006e-03  6.129e-05 -1.861e-03 -1.861e-03  0.000e+00  0.000e+00 -1.861e-03  0.000e+00  0.000e+00  0.000e+00  0.000e+00  0.000e+00    0.010   -0.029
 7.0200 -1.80006e-03  5.195e-05 -1.852e-03 -1.852e-03  0.000e+00  0.000e+00 -1.852e-03  0.000e+00  0.000e+00  0.000e+00  0.000e+00  0.000e+00    0.009   -0.029
 7.0400 -1.80006e-03  4.343e-05 -1.843e-03 -1.843e-03  0.000e+00  0.000e+00 -1.843e-03  0.000e+00  0.000e+00  0.000e+00  0.000e+00  0.000e+00    0.007   -0.029
 7.0600 -1.80006e-03  3.571e-05 -1.836e-03 -1.836e-03  0.000e+00  0.000e+00 -1.836e-03  0.000e+00  0.000e+00  0.000e+00  0.000e+00  0.000e+00    0.006   -0.029
 7.0800 -1.80006e-03  2.877e-05 -1.829e-03 -1.829e-03  0.000e+00  0.000e+00 -1.829e-03  0.000e+00  0.000e+00  0.000e+00  0.000e+00  0.000e+00    0.005   -0.028
 7.1000 -1.80006e-03  2.261e-05 -1.823e-03 -1.823e-03  0.000e+00  0.000e+00 -1.823e-03  0.000e+00  0.000e+00  0.000e+00  0.000e+00  0.000e+00    0.004   -0.028
 7.1200 -1.80006e-03  1.720e-05 -1.817e-03 -1.817e-03  0.000e+00  0.000e+00 -1.817e-03  0.000e+00  0.000e+00  0.000e+00  0.000e+00  0.000e+00    0.003   -0.028
 7.1400 -1.80006e-03  1.255e-05 -1.813e-03 -1.813e-03  0.000e+00  0.000e+00 -1.813e-03  0.000e+00  0.000e+00  0.000e+00  0.000e+00  0.000e+00    0.002   -0.028
 7.1600 -1.80006e-03  8.637e-06 -1.809e-03 -1.809e-03  0.000e+00  0.000e+00 -1.809e-03  0.000e+00  0.000e+00  0.000e+00  0.000e+00  0.000e+00    0.001   -0.028
 7.1800 -1.80006e-03  5.459e-06 -1.806e-03 -1.806e-03  0.000e+00  0.000e+00 -1.806e-03  0.000e+00  0.000e+00  0.000e+00  0.000e+00  0.000e+00    0.001   -0.028
 7.2000 -1.80006e-03  3.011e-06 -1.803e-03 -1.803e-03  0.000e+00  0.000e+00 -1.803e-03  0.000e+00  0.000e+00  0.000e+00  0.000e+00  0.000e+00    0.001   -0.028
 7.2200 -1.80006e-03  1.288e-06 -1.801e-03 -1.801e-03  0.000e+00  0.000e+00 -1.801e-03  0.000e+00  0.000e+00  0.000e+00  0.000e+00  0.000e+00    0.000   -0.028
 7.2400 -1.80006e-03  2.860e-07 -1.800e-03 -1.800e-03  0.000e+00  0.000e+00 -1.800e-03  0.000e+00  0.000e+00  0.000e+00  0.000e+00  0.000e+00    0.000   -0.028
 7.2600 -1.80006e-03  4.217e-09 -1.800e-03 -1.800e-03  0.000e+00  0.000e+00 -1.800e-03  0.000e+00  0.000e+00  0.000e+00  0.000e+00  0.000e+00    0.000   -0.028
 7.2800 -1.80006e-03  4.418e-07 -1.801e-03 -1.801e-03  0.000e+00  0.000e+00 -1.801e-03  0.000e+00  0.000e+00  0.000e+00  0.000e+00  0.000e+00    0.000   -0.028
 7.3000 -1.80006e-03  1.600e-06 -1.802e-03 -1.802e-03  0.000e+00  0.000e+00 -1.802e-03  0.000e+00  0.000e+00  0.000e+00  0.000e+00  0.000e+00    0.000   -0.028
 7.3200 -1.80006e-03  3.480e-06 -1.804e-03 -1.804e-03  0.000e+00  0.000e+00 -1.804e-03  0.000e+00  0.000e+00  0.000e+00  0.000e+00  0.000e+00    0.001   -0.028
 7.3400 -1.80006e-03  6.086e-06 -1.806e-03 -1.806e-03  0.000e+00  0.000e+00 -1.806e-03  0.000e+00  0.000e+00  0.000e+00  0.000e+00  0.000e+00    0.001   -0.028
 7.3600 -1.80006e-03  9.422e-06 -1.809e-03 -1.809e-03  0.000e+00  0.000e+00 -1.809e-03  0.000e+00  0.000e+00  0.000e+00  0.000e+00  0.000e+00    0.002   -0.028
 7.3800 -1.80006e-03  1.349e-05 -1.814e-03 -1.814e-03  0.000e+00  0.000e+00 -1.814e-03  0.000e+00  0.000e+00  0.000e+00  0.000e+00  0.000e+00    0.002   -0.028
 7.4000 -1.80006e-03  1.831e-05 -1.818e-03 -1.818e-03  0.000e+00  0.000e+00 -1.818e-03  0.000e+00  0.000e+00  0.000e+00  0.000e+00  0.000e+00    0.003   -0.028
 7.4200 -1.80006e-03  2.388e-05 -1.824e-03 -1.824e-03  0.000e+00  0.000e+00 -1.824e-03  0.000e+00  0.000e+00  0.000e+00  0.000e+00  0.000e+00    0.004   -0.028
 7.4400 -1.80006e-03  3.021e-05 -1.830e-03 -1.830e-03  0.000e+00  0.000e+00 -1.830e-03  0.000e+00  0.000e+00  0.000e+00  0.000e+00  0.000e+00    0.005   -0.028
 7.4600 -1.80006e-03  3.732e-05 -1.837e-03 -1.837e-03  0.000e+00  0.000e+00 -1.837e-03  0.000e+00  0.000e+00  0.000e+00  0.000e+00  0.000e+00    0.006   -0.029
 7.4800 -1.80006e-03  4.521e-05 -1.845e-03 -1.845e-03  0.000e+00  0.000e+00 -1.845e-03  0.000e+00  0.000e+00  0.000e+00  0.000e+00  0.000e+00    0.008   -0.029
 7.5000 -1.80006e-03  5.390e-05 -1.854e-03 -1.854e-03  0.000e+00  0.000e+00 -1.854e-03  0.000e+00  0.000e+00  0.000e+00  0.000e+00  0.000e+00    0.009   -0.029
 7.5200 -1.80006e-03  6.342e-05 -1.863e-03 -1.863e-03  0.000e+00  0.000e+00 -1.863e-03  0.000e+00  0.000e+00  0.000e+00  0.000e+00  0.000e+00    0.011   -0.029
 7.5400 -1.80006e-03  7.377e-05 -1.874e-03 -1.874e-03  0.000e+00  0.000e+00 -1.874e-03  0.000e+00  0.000e+00  0.000e+00  0.000e+00  0.000e+00    0.012   -0.029
 7.5600 -1.80006e-03  8.497e-05 -1.885e-03 -1.885e-03  0.000e+00  0.000e+00 -1.885e-03  0.000e+00  0.000e+00  0.000e+00  0.000e+00  0.000e+00    0.014   -0.029
 7.5800 -1.80006e-03  9.705e-05 -1.897e-03 -1.897e-03  0.000e+00  0.000e+00 -1.897e-03  0.000e+00  0.000e+00  0.000e+00  0.000e+00  0.000e+00    0.016   -0.029
 7.6000 -1.80006e-03  1.100e-04 -1.910e-03 -1.910e-03  0.000e+00  0.000e+00 -1.910e-03  0.000e+00  0.000e+00  0.000e+00  0.000e+00  0.000e+00    0.018   -0.029
 7.6200 -1.80006e-03  1.239e-04 -1.924e-03 -1.924e-03  0.000e+00  0.000e+00 -1.924e-03  0.000e+00  0.000e+00  0.000e+00  0.000e+00  0.000e+00    0.021   -0.029
 7.6400 -1.80006e-03  1.388e-04 -1.939e-03 -1.939e-03  0.000e+00  0.000e+00 -1.939e-03  0.000e+00  0.000e+00  0.000e+00  0.000e+00  0.000e+00    0.023   -0.029
 7.6600 -1.80006e-03  1.547e-04 -1.955e-03 -1.955e-03  0.000e+00  0.000e+00 -1.955e-03  0.000e+00  0.000e+00  0.000e+00  0.000e+00  0.000e+00    0.026   -0.029
 7.6800 -1.80006e-03  1.715e-04 -1.972e-03 -1.972e-03  0.000e+00  0.000e+00 -1.972e-03  0.000e+00  0.000e+00  0.000e+00  0.000e+00  0.000e+00    0.029   -0.029
 7.7000 -1.80006e-03  1.894e-04 -1.990e-03 -1.990e-03  0.000e+00  0.000e+00 -1.990e-03  0.000e+00  0.000e+00  0.000e+00  0.000e+00  0.000e+00    0.032   -0.029
 7.7200 -1.80006e-03  2.085e-04 -2.009e-03 -2.009e-03  0.000e+00  0.000e+00 -2.009e-03  0.000e+00  0.000e+00  0.000e+00  0.000e+00  0.000e+00    0.035   -0.029
 7.7400 -1.80006e-03  2.286e-04 -2.029e-03 -2.029e-03  0.000e+00  0.000e+00 -2.029e-03  0.000e+00  0.000e+00  0.000e+00  0.000e+00  0.000e+00    0.038   -0.029
 7.7600 -1.80006e-03  2.499e-04 -2.050e-03 -2.050e-03  0.000e+00  0.000e+00 -2.050e-03  0.000e+00  0.000e+00  0.000e+00  0.000e+00  0.000e+00    0.042   -0.029
 7.7800 -1.80006e-03  2.724e-04 -2.073e-03 -2.073e-03  0.000e+00  0.000e+00 -2.073e-03  0.000e+00  0.000e+00  0.000e+00  0.000e+00  0.000e+00    0.046   -0.029
 7.8000 -1.80006e-03  2.962e-04 -2.096e-03 -2.096e-03  0.000e+00  0.000e+00 -2.096e-03  0.000e+00  0.000e+00  0.000e+00  0.000e+00  0.000e+00    0.050   -0.029
 7.8200 -1.80006e-03  3.214e-04 -2.121e-03 -2.121e-03  0.000e+00  0.000e+00 -2.121e-03  0.000e+00  0.000e+00  0.000e+00  0.000e+00  0.000e+00    0.054   -0.030
 7.8400 -1.80006e-03  3.479e-04 -2.148e-03 -2.148e-03  0.000e+00  0.000e+00 -2.148e-03  0.000e+00  0.000e+00  0.000e+00  0.000e+00  0.000e+00    0.058   -0.030
 7.8600 -1.80006e-03  3.758e-04 -2.176e-03 -2.176e-03  0.000e+00  0.000e+00 -2.176e-03  0.000e+00  0.000e+00  0.000e+00  0.000e+00  0.000e+00    0.063   -0.030
 7.8800 -1.80006e-03  4.053e-04 -2.205e-03 -2.205e-03  0.000e+00  0.000e+00 -2.205e-03  0.000e+00  0.000e+00  0.000e+00  0.000e+00  0.000e+00    0.068   -0.030
 7.9000 -1.80006e-03  4.364e-04 -2.236e-03 -2.236e-03  0.000e+00  0.000e+00 -2.236e-03  0.000e+00  0.000e+00  0.000e+00  0.000e+00  0.000e+00    0.073   -0.030
 7.9200 -1.80006e-03  4.691e-04 -2.269e-03 -2.269e-03  0.000e+00  0.000e+00 -2.269e-03  0.000e+00  0.000e+00  0.000e+00  0.000e+00  0.000e+00    0.079   -0.030
 7.9400 -1.80006e-03  5.036e-04 -2.304e-03 -2.304e-03  0.000e+00  0.000e+00 -2.304e-03  0.000e+00  0.000e+00  0.000e+00  0.000e+00  0.000e+00    0.084   -0.030
 7.9600 -1.80006e-03  5.399e-04 -2.340e-03 -2.340e-03  0.000e+00  0.000e+00 -2.340e-03  0.000e+00  0.000e+00  0.000e+00  0.000e+00  0.000e+00    0.091   -0.030
 7.9800 -1.80006e-03  5.782e-04 -2.378e-03 -2.378e-03  0.000e+00  0.000e+00 -2.378e-03  0.000e+00  0.000e+00  0.000e+00  0.000e+00  0.000e+00    0.097   -0.030
 8.0000 -1.80006e-03  6.185e-04 -2.419e-03 -2.419e-03  0.000e+00  0.000e+00 -2.419e-03  0.000e+00  0.000e+00  0.000e+00  0.000e+00  0.000e+00    0.104   -0.031
 8.0200 -1.80006e-03  6.609e-04 -2.461e-03 -2.461e-03  0.000e+00  0.000e+00 -2.461e-03  0.000e+00  0.000e+00  0.000e+00  0.000e+00  0.000e+00    0.111   -0.031
 8.0400 -1.80006e-03  7.057e-04 -2.506e-03 -2.506e-03  0.000e+00  0.000e+00 -2.506e-03  0.000e+00  0.000e+00  0.000e+00  0.000e+00  0.000e+00    0.118   -0.031
 8.0600 -1.80006e-03  7.528e-04 -2.553e-03 -2.553e-03  0.000e+00  0.000e+00 -2.553e-03  0.000e+00  0.000e+00  0.000e+00  0.000e+00  0.000e+00    0.126   -0.031
 8.0800 -1.80006e-03  8.025e-04 -2.603e-03 -2.603e-03  0.000e+00  0.000e+00 -2.603e-03  0.000e+00  0.000e+00  0.000e+00  0.000e+00  0.000e+00    0.135   -0.031
 8.1000 -1.80006e-03  8.550e-04 -2.655e-03 -2.655e-03  0.000e+00  0.000e+00 -2.655e-03  0.000e+00  0.000e+00  0.000e+00  0.000e+00  0.000e+00    0.143   -0.031
 8.1200 -1.80006e-03  9.102e-04 -2.710e-03 -2.710e-03  0.000e+00  0.000e+00 -2.710e-03  0.000e+00  0.000e+00  0.000e+00  0.000e+00  0.000e+00    0.153   -0.031
 8.1400 -1.80006e-03  9.686e-04 -2.769e-03 -2.769e-03  0.000e+00  0.000e+00 -2.769e-03  0.000e+00  0.000e+00  0.000e+00  0.000e+00  0.000e+00    0.162   -0.032
 8.1600 -1.80006e-03  1.030e-03 -2.830e-03 -2.830e-03  0.000e+00  0.000e+00 -2.830e-03  0.000e+00  0.000e+00  0.000e+00  0.000e+00  0.000e+00    0.173   -0.032
 8.1800 -1.80006e-03  1.095e-03 -2.895e-03 -2.895e-03  0.000e+00  0.000e+00 -2.895e-03  0.000e+00  0.000e+00  0.000e+00  0.000e+00  0.000e+00    0.184   -0.032
 8.2000 -1.80006e-03  1.164e-03 -2.964e-03 -2.964e-03  0.000e+00  0.000e+00 -2.964e-03  0.000e+00  0.000e+00  0.000e+00  0.000e+00  0.000e+00    0.195   -0.032
 8.2200 -1.80006e-03  1.237e-03 -3.037e-03 -3.037e-03  0.000e+00  0.000e+00 -3.037e-03  0.000e+00  0.000e+00  0.000e+00  0.000e+00  0.000e+00    0.207   -0.032
 8.2400 -1.80006e-03  1.314e-03 -3.114e-03 -3.114e-03  0.000e+00  0.000e+00 -3.114e-03  0.000e+00  0.000e+00  0.000e+00  0.000e+00  0.000e+00    0.220   -0.032
 8.2600 -1.80006e-03  1.395e-03 -3.195e-03 -3.195e-03  0.000e+00  0.000e+00 -3.195e-03  0.000e+00  0.000e+00  0.000e+00  0.000e+00  0.000e+00    0.234   -0.033
 8.2800 -1.80006e-03  1.482e-03 -3.282e-03 -3.282e-03  0.000e+00  0.000e+00 -3.282e-03  0.000e+00  0.000e+00  0.000e+00  0.000e+00  0.000e+00    0.249   -0.033
 8.3000 -1.80006e-03  1.573e-03 -3.373e-03 -3.373e-03  0.000e+00  0.000e+00 -3.373e-03  0.000e+00  0.000e+00  0.000e+00  0.000e+00  0.000e+00    0.264   -0.033
 8.3200 -1.80006e-03  1.670e-03 -3.470e-03 -3.470e-03  0.000e+00  0.000e+00 -3.470e-03  0.000e+00  0.000e+00  0.000e+00  0.000e+00  0.000e+00    0.280   -0.033
 8.3400 -1.80006e-03  1.773e-03 -3.573e-03 -3.573e-03  0.000e+00  0.000e+00 -3.573e-03  0.000e+00  0.000e+00  0.000e+00  0.000e+00  0.000e+00    0.297   -0.033
 8.3600 -1.80006e-03  1.883e-03 -3.683e-03 -3.683e-03  0.000e+00  0.000e+00 -3.683e-03  0.000e+00  0.000e+00  0.000e+00  0.000e+00  0.000e+00    0.316   -0.033
 8.3800 -1.80006e-03  1.999e-03 -3.799e-03 -3.799e-03  0.000e+00  0.000e+00 -3.799e-03  0.000e+00  0.000e+00  0.000e+00  0.000e+00  0.000e+00    0.335   -0.033
 8.4000 -1.80006e-03  2.123e-03 -3.923e-03 -3.923e-03  0.000e+00  0.000e+00 -3.923e-03  0.000e+00  0.000e+00  0.000e+00  0.000e+00  0.000e+00    0.356   -0.034
 8.4200 -1.80006e-03  2.255e-03 -4.055e-03 -4.055e-03  0.000e+00  0.000e+00 -4.055e-03  0.000e+00  0.000e+00  0.000e+00  0.000e+00  0.000e+00    0.378   -0.034
 8.4400 -1.80006e-03  2.396e-03 -4.196e-03 -4.196e-03  0.000e+00  0.000e+00 -4.196e-03  0.000e+00  0.000e+00  0.000e+00  0.000e+00  0.000e+00    0.402   -0.034
 8.4600 -1.80006e-03  2.546e-03 -4.346e-03 -4.346e-03  0.000e+00  0.000e+00 -4.346e-03  0.000e+00  0.000e+00  0.000e+00  0.000e+00  0.000e+00    0.427   -0.034
 8.4800 -1.80006e-03  2.706e-03 -4.506e-03 -4.506e-03  0.000e+00  0.000e+00 -4.506e-03  0.000e+00  0.000e+00  0.000e+00  0.000e+00  0.000e+00    0.454   -0.034
 8.5000 -1.80006e-03  2.877e-03 -4.677e-03 -4.677e-03  0.000e+00  0.000e+00 -4.677e-03  0.000e+00  0.000e+00  0.000e+00  0.000e+00  0.000e+00    0.483   -0.034
 8.5200 -1.80006e-03  3.060e-03 -4.860e-03 -4.860e-03  0.000e+00  0.000e+00 -4.860e-03  0.000e+00  0.000e+00  0.000e+00  0.000e+00  0.000e+00    0.513   -0.034
 8.5400 -1.80006e-03  3.256e-03 -5.056e-03 -5.056e-03  0.000e+00  0.000e+00 -5.056e-03  0.000e+00  0.000e+00  0.000e+00  0.000e+00  0.000e+00    0.546   -0.033
 8.5600 -1.80006e-03  3.465e-03 -5.265e-03 -5.265e-03  0.000e+00  0.000e+00 -5.265e-03  0.000e+00  0.000e+00  0.000e+00  0.000e+00  0.000e+00    0.581   -0.033
 8.5800 -1.80006e-03  3.688e-03 -5.488e-03 -5.488e-03  0.000e+00  0.000e+00 -5.488e-03  0.000e+00  0.000e+00  0.000e+00  0.000e+00  0.000e+00    0.619   -0.032
 8.6000 -1.80006e-03  3.927e-03 -5.727e-03 -5.727e-03  0.000e+00  0.000e+00 -5.727e-03  0.000e+00  0.000e+00  0.000e+00  0.000e+00  0.000e+00    0.659   -0.032
 8.6200 -1.80006e-03  4.183e-03 -5.983e-03 -5.983e-03  0.000e+00  0.000e+00 -5.983e-03  0.000e+00  0.000e+00  0.000e+00  0.000e+00  0.000e+00    0.702   -0.031
 8.6400 -1.80006e-03  4.455e-03 -6.255e-03 -6.255e-03  0.000e+00  0.000e+00 -6.255e-03  0.000e+00  0.000e+00  0.000e+00  0.000e+00  0.000e+00    0.747   -0.030
 8.6600 -1.80006e-03  4.745e-03 -6.545e-03 -6.545e-03  0.000e+00  0.000e+00 -6.545e-03  0.000e+00  0.000e+00  0.000e+00  0.000e+00  0.000e+00    0.796   -0.028
 8.6800 -1.80006e-03  5.053e-03 -6.853e-03 -6.853e-03  0.000e+00  0.000e+00 -6.853e-03  0.000e+00  0.000e+00  0.000e+00  0.000e+00  0.000e+00    0.848   -0.026
 8.7000 -1.80006e-03  5.379e-03 -7.179e-03 -7.179e-03  0.000e+00  0.000e+00 -7.179e-03  0.000e+00  0.000e+00  0.000e+00  0.000e+00  0.000e+00    0.902   -0.023
 8.7200 -1.80006e-03  5.722e-03 -7.522e-03 -7.522e-03  0.000e+00  0.000e+00 -7.522e-03  0.000e+00  0.000e+00  0.000e+00  0.000e+00  0.000e+00    0.960   -0.020
 8.7400 -1.80006e-03  6.079e-03 -7.879e-03 -7.879e-03  0.000e+00  0.000e+00 -7.879e-03  0.000e+00  0.000e+00  0.000e+00  0.000e+00  0.000e+00    1.020   -0.015
 8.7600 -1.80006e-03  6.446e-03 -8.247e-03 -8.247e-03  0.000e+00  0.000e+00 -8.247e-03  0.000e+00  0.000e+00  0.000e+00  0.000e+00  0.000e+00    1.081   -0.010
 8.7800 -1.80006e-03  6.818e-03 -8.618e-03 -8.618e-03  0.000e+00  0.000e+00 -8.618e-03  0.000e+00  0.000e+00  0.000e+00  0.000e+00  0.000e+00    1.144   -0.002
 8.8000 -1.80007e-03  7.184e-03 -8.984e-03 -8.984e-03  0.000e+00  0.000e+00 -8.984e-03  0.000e+00  0.000e+00  0.000e+00  0.000e+00  0.000e+00    1.205    0.007
 8.8200 -1.80007e-03  7.530e-03 -9.330e-03 -9.330e-03  0.000e+00  0.000e+00 -9.330e-03  0.000e+00  0.000e+00  0.000e+00  0.000e+00  0.000e+00    1.263    0.020
 8.8400 -1.80007e-03  7.834e-03 -9.634e-03 -9.634e-03  0.000e+00  0.000e+00 -9.634e-03  0.000e+00  0.000e+00  0.000e+00  0.000e+00  0.000e+00    1.314    0.035
 8.8600 -1.80007e-03  8.068e-03 -9.868e-03 -9.868e-03  0.000e+00  0.000e+00 -9.868e-03  0.000e+00  0.000e+00  0.000e+00  0.000e+00  0.000e+00    1.353    0.055
 8.8800 -1.80007e-03  8.191e-03 -9.991e-03 -9.991e-03  0.000e+00  0.000e+00 -9.991e-03  0.000e+00  0.000e+00  0.000e+00  0.000e+00  0.000e+00    1.374    0.081
 8.9000 -1.80008e-03  8.155e-03 -9.955e-03 -9.955e-03  0.000e+00  0.000e+00 -9.955e-03  0.000e+00  0.000e+00  0.000e+00  0.000e+00  0.000e+00    1.368    0.114
 8.9200 -1.80008e-03  7.901e-03 -9.701e-03 -9.701e-03  0.000e+00  0.000e+00 -9.701e-03  0.000e+00  0.000e+00  0.000e+00  0.000e+00  0.000e+00    1.325    0.155
 8.9400 -1.80008e-03  7.366e-03 -9.166e-03 -9.166e-03  0.000e+00  0.000e+00 -9.166e-03  0.000e+00  0.000e+00  0.000e+00  0.000e+00  0.000e+00    1.236    0.205
 8.9600 -1.80008e-03  6.505e-03 -8.305e-03 -8.305e-03  0.000e+00  0.000e+00 -8.305e-03  0.000e+00  0.000e+00  0.000e+00  0.000e+00  0.000e+00    1.091    0.265
 8.9800 -1.80008e-03  5.311e-03 -7.111e-03 -7.111e-03  0.000e+00  0.000e+00 -7.111e-03  0.000e+00  0.000e+00  0.000e+00  0.000e+00  0.000e+00    0.891    0.333
 9.0000 -1.80008e-03  3.857e-03 -5.657e-03 -5.657e-03  0.000e+00  0.000e+00 -5.657e-03  0.000e+00  0.000e+00  0.000e+00  0.000e+00  0.000e+00    0.647    0.406
 9.0200 -1.80007e-03  2.320e-03 -4.120e-03 -4.120e-03  0.000e+00  0.000e+00 -4.120e-03  0.000e+00  0.000e+00  0.000e+00  0.000e+00  0.000e+00    0.389    0.475
 9.0400 -1.80005e-03  9.810e-04 -2.781e-03 -2.781e-03  0.000e+00  0.000e+00 -2.781e-03  0.000e+00  0.000e+00  0.000e+00  0.000e+00  0.000e+00    0.165    0.532
 9.0600 -1.80005e-03  1.522e-04 -1.952e-03 -1.952e-03  0.000e+00  0.000e+00 -1.952e-03  0.000e+00  0.000e+00  0.000e+00  0.000e+00  0.000e+00    0.026    0.566
 9.0800 -1.80004e-03  5.699e-05 -1.857e-03 -1.857e-03  0.000e+00  0.000e+00 -1.857e-03  0.000e+00  0.000e+00  0.000e+00  0.000e+00  0.000e+00    0.010    0.570
 9.1000 -1.80005e-03  7.225e-04 -2.523e-03 -2.523e-03  0.000e+00  0.000e+00 -2.523e-03  0.000e+00  0.000e+00  0.000e+00  0.000e+00  0.000e+00    0.121    0.543
 9.1200 -1.80006e-03  1.966e-03 -3.766e-03 -3.766e-03  0.000e+00  0.000e+00 -3.766e-03  0.000e+00  0.000e+00  0.000e+00  0.000e+00  0.000e+00    0.330    0.490
 9.1400 -1.80007e-03  3.483e-03 -5.283e-03 -5.283e-03  0.000e+00  0.000e+00 -5.283e-03  0.000e+00  0.000e+00  0.000e+00  0.000e+00  0.000e+00    0.584    0.422
 9.1600 -1.80008e-03  4.978e-03 -6.778e-03 -6.778e-03  0.000e+00  0.000e+00 -6.778e-03  0.000e+00  0.000e+00  0.000e+00  0.000e+00  0.000e+00    0.835    0.350
 9.1800 -1.80008e-03  6.245e-03 -8.045e-03 -8.045e-03  0.000e+00  0.000e+00 -8.045e-03  0.000e+00  0.000e+00  0.000e+00  0.000e+00  0.000e+00    1.048    0.280
 9.2000 -1.80008e-03  7.189e-03 -8.989e-03 -8.989e-03  0.000e+00  0.000e+00 -8.989e-03  0.000e+00  0.000e+00  0.000e+00  0.000e+00  0.000e+00    1.206    0.218
 9.2200 -1.80008e-03  7.799e-03 -9.599e-03 -9.599e-03  0.000e+00  0.000e+00 -9.599e-03  0.000e+00  0.000e+00  0.000e+00  0.000e+00  0.000e+00    1.308    0.166
 9.2400 -1.80008e-03  8.116e-03 -9.916e-03 -9.916e-03  0.000e+00  0.000e+00 -9.916e-03  0.000e+00  0.000e+00  0.000e+00  0.000e+00  0.000e+00    1.361    0.123
 9.2600 -1.80007e-03  8.199e-03 -1.000e-02 -1.000e-02  0.000e+00  0.000e+00 -1.000e-02  0.000e+00  0.000e+00  0.000e+00  0.000e+00  0.000e+00    1.375    0.088
 9.2800 -1.80007e-03  8.109e-03 -9.909e-03 -9.909e-03  0.000e+00  0.000e+00 -9.909e-03  0.000e+00  0.000e+00  0.000e+00  0.000e+00  0.000e+00    1.360    0.061
 9.3000 -1.80007e-03  7.898e-03 -9.698e-03 -9.698e-03  0.000e+00  0.000e+00 -9.698e-03  0.000e+00  0.000e+00  0.000e+00  0.000e+00  0.000e+00    1.325    0.040
 9.3200 -1.80007e-03  7.608e-03 -9.408e-03 -9.408e-03  0.000e+00  0.000e+00 -9.408e-03  0.000e+00  0.000e+00  0.000e+00  0.000e+00  0.000e+00    1.276    0.023
 9.3400 -1.80007e-03  7.270e-03 -9.070e-03 -9.070e-03  0.000e+00  0.000e+00 -9.070e-03  0.000e+00  0.000e+00  0.000e+00  0.000e+00  0.000e+00    1.220    0.010
 9.3600 -1.80006e-03  6.908e-03 -8.708e-03 -8.708e-03  0.000e+00  0.000e+00 -8.708e-03  0.000e+00  0.000e+00  0.000e+00  0.000e+00  0.000e+00    1.159    0.000
 9.3800 -1.80006e-03  6.536e-03 -8.336e-03 -8.336e-03  0.000e+00  0.000e+00 -8.336e-03  0.000e+00  0.000e+00  0.000e+00  0.000e+00  0.000e+00    1.096   -0.008
 9.4000 -1.80006e-03  6.167e-03 -7.967e-03 -7.967e-03  0.000e+00  0.000e+00 -7.967e-03  0.000e+00  0.000e+00  0.000e+00  0.000e+00  0.000e+00    1.034   -0.014
 9.4200 -1.80006e-03  5.807e-03 -7.607e-03 -7.607e-03  0.000e+00  0.000e+00 -7.607e-03  0.000e+00  0.000e+00  0.000e+00  0.000e+00  0.000e+00    0.974   -0.019
 9.4400 -1.80006e-03  5.461e-03 -7.261e-03 -7.261e-03  0.000e+00  0.000e+00 -7.261e-03  0.000e+00  0.000e+00  0.000e+00  0.000e+00  0.000e+00    0.916   -0.022
 9.4600 -1.80006e-03  5.131e-03 -6.931e-03 -6.931e-03  0.000e+00  0.000e+00 -6.931e-03  0.000e+00  0.000e+00  0.000e+00  0.000e+00  0.000e+00    0.861   -0.025
 9.4800 -1.80006e-03  4.818e-03 -6.618e-03 -6.618e-03  0.000e+00  0.000e+00 -6.618e-03  0.000e+00  0.000e+00  0.000e+00  0.000e+00  0.000e+00    0.808   -0.027
 9.5000 -1.80006e-03  4.524e-03 -6.324e-03 -6.324e-03  0.000e+00  0.000e+00 -6.324e-03  0.000e+00  0.000e+00  0.000e+00  0.000e+00  0.000e+00    0.759   -0.029
 9.5200 -1.80006e-03  4.247e-03 -6.047e-03 -6.047e-03  0.000e+00  0.000e+00 -6.047e-03  0.000e+00  0.000e+00  0.000e+00  0.000e+00  0.000e+00    0.712   -0.030
 9.5400 -1.80006e-03  3.988e-03 -5.788e-03 -5.788e-03  0.000e+00  0.000e+00 -5.788e-03  0.000e+00  0.000e+00  0.000e+00  0.000e+00  0.000e+00    0.669   -0.031
 9.5600 -1.80006e-03  3.745e-03 -5.545e-03 -5.545e-03  0.000e+00  0.000e+00 -5.545e-03  0.000e+00  0.000e+00  0.000e+00  0.000e+00  0.000e+00    0.628   -0.032
 9.5800 -1.80006e-03  3.517e-03 -5.318e-03 -5.318e-03  0.000e+00  0.000e+00 -5.318e-03  0.000e+00  0.000e+00  0.000e+00  0.000e+00  0.000e+00    0.590   -0.033
 9.6000 -1.80006e-03  3.305e-03 -5.105e-03 -5.105e-03  0.000e+00  0.000e+00 -5.105e-03  0.000e+00  0.000e+00  0.000e+00  0.000e+00  0.000e+00    0.554   -0.033
 9.6200 -1.80006e-03  3.106e-03 -4.906e-03 -4.906e-03  0.000e+00  0.000e+00 -4.906e-03  0.000e+00  0.000e+00  0.000e+00  0.000e+00  0.000e+00    0.521   -0.033
 9.6400 -1.80006e-03  2.921e-03 -4.721e-03 -4.721e-03  0.000e+00  0.000e+00 -4.721e-03  0.000e+00  0.000e+00  0.000e+00  0.000e+00  0.000e+00    0.490   -0.034
 9.6600 -1.80006e-03  2.747e-03 -4.547e-03 -4.547e-03  0.000e+00  0.000e+00 -4.547e-03  0.000e+00  0.000e+00  0.000e+00  0.000e+00  0.000e+00    0.461   -0.034
 9.6800 -1.80006e-03  2.584e-03 -4.384e-03 -4.384e-03  0.000e+00  0.000e+00 -4.384e-03  0.000e+00  0.000e+00  0.000e+00  0.000e+00  0.000e+00    0.433   -0.034
 9.7000 -1.80006e-03  2.431e-03 -4.231e-03 -4.231e-03  0.000e+00  0.000e+00 -4.231e-03  0.000e+00  0.000e+00  0.000e+00  0.000e+00  0.000e+00    0.408   -0.034
 9.7200 -1.80006e-03  2.288e-03 -4.089e-03 -4.089e-03  0.000e+00  0.000e+00 -4.089e-03  0.000e+00  0.000e+00  0.000e+00  0.000e+00  0.000e+00    0.384   -0.034
 9.7400 -1.80006e-03  2.154e-03 -3.955e-03 -3.955e-03  0.000e+00  0.000e+00 -3.955e-03  0.000e+00  0.000e+00  0.000e+00  0.000e+00  0.000e+00    0.361   -0.034
 9.7600 -1.80006e-03  2.029e-03 -3.829e-03 -3.829e-03  0.000e+00  0.000e+00 -3.829e-03  0.000e+00  0.000e+00  0.000e+00  0.000e+00  0.000e+00    0.340   -0.033
 9.7800 -1.80006e-03  1.910e-03 -3.710e-03 -3.710e-03  0.000e+00  0.000e+00 -3.710e-03  0.000e+00  0.000e+00  0.000e+00  0.000e+00  0.000e+00    0.320   -0.033
 9.8000 -1.80006e-03  1.799e-03 -3.599e-03 -3.599e-03  0.000e+00  0.000e+00 -3.599e-03  0.000e+00  0.000e+00  0.000e+00  0.000e+00  0.000e+00    0.302   -0.033
 9.8200 -1.80006e-03  1.695e-03 -3.495e-03 -3.495e-03  0.000e+00  0.000e+00 -3.495e-03  0.000e+00  0.000e+00  0.000e+00  0.000e+00  0.000e+00    0.284   -0.033
 9.8400 -1.80006e-03  1.596e-03 -3.396e-03 -3.396e-03  0.000e+00  0.000e+00 -3.396e-03  0.000e+00  0.000e+00  0.000e+00  0.000e+00  0.000e+00    0.268   -0.033
 9.8600 -1.80006e-03  1.503e-03 -3.303e-03 -3.303e-03  0.000e+00  0.000e+00 -3.303e-03  0.000e+00  0.000e+00  0.000e+00  0.000e+00  0.000e+00    0.252   -0.033
 9.8800 -1.80006e-03  1.416e-03 -3.216e-03 -3.216e-03  0.000e+00  0.000e+00 -3.216e-03  0.000e+00  0.000e+00  0.000e+00  0.000e+00  0.000e+00    0.237   -0.033
 9.9000 -1.80006e-03  1.333e-03 -3.133e-03 -3.133e-03  0.000e+00  0.000e+00 -3.133e-03  0.000e+00  0.000e+00  0.000e+00  0.000e+00  0.000e+00    0.224   -0.032
 9.9200 -1.80006e-03  1.255e-03 -3.055e-03 -3.055e-03  0.000e+00  0.000e+00 -3.055e-03  0.000e+00  0.000e+00  0.000e+00  0.000e+00  0.000e+00    0.211   -0.032
 9.9400 -1.80006e-03  1.181e-03 -2.981e-03 -2.981e-03  0.000e+00  0.000e+00 -2.981e-03  0.000e+00  0.000e+00  0.000e+00  0.000e+00  0.000e+00    0.198   -0.032
 9.9600 -1.80006e-03  1.112e-03 -2.912e-03 -2.912e-03  0.000e+00  0.000e+00 -2.912e-03  0.000e+00  0.000e+00  0.000e+00  0.000e+00  0.000e+00    0.186   -0.032
 9.9800 -1.80006e-03  1.046e-03 -2.846e-03 -2.846e-03  0.000e+00  0.000e+00 -2.846e-03  0.000e+00  0.000e+00  0.000e+00  0.000e+00  0.000e+00    0.175   -0.032
10.0000 -1.80006e-03  9.847e-04 -2.785e-03 -2.785e-03  0.000e+00  0.000e+00 -2.785e-03  0.000e+00  0.000e+00  0.000e+00  0.000e+00  0.000e+00    0.165   -0.032
