# energy [kcal/mol] of he20 vs. time [ps] (0.0000 ps of eq)
#
#  time      e_total      e_kin      e_pot  e_nonbond   e_bonded e_boundary      e_vdw     e_elst     e_bond    e_angle     e_tors      e_oop     temp    press
 0.0000  1.82529e+01  1.777e+01  4.784e-01  4.784e-01  0.000e+00  0.000e+00  4.784e-01  0.000e+00  0.000e+00  0.000e+00  0.000e+00  0.000e+00  298.150    1.968
 0.0500  1.82514e+01  1.863e+01 -3.746e-01 -3.746e-01  0.000e+00  0.000e+00 -3.746e-01  0.000e+00  0.000e+00  0.000e+00  0.000e+00  0.000e+00  312.433    2.037
 0.1000  1.82509e+01  1.900e+01 -7.460e-01 -7.460e-01  0.000e+00  0.000e+00 -7.460e-01  0.000e+00  0.000e+00  0.000e+00  0.000e+00  0.000e+00  318.653    2.046
 0.1500  1.82513e+01  1.928e+01 -1.025e+00 -1.025e+00  0.000e+00  0.000e+00 -1.025e+00  0.000e+00  0.000e+00  0.000e+00  0.000e+00  0.000e+00  323.341    2.059
 0.2000  1.82505e+01  1.905e+01 -7.967e-01 -7.967e-01  0.000e+00  0.000e+00 -7.967e-01  0.000e+00  0.000e+00  0.000e+00  0.000e+00  0.000e+00  319.498    2.066
 0.2500  1.82513e+01  1.920e+01 -9.468e-01 -9.468e-01  0.000e+00  0.000e+00 -9.468e-01  0.000e+00  0.000e+00  0.000e+00  0.000e+00  0.000e+00  322.029    2.061
 0.3000  1.82513e+01  1.904e+01 -7.885e-01 -7.885e-01  0.000e+00  0.000e+00 -7.885e-01  0.000e+00  0.000e+00  0.000e+00  0.000e+00  0.000e+00  319.374    2.039
 0.3500  1.82513e+01  1.871e+01 -4.568e-01 -4.568e-01  0.000e+00  0.000e+00 -4.568e-01  0.000e+00  0.000e+00  0.000e+00  0.000e+00  0.000e+00  313.809    2.018
 0.4000  1.82513e+01  1.871e+01 -4.632e-01 -4.632e-01  0.000e+00  0.000e+00 -4.632e-01  0.000e+00  0.000e+00  0.000e+00  0.000e+00  0.000e+00  313.918    2.009
 0.4500  1.82513e+01  1.857e+01 -3.205e-01 -3.205e-01  0.000e+00  0.000e+00 -3.205e-01  0.000e+00  0.000e+00  0.000e+00  0.000e+00  0.000e+00  311.524    1.992
 0.5000  1.82513e+01  1.845e+01 -2.019e-01 -2.019e-01  0.000e+00  0.000e+00 -2.019e-01  0.000e+00  0.000e+00  0.000e+00  0.000e+00  0.000e+00  309.535    1.980
 0.5500  1.82513e+01  1.839e+01 -1.404e-01 -1.404e-01  0.000e+00  0.000e+00 -1.404e-01  0.000e+00  0.000e+00  0.000e+00  0.000e+00  0.000e+00  308.503    1.974
 0.6000  1.82513e+01  1.836e+01 -1.084e-01 -1.084e-01  0.000e+00  0.000e+00 -1.084e-01  0.000e+00  0.000e+00  0.000e+00  0.000e+00  0.000e+00  307.965    1.971
 0.6500  1.82513e+01  1.834e+01 -8.926e-02 -8.926e-02  0.000e+00  0.000e+00 -8.926e-02  0.000e+00  0.000e+00  0.000e+00  0.000e+00  0.000e+00  307.645    1.970
 0.7000  1.82513e+01  1.833e+01 -7.603e-02 -7.603e-02  0.000e+00  0.000e+00 -7.603e-02  0.000e+00  0.000e+00  0.000e+00  0.000e+00  0.000e+00  307.423    1.968
 0.7500  1.82513e+01  1.832e+01 -6.657e-02 -6.657e-02  0.000e+00  0.000e+00 -6.657e-02  0.000e+00  0.000e+00  0.000e+00  0.000e+00  0.000e+00  307.264    1.967
 0.8000  1.82513e+01  1.831e+01 -6.017e-02 -6.017e-02  0.000e+00  0.000e+00 -6.017e-02  0.000e+00  0.000e+00  0.000e+00  0.000e+00  0.000e+00  307.157    1.967
 0.8500  1.82513e+01  1.831e+01 -5.612e-02 -5.612e-02  0.000e+00  0.000e+00 -5.612e-02  0.000e+00  0.000e+00  0.000e+00  0.000e+00  0.000e+00  307.089    1.967
 0.9000  1.82513e+01  1.830e+01 -5.355e-02 -5.355e-02  0.000e+00  0.000e+00 -5.355e-02  0.000e+00  0.000e+00  0.000e+00  0.000e+00  0.000e+00  307.046    1.966
 0.9500  1.82513e+01  1.830e+01 -5.164e-02 -5.164e-02  0.000e+00  0.000e+00 -5.164e-02  0.000e+00  0.000e+00  0.000e+00  0.000e+00  0.000e+00  307.014    1.966
 1.0000  1.82513e+01  1.830e+01 -4.976e-02 -4.976e-02  0.000e+00  0.000e+00 -4.976e-02  0.000e+00  0.000e+00  0.000e+00  0.000e+00  0.000e+00  306.982    1.966
 1.0500  1.82513e+01  1.830e+01 -4.750e-02 -4.750e-02  0.000e+00  0.000e+00 -4.750e-02  0.000e+00  0.000e+00  0.000e+00  0.000e+00  0.000e+00  306.944    1.966
 1.1000  1.82513e+01  1.830e+01 -4.465e-02 -4.465e-02  0.000e+00  0.000e+00 -4.465e-02  0.000e+00  0.000e+00  0.000e+00  0.000e+00  0.000e+00  306.897    1.965
 1.1500  1.82513e+01  1.829e+01 -4.117e-02 -4.117e-02  0.000e+00  0.000e+00 -4.117e-02  0.000e+00  0.000e+00  0.000e+00  0.000e+00  0.000e+00  306.838    1.965
 1.2000  1.82513e+01  1.829e+01 -3.714e-02 -3.714e-02  0.000e+00  0.000e+00 -3.714e-02  0.000e+00  0.000e+00  0.000e+00  0.000e+00  0.000e+00  306.771    1.965
 1.2500  1.82513e+01  1.828e+01 -3.271e-02 -3.271e-02  0.000e+00  0.000e+00 -3.271e-02  0.000e+00  0.000e+00  0.000e+00  0.000e+00  0.000e+00  306.696    1.964
 1.3000  1.82513e+01  1.828e+01 -2.812e-02 -2.812e-02  0.000e+00  0.000e+00 -2.812e-02  0.000e+00  0.000e+00  0.000e+00  0.000e+00  0.000e+00  306.619    1.964
 1.3500  1.82513e+01  1.827e+01 -2.361e-02 -2.361e-02  0.000e+00  0.000e+00 -2.361e-02  0.000e+00  0.000e+00  0.000e+00  0.000e+00  0.000e+00  306.544    1.964
 1.4000  1.82513e+01  1.827e+01 -1.940e-02 -1.940e-02  0.000e+00  0.000e+00 -1.940e-02  0.000e+00  0.000e+00  0.000e+00  0.000e+00  0.000e+00  306.473    1.963
 1.4500  1.82513e+01  1.827e+01 -1.565e-02 -1.565e-02  0.000e+00  0.000e+00 -1.565e-02  0.000e+00  0.000e+00  0.000e+00  0.000e+00  0.000e+00  306.410    1.963
 1.5000  1.82513e+01  1.826e+01 -1.244e-02 -1.244e-02  0.000e+00  0.000e+00 -1.244e-02  0.000e+00  0.000e+00  0.000e+00  0.000e+00  0.000e+00  306.356    1.962
 1.5500  1.82513e+01  1.826e+01 -9.819e-03 -9.819e-03  0.000e+00  0.000e+00 -9.819e-03  0.000e+00  0.000e+00  0.000e+00  0.000e+00  0.000e+00  306.312    1.962
 1.6000  1.82513e+01  1.826e+01 -7.733e-03 -7.733e-03  0.000e+00  0.000e+00 -7.733e-03  0.000e+00  0.000e+00  0.000e+00  0.000e+00  0.000e+00  306.277    1.962
 1.6500  1.82513e+01  1.826e+01 -6.120e-03 -6.120e-03  0.000e+00  0.000e+00 -6.120e-03  0.000e+00  0.000e+00  0.000e+00  0.000e+00  0.000e+00  306.250    1.962
 1.7000  1.82513e+01  1.826e+01 -4.897e-03 -4.897e-03  0.000e+00  0.000e+00 -4.897e-03  0.000e+00  0.000e+00  0.000e+00  0.000e+00  0.000e+00  306.230    1.962
 1.7500  1.82513e+01  1.826e+01 -3.984e-03 -3.984e-03  0.000e+00  0.000e+00 -3.984e-03  0.000e+00  0.000e+00  0.000e+00  0.000e+00  0.000e+00  306.214    1.962
 1.8000  1.82513e+01  1.825e+01 -3.308e-03 -3.308e-03  0.000e+00  0.000e+00 -3.308e-03  0.000e+00  0.000e+00  0.000e+00  0.000e+00  0.000e+00  306.203    1.962
 1.8500  1.82513e+01  1.825e+01 -2.812e-03 -2.812e-03  0.000e+00  0.000e+00 -2.812e-03  0.000e+00  0.000e+00  0.000e+00  0.000e+00  0.000e+00  306.195    1.962
 1.9000  1.82513e+01  1.825e+01 -2.449e-03 -2.449e-03  0.000e+00  0.000e+00 -2.449e-03  0.000e+00  0.000e+00  0.000e+00  0.000e+00  0.000e+00  306.189    1.962
 1.9500  1.82750e+01  1.828e+01 -2.182e-03 -2.182e-03  0.000e+00  0.000e+00 -2.182e-03  0.000e+00  0.000e+00  0.000e+00  0.000e+00  0.000e+00  306.582    1.964
 2.0000  1.82750e+01  1.828e+01 -1.987e-03 -1.987e-03  0.000e+00  0.000e+00 -1.987e-03  0.000e+00  0.000e+00  0.000e+00  0.000e+00  0.000e+00  306.579    1.964
 2.0500  1.82750e+01  1.828e+01 -1.843e-03 -1.843e-03  0.000e+00  0.000e+00 -1.843e-03  0.000e+00  0.000e+00  0.000e+00  0.000e+00  0.000e+00  306.576    1.964
 2.1000  1.82750e+01  1.828e+01 -1.737e-03 -1.737e-03  0.000e+00  0.000e+00 -1.737e-03  0.000e+00  0.000e+00  0.000e+00  0.000e+00  0.000e+00  306.575    1.964
 2.1500  1.82750e+01  1.828e+01 -1.658e-03 -1.658e-03  0.000e+00  0.000e+00 -1.658e-03  0.000e+00  0.000e+00  0.000e+00  0.000e+00  0.000e+00  306.573    1.964
 2.2000  1.82750e+01  1.828e+01 -1.598e-03 -1.598e-03  0.000e+00  0.000e+00 -1.598e-03  0.000e+00  0.000e+00  0.000e+00  0.000e+00  0.000e+00  306.572    1.964
 2.2500  1.82750e+01  1.828e+01 -1.552e-03 -1.552e-03  0.000e+00  0.000e+00 -1.552e-03  0.000e+00  0.000e+00  0.000e+00  0.000e+00  0.000e+00  306.571    1.964
 2.3000  1.82750e+01  1.828e+01 -1.515e-03 -1.515e-03  0.000e+00  0.000e+00 -1.515e-03  0.000e+00  0.000e+00  0.000e+00  0.000e+00  0.000e+00  306.571    1.964
 2.3500  1.82645e+01  1.827e+01 -1.484e-03 -1.484e-03  0.000e+00  0.000e+00 -1.484e-03  0.000e+00  0.000e+00  0.000e+00  0.000e+00  0.000e+00  306.393    1.963
 2.4000  1.82645e+01  1.827e+01 -1.459e-03 -1.459e-03  0.000e+00  0.000e+00 -1.459e-03  0.000e+00  0.000e+00  0.000e+00  0.000e+00  0.000e+00  306.393    1.963
 2.4500  1.82681e+01  1.827e+01 -1.436e-03 -1.436e-03  0.000e+00  0.000e+00 -1.436e-03  0.000e+00  0.000e+00  0.000e+00  0.000e+00  0.000e+00  306.452    1.963
 2.5000  1.82681e+01  1.827e+01 -1.415e-03 -1.415e-03  0.000e+00  0.000e+00 -1.415e-03  0.000e+00  0.000e+00  0.000e+00  0.000e+00  0.000e+00  306.452    1.963
 2.5500  1.82681e+01  1.827e+01 -1.395e-03 -1.395e-03  0.000e+00  0.000e+00 -1.395e-03  0.000e+00  0.000e+00  0.000e+00  0.000e+00  0.000e+00  306.452    1.963
 2.6000  1.82681e+01  1.827e+01 -1.376e-03 -1.376e-03  0.000e+00  0.000e+00 -1.376e-03  0.000e+00  0.000e+00  0.000e+00  0.000e+00  0.000e+00  306.451    1.963
 2.6500  1.82681e+01  1.827e+01 -1.358e-03 -1.358e-03  0.000e+00  0.000e+00 -1.358e-03  0.000e+00  0.000e+00  0.000e+00  0.000e+00  0.000e+00  306.451    1.963
 2.7000  1.82681e+01  1.827e+01 -1.339e-03 -1.339e-03  0.000e+00  0.000e+00 -1.339e-03  0.000e+00  0.000e+00  0.000e+00  0.000e+00  0.000e+00  306.451    1.963
 2.7500  1.82681e+01  1.827e+01 -1.321e-03 -1.321e-03  0.000e+00  0.000e+00 -1.321e-03  0.000e+00  0.000e+00  0.000e+00  0.000e+00  0.000e+00  306.450    1.963
 2.8000  1.82751e+01  1.718e+01  1.092e+00 -1.303e-03  0.000e+00  1.094e+00 -1.303e-03  0.000e+00  0.000e+00  0.000e+00  0.000e+00  0.000e+00  288.223   -2.296
 2.8500  1.82771e+01  1.828e+01 -1.288e-03 -1.288e-03  0.000e+00  0.000e+00 -1.288e-03  0.000e+00  0.000e+00  0.000e+00  0.000e+00  0.000e+00  306.602    1.964
 2.9000  1.82771e+01  1.828e+01 -1.275e-03 -1.275e-03  0.000e+00  0.000e+00 -1.275e-03  0.000e+00  0.000e+00  0.000e+00  0.000e+00  0.000e+00  306.602    1.964
 2.9500  1.82771e+01  1.828e+01 -1.266e-03 -1.266e-03  0.000e+00  0.000e+00 -1.266e-03  0.000e+00  0.000e+00  0.000e+00  0.000e+00  0.000e+00  306.601    1.964
 3.0000  1.82771e+01  1.828e+01 -1.263e-03 -1.263e-03  0.000e+00  0.000e+00 -1.263e-03  0.000e+00  0.000e+00  0.000e+00  0.000e+00  0.000e+00  306.601    1.964
 3.0500  1.82771e+01  1.828e+01 -1.265e-03 -1.265e-03  0.000e+00  0.000e+00 -1.265e-03  0.000e+00  0.000e+00  0.000e+00  0.000e+00  0.000e+00  306.601    1.964
 3.1000  1.82771e+01  1.828e+01 -1.268e-03 -1.268e-03  0.000e+00  0.000e+00 -1.268e-03  0.000e+00  0.000e+00  0.000e+00  0.000e+00  0.000e+00  306.601    1.964
 3.1500  1.82771e+01  1.828e+01 -1.260e-03 -1.260e-03  0.000e+00  0.000e+00 -1.260e-03  0.000e+00  0.000e+00  0.000e+00  0.000e+00  0.000e+00  306.601    1.964
 3.2000  1.82807e+01  1.710e+01  1.179e+00 -1.230e-03  0.000e+00  1.180e+00 -1.230e-03  0.000e+00  0.000e+00  0.000e+00  0.000e+00  0.000e+00  286.863   -2.480
 3.2500  1.82809e+01  1.828e+01 -1.181e-03 -1.181e-03  0.000e+00  0.000e+00 -1.181e-03  0.000e+00  0.000e+00  0.000e+00  0.000e+00  0.000e+00  306.664    1.965
 3.3000  1.82809e+01  1.828e+01 -1.124e-03 -1.124e-03  0.000e+00  0.000e+00 -1.124e-03  0.000e+00  0.000e+00  0.000e+00  0.000e+00  0.000e+00  306.663    1.965
 3.3500  1.82759e+01  1.828e+01 -1.070e-03 -1.070e-03  0.000e+00  0.000e+00 -1.070e-03  0.000e+00  0.000e+00  0.000e+00  0.000e+00  0.000e+00  306.577    1.964
 3.4000  1.82759e+01  1.828e+01 -1.025e-03 -1.025e-03  0.000e+00  0.000e+00 -1.025e-03  0.000e+00  0.000e+00  0.000e+00  0.000e+00  0.000e+00  306.576    1.964
 3.4500  1.82792e+01  1.828e+01 -1.685e-03 -1.685e-03  0.000e+00  0.000e+00 -1.685e-03  0.000e+00  0.000e+00  0.000e+00  0.000e+00  0.000e+00  306.644    1.964
 3.5000  1.82792e+01  1.828e+01 -3.004e-03 -3.004e-03  0.000e+00  0.000e+00 -3.004e-03  0.000e+00  0.000e+00  0.000e+00  0.000e+00  0.000e+00  306.666    1.965
 3.5500  1.82792e+01  1.828e+01 -3.822e-03 -3.822e-03  0.000e+00  0.000e+00 -3.822e-03  0.000e+00  0.000e+00  0.000e+00  0.000e+00  0.000e+00  306.680    1.965
 3.6000  1.82812e+01  1.828e+01 -3.162e-03 -3.162e-03  0.000e+00  0.000e+00 -3.162e-03  0.000e+00  0.000e+00  0.000e+00  0.000e+00  0.000e+00  306.702    1.963
 3.6500  1.82812e+01  1.828e+01 -1.833e-03 -1.833e-03  0.000e+00  0.000e+00 -1.833e-03  0.000e+00  0.000e+00  0.000e+00  0.000e+00  0.000e+00  306.679    1.965
 3.7000  1.82889e+01  1.829e+01 -1.175e-03 -1.175e-03  0.000e+00  0.000e+00 -1.175e-03  0.000e+00  0.000e+00  0.000e+00  0.000e+00  0.000e+00  306.798    1.965
 3.7500  1.82829e+01  1.828e+01 -1.259e-03 -1.259e-03  0.000e+00  0.000e+00 -1.259e-03  0.000e+00  0.000e+00  0.000e+00  0.000e+00  0.000e+00  306.699    1.965
 3.8000  1.82951e+01  1.773e+01  5.655e-01 -1.346e-03  0.000e+00  5.669e-01 -1.346e-03  0.000e+00  0.000e+00  0.000e+00  0.000e+00  0.000e+00  297.397   -1.106
 3.8500  1.82882e+01  1.829e+01 -1.436e-03 -1.436e-03  0.000e+00  0.000e+00 -1.436e-03  0.000e+00  0.000e+00  0.000e+00  0.000e+00  0.000e+00  306.789    1.965
 3.9000  1.82882e+01  1.829e+01 -1.528e-03 -1.528e-03  0.000e+00  0.000e+00 -1.528e-03  0.000e+00  0.000e+00  0.000e+00  0.000e+00  0.000e+00  306.791    1.965
 3.9500  1.82882e+01  1.829e+01 -1.622e-03 -1.622e-03  0.000e+00  0.000e+00 -1.622e-03  0.000e+00  0.000e+00  0.000e+00  0.000e+00  0.000e+00  306.792    1.965
 4.0000  1.82882e+01  1.829e+01 -1.719e-03 -1.719e-03  0.000e+00  0.000e+00 -1.719e-03  0.000e+00  0.000e+00  0.000e+00  0.000e+00  0.000e+00  306.794    1.965
 4.0500  1.82882e+01  1.829e+01 -1.819e-03 -1.819e-03  0.000e+00  0.000e+00 -1.819e-03  0.000e+00  0.000e+00  0.000e+00  0.000e+00  0.000e+00  306.796    1.965
 4.1000  1.82882e+01  1.829e+01 -1.924e-03 -1.924e-03  0.000e+00  0.000e+00 -1.924e-03  0.000e+00  0.000e+00  0.000e+00  0.000e+00  0.000e+00  306.798    1.965
 4.1500  1.82882e+01  1.829e+01 -2.042e-03 -2.042e-03  0.000e+00  0.000e+00 -2.042e-03  0.000e+00  0.000e+00  0.000e+00  0.000e+00  0.000e+00  306.800    1.965
 4.2000  1.82882e+01  1.829e+01 -2.186e-03 -2.186e-03  0.000e+00  0.000e+00 -2.186e-03  0.000e+00  0.000e+00  0.000e+00  0.000e+00  0.000e+00  306.802    1.965
 4.2500  1.82882e+01  1.829e+01 -2.367e-03 -2.367e-03  0.000e+00  0.000e+00 -2.367e-03  0.000e+00  0.000e+00  0.000e+00  0.000e+00  0.000e+00  306.805    1.965
 4.3000  1.82882e+01  1.829e+01 -2.550e-03 -2.550e-03  0.000e+00  0.000e+00 -2.550e-03  0.000e+00  0.000e+00  0.000e+00  0.000e+00  0.000e+00  306.808    1.966
 4.3500  1.82882e+01  1.829e+01 -2.645e-03 -2.645e-03  0.000e+00  0.000e+00 -2.645e-03  0.000e+00  0.000e+00  0.000e+00  0.000e+00  0.000e+00  306.810    1.966
 4.4000  1.82882e+01  1.829e+01 -2.643e-03 -2.643e-03  0.000e+00  0.000e+00 -2.643e-03  0.000e+00  0.000e+00  0.000e+00  0.000e+00  0.000e+00  306.810    1.966
 4.4500  1.82882e+01  1.829e+01 -2.635e-03 -2.635e-03  0.000e+00  0.000e+00 -2.635e-03  0.000e+00  0.000e+00  0.000e+00  0.000e+00  0.000e+00  306.809    1.966
 4.5000  1.82882e+01  1.829e+01 -2.678e-03 -2.678e-03  0.000e+00  0.000e+00 -2.678e-03  0.000e+00  0.000e+00  0.000e+00  0.000e+00  0.000e+00  306.810    1.966
 4.5500  1.82882e+01  1.829e+01 -2.785e-03 -2.785e-03  0.000e+00  0.000e+00 -2.785e-03  0.000e+00  0.000e+00  0.000e+00  0.000e+00  0.000e+00  306.812    1.966
 4.6000  1.82882e+01  1.829e+01 -2.971e-03 -2.971e-03  0.000e+00  0.000e+00 -2.971e-03  0.000e+00  0.000e+00  0.000e+00  0.000e+00  0.000e+00  306.815    1.966
 4.6500  1.82876e+01  1.829e+01 -3.258e-03 -3.270e-03  0.000e+00  1.205e-05 -3.270e-03  0.000e+00  0.000e+00  0.000e+00  0.000e+00  0.000e+00  306.811    1.952
 4.7000  1.82925e+01  1.830e+01 -3.707e-03 -3.707e-03  0.000e+00  0.000e+00 -3.707e-03  0.000e+00  0.000e+00  0.000e+00  0.000e+00  0.000e+00  306.900    1.966
 4.7500  1.82925e+01  1.830e+01 -4.197e-03 -4.197e-03  0.000e+00  0.000e+00 -4.197e-03  0.000e+00  0.000e+00  0.000e+00  0.000e+00  0.000e+00  306.908    1.966
 4.8000  1.82925e+01  1.830e+01 -4.472e-03 -4.472e-03  0.000e+00  0.000e+00 -4.472e-03  0.000e+00  0.000e+00  0.000e+00  0.000e+00  0.000e+00  306.912    1.966
 4.8500  1.82925e+01  1.830e+01 -4.297e-03 -4.297e-03  0.000e+00  0.000e+00 -4.297e-03  0.000e+00  0.000e+00  0.000e+00  0.000e+00  0.000e+00  306.910    1.966
 4.9000  1.82925e+01  1.830e+01 -3.807e-03 -3.807e-03  0.000e+00  0.000e+00 -3.807e-03  0.000e+00  0.000e+00  0.000e+00  0.000e+00  0.000e+00  306.901    1.966
 4.9500  1.82910e+01  1.818e+01  1.100e-01 -3.313e-03  0.000e+00  1.133e-01 -3.313e-03  0.000e+00  0.000e+00  0.000e+00  0.000e+00  0.000e+00  304.969    0.604
 5.0000  1.82945e+01  1.830e+01 -2.957e-03 -2.957e-03  0.000e+00  0.000e+00 -2.957e-03  0.000e+00  0.000e+00  0.000e+00  0.000e+00  0.000e+00  306.921    1.966
 5.0500  1.82945e+01  1.830e+01 -2.731e-03 -2.731e-03  0.000e+00  0.000e+00 -2.731e-03  0.000e+00  0.000e+00  0.000e+00  0.000e+00  0.000e+00  306.917    1.966
 5.1000  1.82945e+01  1.830e+01 -2.591e-03 -2.591e-03  0.000e+00  0.000e+00 -2.591e-03  0.000e+00  0.000e+00  0.000e+00  0.000e+00  0.000e+00  306.914    1.966
 5.1500  1.82945e+01  1.830e+01 -2.509e-03 -2.509e-03  0.000e+00  0.000e+00 -2.509e-03  0.000e+00  0.000e+00  0.000e+00  0.000e+00  0.000e+00  306.913    1.966
 5.2000  1.82945e+01  1.830e+01 -2.482e-03 -2.482e-03  0.000e+00  0.000e+00 -2.482e-03  0.000e+00  0.000e+00  0.000e+00  0.000e+00  0.000e+00  306.913    1.966
 5.2500  1.82945e+01  1.830e+01 -2.532e-03 -2.532e-03  0.000e+00  0.000e+00 -2.532e-03  0.000e+00  0.000e+00  0.000e+00  0.000e+00  0.000e+00  306.913    1.966
 5.3000  1.82945e+01  1.830e+01 -2.727e-03 -2.727e-03  0.000e+00  0.000e+00 -2.727e-03  0.000e+00  0.000e+00  0.000e+00  0.000e+00  0.000e+00  306.917    1.966
 5.3500  1.82945e+01  1.830e+01 -3.209e-03 -3.209e-03  0.000e+00  0.000e+00 -3.209e-03  0.000e+00  0.000e+00  0.000e+00  0.000e+00  0.000e+00  306.925    1.966
 5.4000  1.82910e+01  1.830e+01 -4.243e-03 -4.243e-03  0.000e+00  0.000e+00 -4.243e-03  0.000e+00  0.000e+00  0.000e+00  0.000e+00  0.000e+00  306.885    1.966
 5.4500  1.82910e+01  1.830e+01 -6.190e-03 -6.190e-03  0.000e+00  0.000e+00 -6.190e-03  0.000e+00  0.000e+00  0.000e+00  0.000e+00  0.000e+00  306.917    1.966
 5.5000  1.82910e+01  1.830e+01 -9.144e-03 -9.144e-03  0.000e+00  0.000e+00 -9.144e-03  0.000e+00  0.000e+00  0.000e+00  0.000e+00  0.000e+00  306.967    1.966
 5.5500  1.82910e+01  1.830e+01 -1.209e-02 -1.209e-02  0.000e+00  0.000e+00 -1.209e-02  0.000e+00  0.000e+00  0.000e+00  0.000e+00  0.000e+00  307.016    1.967
 5.6000  1.82910e+01  1.830e+01 -1.293e-02 -1.293e-02  0.000e+00  0.000e+00 -1.293e-02  0.000e+00  0.000e+00  0.000e+00  0.000e+00  0.000e+00  307.031    1.967
 5.6500  1.82910e+01  1.830e+01 -1.089e-02 -1.089e-02  0.000e+00  0.000e+00 -1.089e-02  0.000e+00  0.000e+00  0.000e+00  0.000e+00  0.000e+00  306.996    1.967
 5.7000  1.82910e+01  1.830e+01 -7.663e-03 -7.663e-03  0.000e+00  0.000e+00 -7.663e-03  0.000e+00  0.000e+00  0.000e+00  0.000e+00  0.000e+00  306.942    1.966
 5.7500  1.82910e+01  1.830e+01 -5.197e-03 -5.197e-03  0.000e+00  0.000e+00 -5.197e-03  0.000e+00  0.000e+00  0.000e+00  0.000e+00  0.000e+00  306.901    1.966
 5.8000  1.82910e+01  1.830e+01 -4.347e-03 -4.347e-03  0.000e+00  0.000e+00 -4.347e-03  0.000e+00  0.000e+00  0.000e+00  0.000e+00  0.000e+00  306.886    1.966
 5.8500  1.82910e+01  1.830e+01 -6.354e-03 -6.354e-03  0.000e+00  0.000e+00 -6.354e-03  0.000e+00  0.000e+00  0.000e+00  0.000e+00  0.000e+00  306.920    1.966
 5.9000  1.82910e+01  1.831e+01 -1.628e-02 -1.628e-02  0.000e+00  0.000e+00 -1.628e-02  0.000e+00  0.000e+00  0.000e+00  0.000e+00  0.000e+00  307.087    1.967
 5.9500  1.82910e+01  1.833e+01 -4.175e-02 -4.175e-02  0.000e+00  0.000e+00 -4.175e-02  0.000e+00  0.000e+00  0.000e+00  0.000e+00  0.000e+00  307.514    1.969
 6.0000  1.82686e+01  1.833e+01 -5.984e-02 -5.984e-02  0.000e+00  0.000e+00 -5.984e-02  0.000e+00  0.000e+00  0.000e+00  0.000e+00  0.000e+00  307.441    1.969
 6.0500  1.82686e+01  1.832e+01 -4.662e-02 -4.662e-02  0.000e+00  0.000e+00 -4.662e-02  0.000e+00  0.000e+00  0.000e+00  0.000e+00  0.000e+00  307.219    1.968
 6.1000  1.82686e+01  1.829e+01 -2.633e-02 -2.633e-02  0.000e+00  0.000e+00 -2.633e-02  0.000e+00  0.000e+00  0.000e+00  0.000e+00  0.000e+00  306.879    1.966
 6.1500  1.82686e+01  1.828e+01 -1.113e-02 -1.113e-02  0.000e+00  0.000e+00 -1.113e-02  0.000e+00  0.000e+00  0.000e+00  0.000e+00  0.000e+00  306.624    1.964
 6.2000  1.82686e+01  1.827e+01 -5.316e-03 -5.316e-03  0.000e+00  0.000e+00 -5.316e-03  0.000e+00  0.000e+00  0.000e+00  0.000e+00  0.000e+00  306.527    1.964
 6.2500  1.82686e+01  1.827e+01 -4.274e-03 -4.274e-03  0.000e+00  0.000e+00 -4.274e-03  0.000e+00  0.000e+00  0.000e+00  0.000e+00  0.000e+00  306.509    1.964
 6.3000  1.82686e+01  1.827e+01 -4.854e-03 -4.854e-03  0.000e+00  0.000e+00 -4.854e-03  0.000e+00  0.000e+00  0.000e+00  0.000e+00  0.000e+00  306.519    1.964
 6.3500  1.82686e+01  1.827e+01 -6.298e-03 -6.298e-03  0.000e+00  0.000e+00 -6.298e-03  0.000e+00  0.000e+00  0.000e+00  0.000e+00  0.000e+00  306.543    1.964
 6.4000  1.82686e+01  1.828e+01 -9.475e-03 -9.475e-03  0.000e+00  0.000e+00 -9.475e-03  0.000e+00  0.000e+00  0.000e+00  0.000e+00  0.000e+00  306.596    1.964
 6.4500  1.82686e+01  1.829e+01 -1.835e-02 -1.835e-02  0.000e+00  0.000e+00 -1.835e-02  0.000e+00  0.000e+00  0.000e+00  0.000e+00  0.000e+00  306.745    1.965
 6.5000  1.82686e+01  1.832e+01 -4.769e-02 -4.769e-02  0.000e+00  0.000e+00 -4.769e-02  0.000e+00  0.000e+00  0.000e+00  0.000e+00  0.000e+00  307.237    1.967
 6.5500  1.82686e+01  1.839e+01 -1.180e-01 -1.180e-01  0.000e+00  0.000e+00 -1.180e-01  0.000e+00  0.000e+00  0.000e+00  0.000e+00  0.000e+00  308.416    1.974
 6.6000  1.82689e+01  1.844e+01 -1.664e-01 -1.664e-01  0.000e+00  0.000e+00 -1.664e-01  0.000e+00  0.000e+00  0.000e+00  0.000e+00  0.000e+00  309.235    1.979
 6.6500  1.82689e+01  1.844e+01 -1.745e-01 -1.745e-01  0.000e+00  0.000e+00 -1.745e-01  0.000e+00  0.000e+00  0.000e+00  0.000e+00  0.000e+00  309.370    1.981
 6.7000  1.82690e+01  1.838e+01 -1.120e-01 -1.120e-01  0.000e+00  0.000e+00 -1.120e-01  0.000e+00  0.000e+00  0.000e+00  0.000e+00  0.000e+00  308.322    1.979
 6.7500  1.82689e+01  1.846e+01 -1.873e-01 -1.873e-01  0.000e+00  0.000e+00 -1.873e-01  0.000e+00  0.000e+00  0.000e+00  0.000e+00  0.000e+00  309.585    1.982
 6.8000  1.82689e+01  1.840e+01 -1.325e-01 -1.325e-01  0.000e+00  0.000e+00 -1.325e-01  0.000e+00  0.000e+00  0.000e+00  0.000e+00  0.000e+00  308.665    1.976
 6.8500  1.82689e+01  1.835e+01 -8.099e-02 -8.099e-02  0.000e+00  0.000e+00 -8.099e-02  0.000e+00  0.000e+00  0.000e+00  0.000e+00  0.000e+00  307.801    1.971
 6.9000  1.82689e+01  1.835e+01 -8.481e-02 -8.481e-02  0.000e+00  0.000e+00 -8.481e-02  0.000e+00  0.000e+00  0.000e+00  0.000e+00  0.000e+00  307.866    1.971
 6.9500  1.82689e+01  1.837e+01 -9.805e-02 -9.805e-02  0.000e+00  0.000e+00 -9.805e-02  0.000e+00  0.000e+00  0.000e+00  0.000e+00  0.000e+00  308.088    1.973
 7.0000  1.82689e+01  1.833e+01 -6.109e-02 -6.109e-02  0.000e+00  0.000e+00 -6.109e-02  0.000e+00  0.000e+00  0.000e+00  0.000e+00  0.000e+00  307.468    1.969
 7.0500  1.82689e+01  1.831e+01 -3.681e-02 -3.681e-02  0.000e+00  0.000e+00 -3.681e-02  0.000e+00  0.000e+00  0.000e+00  0.000e+00  0.000e+00  307.060    1.967
 7.1000  1.82689e+01  1.831e+01 -4.039e-02 -4.039e-02  0.000e+00  0.000e+00 -4.039e-02  0.000e+00  0.000e+00  0.000e+00  0.000e+00  0.000e+00  307.120    1.967
 7.1500  1.82689e+01  1.833e+01 -6.528e-02 -6.528e-02  0.000e+00  0.000e+00 -6.528e-02  0.000e+00  0.000e+00  0.000e+00  0.000e+00  0.000e+00  307.538    1.969
 7.2000  1.82689e+01  1.840e+01 -1.315e-01 -1.315e-01  0.000e+00  0.000e+00 -1.315e-01  0.000e+00  0.000e+00  0.000e+00  0.000e+00  0.000e+00  308.649    1.975
 7.2500  1.82689e+01  1.850e+01 -2.351e-01 -2.351e-01  0.000e+00  0.000e+00 -2.351e-01  0.000e+00  0.000e+00  0.000e+00  0.000e+00  0.000e+00  310.387    1.987
 7.3000  1.82689e+01  1.852e+01 -2.462e-01 -2.462e-01  0.000e+00  0.000e+00 -2.462e-01  0.000e+00  0.000e+00  0.000e+00  0.000e+00  0.000e+00  310.572    1.994
 7.3500  1.82702e+01  1.851e+01 -2.384e-01 -2.384e-01  0.000e+00  0.000e+00 -2.384e-01  0.000e+00  0.000e+00  0.000e+00  0.000e+00  0.000e+00  310.462    1.988
 7.4000  1.82702e+01  1.845e+01 -1.800e-01 -1.800e-01  0.000e+00  0.000e+00 -1.800e-01  0.000e+00  0.000e+00  0.000e+00  0.000e+00  0.000e+00  309.484    1.980
 7.4500  1.82737e+01  1.850e+01 -2.254e-01 -2.254e-01  0.000e+00  0.000e+00 -2.254e-01  0.000e+00  0.000e+00  0.000e+00  0.000e+00  0.000e+00  310.304    1.986
 7.5000  1.82738e+01  1.805e+01  2.211e-01  2.211e-01  0.000e+00  0.000e+00  2.211e-01  0.000e+00  0.000e+00  0.000e+00  0.000e+00  0.000e+00  302.816    1.957
 7.5500  1.82737e+01  1.847e+01 -1.996e-01 -1.996e-01  0.000e+00  0.000e+00 -1.996e-01  0.000e+00  0.000e+00  0.000e+00  0.000e+00  0.000e+00  309.872    1.983
 7.6000  1.82737e+01  1.843e+01 -1.535e-01 -1.535e-01  0.000e+00  0.000e+00 -1.535e-01  0.000e+00  0.000e+00  0.000e+00  0.000e+00  0.000e+00  309.099    1.978
 7.6500  1.82737e+01  1.841e+01 -1.408e-01 -1.408e-01  0.000e+00  0.000e+00 -1.408e-01  0.000e+00  0.000e+00  0.000e+00  0.000e+00  0.000e+00  308.885    1.977
 7.7000  1.82737e+01  1.840e+01 -1.292e-01 -1.292e-01  0.000e+00  0.000e+00 -1.292e-01  0.000e+00  0.000e+00  0.000e+00  0.000e+00  0.000e+00  308.691    1.977
 7.7500  1.82737e+01  1.839e+01 -1.189e-01 -1.189e-01  0.000e+00  0.000e+00 -1.189e-01  0.000e+00  0.000e+00  0.000e+00  0.000e+00  0.000e+00  308.518    1.976
 7.8000  1.82737e+01  1.839e+01 -1.135e-01 -1.135e-01  0.000e+00  0.000e+00 -1.135e-01  0.000e+00  0.000e+00  0.000e+00  0.000e+00  0.000e+00  308.427    1.975
 7.8500  1.82737e+01  1.839e+01 -1.117e-01 -1.117e-01  0.000e+00  0.000e+00 -1.117e-01  0.000e+00  0.000e+00  0.000e+00  0.000e+00  0.000e+00  308.398    1.975
 7.9000  1.82737e+01  1.838e+01 -1.082e-01 -1.082e-01  0.000e+00  0.000e+00 -1.082e-01  0.000e+00  0.000e+00  0.000e+00  0.000e+00  0.000e+00  308.338    1.975
 7.9500  1.82737e+01  1.837e+01 -1.008e-01 -1.008e-01  0.000e+00  0.000e+00 -1.008e-01  0.000e+00  0.000e+00  0.000e+00  0.000e+00  0.000e+00  308.213    1.974
 8.0000  1.82737e+01  1.837e+01 -9.382e-02 -9.382e-02  0.000e+00  0.000e+00 -9.382e-02  0.000e+00  0.000e+00  0.000e+00  0.000e+00  0.000e+00  308.097    1.973
 8.0500  1.82737e+01  1.836e+01 -8.974e-02 -8.974e-02  0.000e+00  0.000e+00 -8.974e-02  0.000e+00  0.000e+00  0.000e+00  0.000e+00  0.000e+00  308.029    1.972
 8.1000  1.82737e+01  1.836e+01 -8.866e-02 -8.866e-02  0.000e+00  0.000e+00 -8.866e-02  0.000e+00  0.000e+00  0.000e+00  0.000e+00  0.000e+00  308.011    1.972
 8.1500  1.82737e+01  1.836e+01 -9.039e-02 -9.039e-02  0.000e+00  0.000e+00 -9.039e-02  0.000e+00  0.000e+00  0.000e+00  0.000e+00  0.000e+00  308.040    1.972
 8.2000  1.82737e+01  1.837e+01 -9.456e-02 -9.456e-02  0.000e+00  0.000e+00 -9.456e-02  0.000e+00  0.000e+00  0.000e+00  0.000e+00  0.000e+00  308.109    1.973
 8.2500  1.82737e+01  1.837e+01 -1.005e-01 -1.005e-01  0.000e+00  0.000e+00 -1.005e-01  0.000e+00  0.000e+00  0.000e+00  0.000e+00  0.000e+00  308.209    1.974
 8.3000  1.82737e+01  1.838e+01 -1.071e-01 -1.071e-01  0.000e+00  0.000e+00 -1.071e-01  0.000e+00  0.000e+00  0.000e+00  0.000e+00  0.000e+00  308.319    1.974
 8.3500  1.82737e+01  1.839e+01 -1.126e-01 -1.126e-01  0.000e+00  0.000e+00 -1.126e-01  0.000e+00  0.000e+00  0.000e+00  0.000e+00  0.000e+00  308.413    1.975
 8.4000  1.82737e+01  1.839e+01 -1.153e-01 -1.153e-01  0.000e+00  0.000e+00 -1.153e-01  0.000e+00  0.000e+00  0.000e+00  0.000e+00  0.000e+00  308.458    1.975
 8.4500  1.82742e+01  1.839e+01 -1.146e-01 -1.146e-01  0.000e+00  0.000e+00 -1.146e-01  0.000e+00  0.000e+00  0.000e+00  0.000e+00  0.000e+00  308.454    1.976
 8.5000  1.82742e+01  1.839e+01 -1.116e-01 -1.116e-01  0.000e+00  0.000e+00 -1.116e-01  0.000e+00  0.000e+00  0.000e+00  0.000e+00  0.000e+00  308.403    1.975
 8.5500  1.82742e+01  1.838e+01 -1.066e-01 -1.066e-01  0.000e+00  0.000e+00 -1.066e-01  0.000e+00  0.000e+00  0.000e+00  0.000e+00  0.000e+00  308.320    1.975
 8.6000  1.82742e+01  1.837e+01 -9.980e-02 -9.980e-02  0.000e+00  0.000e+00 -9.980e-02  0.000e+00  0.000e+00  0.000e+00  0.000e+00  0.000e+00  308.205    1.974
 8.6500  1.82742e+01  1.837e+01 -9.268e-02 -9.268e-02  0.000e+00  0.000e+00 -9.268e-02  0.000e+00  0.000e+00  0.000e+00  0.000e+00  0.000e+00  308.086    1.973
 8.7000  1.82742e+01  1.836e+01 -8.680e-02 -8.680e-02  0.000e+00  0.000e+00 -8.680e-02  0.000e+00  0.000e+00  0.000e+00  0.000e+00  0.000e+00  307.987    1.972
 8.7500  1.82742e+01  1.836e+01 -8.292e-02 -8.292e-02  0.000e+00  0.000e+00 -8.292e-02  0.000e+00  0.000e+00  0.000e+00  0.000e+00  0.000e+00  307.922    1.972
 8.8000  1.82742e+01  1.836e+01 -8.127e-02 -8.127e-02  0.000e+00  0.000e+00 -8.127e-02  0.000e+00  0.000e+00  0.000e+00  0.000e+00  0.000e+00  307.894    1.972
 8.8500  1.82742e+01  1.836e+01 -8.181e-02 -8.181e-02  0.000e+00  0.000e+00 -8.181e-02  0.000e+00  0.000e+00  0.000e+00  0.000e+00  0.000e+00  307.903    1.972
 8.9000  1.82742e+01  1.836e+01 -8.438e-02 -8.438e-02  0.000e+00  0.000e+00 -8.438e-02  0.000e+00  0.000e+00  0.000e+00  0.000e+00  0.000e+00  307.947    1.972
 8.9500  1.82742e+01  1.836e+01 -8.859e-02 -8.859e-02  0.000e+00  0.000e+00 -8.859e-02  0.000e+00  0.000e+00  0.000e+00  0.000e+00  0.000e+00  308.017    1.973
 9.0000  1.82742e+01  1.837e+01 -9.349e-02 -9.349e-02  0.000e+00  0.000e+00 -9.349e-02  0.000e+00  0.000e+00  0.000e+00  0.000e+00  0.000e+00  308.099    1.973
 9.0500  1.82742e+01  1.837e+01 -9.751e-02 -9.751e-02  0.000e+00  0.000e+00 -9.751e-02  0.000e+00  0.000e+00  0.000e+00  0.000e+00  0.000e+00  308.167    1.974
 9.1000  1.82742e+01  1.837e+01 -9.941e-02 -9.941e-02  0.000e+00  0.000e+00 -9.941e-02  0.000e+00  0.000e+00  0.000e+00  0.000e+00  0.000e+00  308.199    1.974
 9.1500  1.82829e+01  1.838e+01 -9.955e-02 -9.955e-02  0.000e+00  0.000e+00 -9.955e-02  0.000e+00  0.000e+00  0.000e+00  0.000e+00  0.000e+00  308.348    1.975
 9.2000  1.82829e+01  1.838e+01 -9.809e-02 -9.809e-02  0.000e+00  0.000e+00 -9.809e-02  0.000e+00  0.000e+00  0.000e+00  0.000e+00  0.000e+00  308.323    1.975
 9.2500  1.82829e+01  1.838e+01 -9.447e-02 -9.447e-02  0.000e+00  0.000e+00 -9.447e-02  0.000e+00  0.000e+00  0.000e+00  0.000e+00  0.000e+00  308.262    1.974
 9.3000  1.82829e+01  1.837e+01 -8.955e-02 -8.955e-02  0.000e+00  0.000e+00 -8.955e-02  0.000e+00  0.000e+00  0.000e+00  0.000e+00  0.000e+00  308.180    1.974
 9.3500  1.82829e+01  1.837e+01 -8.498e-02 -8.498e-02  0.000e+00  0.000e+00 -8.498e-02  0.000e+00  0.000e+00  0.000e+00  0.000e+00  0.000e+00  308.103    1.973
 9.4000  1.82829e+01  1.836e+01 -8.187e-02 -8.187e-02  0.000e+00  0.000e+00 -8.187e-02  0.000e+00  0.000e+00  0.000e+00  0.000e+00  0.000e+00  308.051    1.973
 9.4500  1.82829e+01  1.836e+01 -8.072e-02 -8.072e-02  0.000e+00  0.000e+00 -8.072e-02  0.000e+00  0.000e+00  0.000e+00  0.000e+00  0.000e+00  308.032    1.973
 9.5000  1.82787e+01  1.836e+01 -8.178e-02 -8.178e-02  0.000e+00  0.000e+00 -8.178e-02  0.000e+00  0.000e+00  0.000e+00  0.000e+00  0.000e+00  307.979    1.972
 9.5500  1.82787e+01  1.836e+01 -8.529e-02 -8.529e-02  0.000e+00  0.000e+00 -8.529e-02  0.000e+00  0.000e+00  0.000e+00  0.000e+00  0.000e+00  308.038    1.973
 9.6000  1.82903e+01  1.838e+01 -9.158e-02 -9.158e-02  0.000e+00  0.000e+00 -9.158e-02  0.000e+00  0.000e+00  0.000e+00  0.000e+00  0.000e+00  308.338    1.974
 9.6500  1.82903e+01  1.839e+01 -1.011e-01 -1.011e-01  0.000e+00  0.000e+00 -1.011e-01  0.000e+00  0.000e+00  0.000e+00  0.000e+00  0.000e+00  308.498    1.976
 9.7000  1.82903e+01  1.840e+01 -1.133e-01 -1.133e-01  0.000e+00  0.000e+00 -1.133e-01  0.000e+00  0.000e+00  0.000e+00  0.000e+00  0.000e+00  308.703    1.977
 9.7500  1.82903e+01  1.842e+01 -1.252e-01 -1.252e-01  0.000e+00  0.000e+00 -1.252e-01  0.000e+00  0.000e+00  0.000e+00  0.000e+00  0.000e+00  308.901    1.978
 9.8000  1.82903e+01  1.843e+01 -1.405e-01 -1.405e-01  0.000e+00  0.000e+00 -1.405e-01  0.000e+00  0.000e+00  0.000e+00  0.000e+00  0.000e+00  309.157    1.980
 9.8500  1.82887e+01  1.847e+01 -1.835e-01 -1.835e-01  0.000e+00  0.000e+00 -1.835e-01  0.000e+00  0.000e+00  0.000e+00  0.000e+00  0.000e+00  309.853    1.983
 9.9000  1.82887e+01  1.851e+01 -2.190e-01 -2.190e-01  0.000e+00  0.000e+00 -2.190e-01  0.000e+00  0.000e+00  0.000e+00  0.000e+00  0.000e+00  310.448    1.991
 9.9500  1.82887e+01  1.849e+01 -2.000e-01 -2.000e-01  0.000e+00  0.000e+00 -2.000e-01  0.000e+00  0.000e+00  0.000e+00  0.000e+00  0.000e+00  310.129    1.988
10.0000  1.82887e+01  1.850e+01 -2.102e-01 -2.102e-01  0.000e+00  0.000e+00 -2.102e-01  0.000e+00  0.000e+00  0.000e+00  0.000e+00  0.000e+00  310.301    1.986
10.0500  1.82770e+01  1.845e+01 -1.709e-01 -1.709e-01  0.000e+00  0.000e+00 -1.709e-01  0.000e+00  0.000e+00  0.000e+00  0.000e+00  0.000e+00  309.445    1.981
10.1000  1.82770e+01  1.843e+01 -1.555e-01 -1.555e-01  0.000e+00  0.000e+00 -1.555e-01  0.000e+00  0.000e+00  0.000e+00  0.000e+00  0.000e+00  309.186    1.979
10.1500  1.82770e+01  1.842e+01 -1.431e-01 -1.431e-01  0.000e+00  0.000e+00 -1.431e-01  0.000e+00  0.000e+00  0.000e+00  0.000e+00  0.000e+00  308.979    1.978
10.2000  1.82770e+01  1.841e+01 -1.310e-01 -1.310e-01  0.000e+00  0.000e+00 -1.310e-01  0.000e+00  0.000e+00  0.000e+00  0.000e+00  0.000e+00  308.775    1.977
10.2500  1.82770e+01  1.840e+01 -1.207e-01 -1.207e-01  0.000e+00  0.000e+00 -1.207e-01  0.000e+00  0.000e+00  0.000e+00  0.000e+00  0.000e+00  308.603    1.976
10.3000  1.82770e+01  1.839e+01 -1.140e-01 -1.140e-01  0.000e+00  0.000e+00 -1.140e-01  0.000e+00  0.000e+00  0.000e+00  0.000e+00  0.000e+00  308.489    1.975
10.3500  1.82770e+01  1.839e+01 -1.103e-01 -1.103e-01  0.000e+00  0.000e+00 -1.103e-01  0.000e+00  0.000e+00  0.000e+00  0.000e+00  0.000e+00  308.428    1.975
10.4000  1.82770e+01  1.838e+01 -1.080e-01 -1.080e-01  0.000e+00  0.000e+00 -1.080e-01  0.000e+00  0.000e+00  0.000e+00  0.000e+00  0.000e+00  308.389    1.975
10.4500  1.82770e+01  1.838e+01 -1.056e-01 -1.056e-01  0.000e+00  0.000e+00 -1.056e-01  0.000e+00  0.000e+00  0.000e+00  0.000e+00  0.000e+00  308.349    1.975
10.5000  1.82831e+01  1.839e+01 -1.030e-01 -1.030e-01  0.000e+00  0.000e+00 -1.030e-01  0.000e+00  0.000e+00  0.000e+00  0.000e+00  0.000e+00  308.409    1.975
10.5500  1.82831e+01  1.838e+01 -9.949e-02 -9.949e-02  0.000e+00  0.000e+00 -9.949e-02  0.000e+00  0.000e+00  0.000e+00  0.000e+00  0.000e+00  308.350    1.975
10.6000  1.82831e+01  1.838e+01 -9.441e-02 -9.441e-02  0.000e+00  0.000e+00 -9.441e-02  0.000e+00  0.000e+00  0.000e+00  0.000e+00  0.000e+00  308.265    1.974
10.6500  1.82831e+01  1.837e+01 -8.889e-02 -8.889e-02  0.000e+00  0.000e+00 -8.889e-02  0.000e+00  0.000e+00  0.000e+00  0.000e+00  0.000e+00  308.172    1.974
10.7000  1.82828e+01  1.837e+01 -8.429e-02 -8.429e-02  0.000e+00  0.000e+00 -8.429e-02  0.000e+00  0.000e+00  0.000e+00  0.000e+00  0.000e+00  308.090    1.973
10.7500  1.82829e+01  1.803e+01  2.575e-01 -8.138e-02  0.000e+00  3.389e-01 -8.138e-02  0.000e+00  0.000e+00  0.000e+00  0.000e+00  0.000e+00  302.358   -0.365
10.8000  1.82884e+01  1.837e+01 -8.041e-02 -8.041e-02  0.000e+00  0.000e+00 -8.041e-02  0.000e+00  0.000e+00  0.000e+00  0.000e+00  0.000e+00  308.119    1.973
10.8500  1.82884e+01  1.837e+01 -8.142e-02 -8.142e-02  0.000e+00  0.000e+00 -8.142e-02  0.000e+00  0.000e+00  0.000e+00  0.000e+00  0.000e+00  308.136    1.973
10.9000  1.82884e+01  1.837e+01 -8.431e-02 -8.431e-02  0.000e+00  0.000e+00 -8.431e-02  0.000e+00  0.000e+00  0.000e+00  0.000e+00  0.000e+00  308.184    1.974
10.9500  1.82884e+01  1.838e+01 -8.873e-02 -8.873e-02  0.000e+00  0.000e+00 -8.873e-02  0.000e+00  0.000e+00  0.000e+00  0.000e+00  0.000e+00  308.258    1.974
11.0000  1.82884e+01  1.838e+01 -9.375e-02 -9.375e-02  0.000e+00  0.000e+00 -9.375e-02  0.000e+00  0.000e+00  0.000e+00  0.000e+00  0.000e+00  308.343    1.975
11.0500  1.82884e+01  1.839e+01 -9.783e-02 -9.783e-02  0.000e+00  0.000e+00 -9.783e-02  0.000e+00  0.000e+00  0.000e+00  0.000e+00  0.000e+00  308.411    1.975
11.1000  1.82884e+01  1.839e+01 -9.979e-02 -9.979e-02  0.000e+00  0.000e+00 -9.979e-02  0.000e+00  0.000e+00  0.000e+00  0.000e+00  0.000e+00  308.444    1.976
11.1500  1.82884e+01  1.839e+01 -1.000e-01 -1.000e-01  0.000e+00  0.000e+00 -1.000e-01  0.000e+00  0.000e+00  0.000e+00  0.000e+00  0.000e+00  308.448    1.976
11.2000  1.82884e+01  1.839e+01 -9.881e-02 -9.881e-02  0.000e+00  0.000e+00 -9.881e-02  0.000e+00  0.000e+00  0.000e+00  0.000e+00  0.000e+00  308.427    1.975
11.2500  1.82884e+01  1.838e+01 -9.578e-02 -9.578e-02  0.000e+00  0.000e+00 -9.578e-02  0.000e+00  0.000e+00  0.000e+00  0.000e+00  0.000e+00  308.377    1.975
11.3000  1.82884e+01  1.838e+01 -9.321e-02 -9.321e-02  0.000e+00  0.000e+00 -9.321e-02  0.000e+00  0.000e+00  0.000e+00  0.000e+00  0.000e+00  308.334    1.975
11.3500  1.82884e+01  1.839e+01 -1.001e-01 -1.001e-01  0.000e+00  0.000e+00 -1.001e-01  0.000e+00  0.000e+00  0.000e+00  0.000e+00  0.000e+00  308.449    1.975
11.4000  1.82884e+01  1.841e+01 -1.214e-01 -1.214e-01  0.000e+00  0.000e+00 -1.214e-01  0.000e+00  0.000e+00  0.000e+00  0.000e+00  0.000e+00  308.807    1.977
11.4500  1.82884e+01  1.839e+01 -1.047e-01 -1.047e-01  0.000e+00  0.000e+00 -1.047e-01  0.000e+00  0.000e+00  0.000e+00  0.000e+00  0.000e+00  308.526    1.975
11.5000  1.82884e+01  1.838e+01 -8.811e-02 -8.811e-02  0.000e+00  0.000e+00 -8.811e-02  0.000e+00  0.000e+00  0.000e+00  0.000e+00  0.000e+00  308.248    1.974
11.5500  1.82884e+01  1.838e+01 -8.681e-02 -8.681e-02  0.000e+00  0.000e+00 -8.681e-02  0.000e+00  0.000e+00  0.000e+00  0.000e+00  0.000e+00  308.226    1.974
11.6000  1.82884e+01  1.838e+01 -9.003e-02 -9.003e-02  0.000e+00  0.000e+00 -9.003e-02  0.000e+00  0.000e+00  0.000e+00  0.000e+00  0.000e+00  308.280    1.974
11.6500  1.82884e+01  1.838e+01 -9.562e-02 -9.562e-02  0.000e+00  0.000e+00 -9.562e-02  0.000e+00  0.000e+00  0.000e+00  0.000e+00  0.000e+00  308.374    1.975
11.7000  1.82873e+01  1.783e+01  4.561e-01 -1.052e-01  0.000e+00  5.613e-01 -1.052e-01  0.000e+00  0.000e+00  0.000e+00  0.000e+00  0.000e+00  299.100   -1.078
11.7500  1.82861e+01  1.841e+01 -1.221e-01 -1.221e-01  0.000e+00  0.000e+00 -1.221e-01  0.000e+00  0.000e+00  0.000e+00  0.000e+00  0.000e+00  308.778    1.977
11.8000  1.82861e+01  1.841e+01 -1.253e-01 -1.253e-01  0.000e+00  0.000e+00 -1.253e-01  0.000e+00  0.000e+00  0.000e+00  0.000e+00  0.000e+00  308.832    1.978
11.8500  1.82851e+01  1.800e+01  2.884e-01 -1.095e-01  0.000e+00  3.979e-01 -1.095e-01  0.000e+00  0.000e+00  0.000e+00  0.000e+00  0.000e+00  301.877   -0.563
11.9000  1.82822e+01  1.838e+01 -1.001e-01 -1.001e-01  0.000e+00  0.000e+00 -1.001e-01  0.000e+00  0.000e+00  0.000e+00  0.000e+00  0.000e+00  308.343    1.975
11.9500  1.82822e+01  1.838e+01 -9.457e-02 -9.457e-02  0.000e+00  0.000e+00 -9.457e-02  0.000e+00  0.000e+00  0.000e+00  0.000e+00  0.000e+00  308.251    1.974
12.0000  1.82762e+01  1.837e+01 -9.466e-02 -9.466e-02  0.000e+00  0.000e+00 -9.466e-02  0.000e+00  0.000e+00  0.000e+00  0.000e+00  0.000e+00  308.153    1.973
12.0500  1.82762e+01  1.837e+01 -9.844e-02 -9.844e-02  0.000e+00  0.000e+00 -9.844e-02  0.000e+00  0.000e+00  0.000e+00  0.000e+00  0.000e+00  308.216    1.974
12.1000  1.82762e+01  1.838e+01 -1.076e-01 -1.076e-01  0.000e+00  0.000e+00 -1.076e-01  0.000e+00  0.000e+00  0.000e+00  0.000e+00  0.000e+00  308.369    1.975
12.1500  1.82619e+01  1.838e+01 -1.208e-01 -1.208e-01  0.000e+00  0.000e+00 -1.208e-01  0.000e+00  0.000e+00  0.000e+00  0.000e+00  0.000e+00  308.351    1.974
12.2000  1.82619e+01  1.839e+01 -1.275e-01 -1.275e-01  0.000e+00  0.000e+00 -1.275e-01  0.000e+00  0.000e+00  0.000e+00  0.000e+00  0.000e+00  308.463    1.975
12.2500  1.82619e+01  1.841e+01 -1.465e-01 -1.465e-01  0.000e+00  0.000e+00 -1.465e-01  0.000e+00  0.000e+00  0.000e+00  0.000e+00  0.000e+00  308.783    1.977
12.3000  1.82513e+01  1.847e+01 -2.219e-01 -2.219e-01  0.000e+00  0.000e+00 -2.219e-01  0.000e+00  0.000e+00  0.000e+00  0.000e+00  0.000e+00  309.870    1.983
12.3500  1.82512e+01  1.829e+01 -4.356e-02 -4.356e-02  0.000e+00  0.000e+00 -4.356e-02  0.000e+00  0.000e+00  0.000e+00  0.000e+00  0.000e+00  306.876    1.979
12.4000  1.82512e+01  1.849e+01 -2.388e-01 -2.388e-01  0.000e+00  0.000e+00 -2.388e-01  0.000e+00  0.000e+00  0.000e+00  0.000e+00  0.000e+00  310.153    1.986
12.4500  1.82513e+01  1.840e+01 -1.477e-01 -1.477e-01  0.000e+00  0.000e+00 -1.477e-01  0.000e+00  0.000e+00  0.000e+00  0.000e+00  0.000e+00  308.624    1.976
12.5000  1.82513e+01  1.838e+01 -1.284e-01 -1.284e-01  0.000e+00  0.000e+00 -1.284e-01  0.000e+00  0.000e+00  0.000e+00  0.000e+00  0.000e+00  308.300    1.974
12.5500  1.82513e+01  1.840e+01 -1.518e-01 -1.518e-01  0.000e+00  0.000e+00 -1.518e-01  0.000e+00  0.000e+00  0.000e+00  0.000e+00  0.000e+00  308.692    1.976
12.6000  1.82513e+01  1.843e+01 -1.759e-01 -1.759e-01  0.000e+00  0.000e+00 -1.759e-01  0.000e+00  0.000e+00  0.000e+00  0.000e+00  0.000e+00  309.096    1.979
12.6500  1.82513e+01  1.842e+01 -1.651e-01 -1.651e-01  0.000e+00  0.000e+00 -1.651e-01  0.000e+00  0.000e+00  0.000e+00  0.000e+00  0.000e+00  308.915    1.978
12.7000  1.82513e+01  1.838e+01 -1.301e-01 -1.301e-01  0.000e+00  0.000e+00 -1.301e-01  0.000e+00  0.000e+00  0.000e+00  0.000e+00  0.000e+00  308.330    1.974
12.7500  1.82513e+01  1.836e+01 -1.078e-01 -1.078e-01  0.000e+00  0.000e+00 -1.078e-01  0.000e+00  0.000e+00  0.000e+00  0.000e+00  0.000e+00  307.955    1.972
12.8000  1.82513e+01  1.835e+01 -1.004e-01 -1.004e-01  0.000e+00  0.000e+00 -1.004e-01  0.000e+00  0.000e+00  0.000e+00  0.000e+00  0.000e+00  307.831    1.971
12.8500  1.82513e+01  1.835e+01 -9.884e-02 -9.884e-02  0.000e+00  0.000e+00 -9.884e-02  0.000e+00  0.000e+00  0.000e+00  0.000e+00  0.000e+00  307.804    1.971
12.9000  1.82513e+01  1.835e+01 -9.888e-02 -9.888e-02  0.000e+00  0.000e+00 -9.888e-02  0.000e+00  0.000e+00  0.000e+00  0.000e+00  0.000e+00  307.805    1.971
12.9500  1.82513e+01  1.835e+01 -9.940e-02 -9.940e-02  0.000e+00  0.000e+00 -9.940e-02  0.000e+00  0.000e+00  0.000e+00  0.000e+00  0.000e+00  307.814    1.971
13.0000  1.82513e+01  1.835e+01 -1.007e-01 -1.007e-01  0.000e+00  0.000e+00 -1.007e-01  0.000e+00  0.000e+00  0.000e+00  0.000e+00  0.000e+00  307.836    1.971
13.0500  1.82513e+01  1.836e+01 -1.051e-01 -1.051e-01  0.000e+00  0.000e+00 -1.051e-01  0.000e+00  0.000e+00  0.000e+00  0.000e+00  0.000e+00  307.910    1.972
13.1000  1.82513e+01  1.837e+01 -1.200e-01 -1.200e-01  0.000e+00  0.000e+00 -1.200e-01  0.000e+00  0.000e+00  0.000e+00  0.000e+00  0.000e+00  308.159    1.973
13.1500  1.82513e+01  1.842e+01 -1.661e-01 -1.661e-01  0.000e+00  0.000e+00 -1.661e-01  0.000e+00  0.000e+00  0.000e+00  0.000e+00  0.000e+00  308.933    1.977
13.2000  1.82511e+01  1.824e+01  1.434e-02 -4.179e-02  0.000e+00  5.614e-02 -4.179e-02  0.000e+00  0.000e+00  0.000e+00  0.000e+00  0.000e+00  305.904    1.027
13.2500  1.82512e+01  1.843e+01 -1.835e-01 -1.835e-01  0.000e+00  0.000e+00 -1.835e-01  0.000e+00  0.000e+00  0.000e+00  0.000e+00  0.000e+00  309.222    1.981
13.3000  1.82512e+01  1.840e+01 -1.460e-01 -1.460e-01  0.000e+00  0.000e+00 -1.460e-01  0.000e+00  0.000e+00  0.000e+00  0.000e+00  0.000e+00  308.594    1.976
13.3500  1.82512e+01  1.837e+01 -1.147e-01 -1.147e-01  0.000e+00  0.000e+00 -1.147e-01  0.000e+00  0.000e+00  0.000e+00  0.000e+00  0.000e+00  308.069    1.973
13.4000  1.82512e+01  1.836e+01 -1.050e-01 -1.050e-01  0.000e+00  0.000e+00 -1.050e-01  0.000e+00  0.000e+00  0.000e+00  0.000e+00  0.000e+00  307.907    1.972
13.4500  1.82512e+01  1.835e+01 -1.018e-01 -1.018e-01  0.000e+00  0.000e+00 -1.018e-01  0.000e+00  0.000e+00  0.000e+00  0.000e+00  0.000e+00  307.852    1.972
13.5000  1.82512e+01  1.835e+01 -1.003e-01 -1.003e-01  0.000e+00  0.000e+00 -1.003e-01  0.000e+00  0.000e+00  0.000e+00  0.000e+00  0.000e+00  307.827    1.971
13.5500  1.82512e+01  1.835e+01 -9.914e-02 -9.914e-02  0.000e+00  0.000e+00 -9.914e-02  0.000e+00  0.000e+00  0.000e+00  0.000e+00  0.000e+00  307.808    1.971
13.6000  1.82512e+01  1.835e+01 -9.783e-02 -9.783e-02  0.000e+00  0.000e+00 -9.783e-02  0.000e+00  0.000e+00  0.000e+00  0.000e+00  0.000e+00  307.786    1.971
13.6500  1.82512e+01  1.835e+01 -9.626e-02 -9.626e-02  0.000e+00  0.000e+00 -9.626e-02  0.000e+00  0.000e+00  0.000e+00  0.000e+00  0.000e+00  307.760    1.971
13.7000  1.82512e+01  1.835e+01 -9.465e-02 -9.465e-02  0.000e+00  0.000e+00 -9.465e-02  0.000e+00  0.000e+00  0.000e+00  0.000e+00  0.000e+00  307.733    1.971
13.7500  1.82512e+01  1.834e+01 -9.353e-02 -9.353e-02  0.000e+00  0.000e+00 -9.353e-02  0.000e+00  0.000e+00  0.000e+00  0.000e+00  0.000e+00  307.714    1.971
13.8000  1.82512e+01  1.834e+01 -9.358e-02 -9.358e-02  0.000e+00  0.000e+00 -9.358e-02  0.000e+00  0.000e+00  0.000e+00  0.000e+00  0.000e+00  307.715    1.971
13.8500  1.82512e+01  1.835e+01 -9.445e-02 -9.445e-02  0.000e+00  0.000e+00 -9.445e-02  0.000e+00  0.000e+00  0.000e+00  0.000e+00  0.000e+00  307.729    1.971
13.9000  1.82512e+01  1.835e+01 -9.432e-02 -9.432e-02  0.000e+00  0.000e+00 -9.432e-02  0.000e+00  0.000e+00  0.000e+00  0.000e+00  0.000e+00  307.727    1.971
13.9500  1.82512e+01  1.834e+01 -9.371e-02 -9.371e-02  0.000e+00  0.000e+00 -9.371e-02  0.000e+00  0.000e+00  0.000e+00  0.000e+00  0.000e+00  307.717    1.971
14.0000  1.82380e+01  1.833e+01 -9.431e-02 -9.431e-02  0.000e+00  0.000e+00 -9.431e-02  0.000e+00  0.000e+00  0.000e+00  0.000e+00  0.000e+00  307.505    1.969
14.0500  1.82380e+01  1.833e+01 -9.593e-02 -9.593e-02  0.000e+00  0.000e+00 -9.593e-02  0.000e+00  0.000e+00  0.000e+00  0.000e+00  0.000e+00  307.533    1.970
14.1000  1.82593e+01  1.836e+01 -9.765e-02 -9.765e-02  0.000e+00  0.000e+00 -9.765e-02  0.000e+00  0.000e+00  0.000e+00  0.000e+00  0.000e+00  307.919    1.972
14.1500  1.82593e+01  1.836e+01 -9.861e-02 -9.861e-02  0.000e+00  0.000e+00 -9.861e-02  0.000e+00  0.000e+00  0.000e+00  0.000e+00  0.000e+00  307.935    1.972
14.2000  1.82593e+01  1.836e+01 -9.845e-02 -9.845e-02  0.000e+00  0.000e+00 -9.845e-02  0.000e+00  0.000e+00  0.000e+00  0.000e+00  0.000e+00  307.932    1.972
14.2500  1.82593e+01  1.836e+01 -9.745e-02 -9.745e-02  0.000e+00  0.000e+00 -9.745e-02  0.000e+00  0.000e+00  0.000e+00  0.000e+00  0.000e+00  307.916    1.972
14.3000  1.82593e+01  1.836e+01 -9.600e-02 -9.600e-02  0.000e+00  0.000e+00 -9.600e-02  0.000e+00  0.000e+00  0.000e+00  0.000e+00  0.000e+00  307.891    1.972
14.3500  1.82593e+01  1.835e+01 -9.433e-02 -9.433e-02  0.000e+00  0.000e+00 -9.433e-02  0.000e+00  0.000e+00  0.000e+00  0.000e+00  0.000e+00  307.863    1.972
14.4000  1.82593e+01  1.835e+01 -9.282e-02 -9.282e-02  0.000e+00  0.000e+00 -9.282e-02  0.000e+00  0.000e+00  0.000e+00  0.000e+00  0.000e+00  307.838    1.971
14.4500  1.82593e+01  1.835e+01 -9.214e-02 -9.214e-02  0.000e+00  0.000e+00 -9.214e-02  0.000e+00  0.000e+00  0.000e+00  0.000e+00  0.000e+00  307.827    1.971
14.5000  1.82593e+01  1.835e+01 -9.353e-02 -9.353e-02  0.000e+00  0.000e+00 -9.353e-02  0.000e+00  0.000e+00  0.000e+00  0.000e+00  0.000e+00  307.850    1.971
14.5500  1.82593e+01  1.836e+01 -9.696e-02 -9.696e-02  0.000e+00  0.000e+00 -9.696e-02  0.000e+00  0.000e+00  0.000e+00  0.000e+00  0.000e+00  307.907    1.972
14.6000  1.82593e+01  1.836e+01 -9.754e-02 -9.754e-02  0.000e+00  0.000e+00 -9.754e-02  0.000e+00  0.000e+00  0.000e+00  0.000e+00  0.000e+00  307.917    1.972
14.6500  1.82593e+01  1.836e+01 -9.678e-02 -9.678e-02  0.000e+00  0.000e+00 -9.678e-02  0.000e+00  0.000e+00  0.000e+00  0.000e+00  0.000e+00  307.904    1.972
14.7000  1.82593e+01  1.836e+01 -9.942e-02 -9.942e-02  0.000e+00  0.000e+00 -9.942e-02  0.000e+00  0.000e+00  0.000e+00  0.000e+00  0.000e+00  307.949    1.972
14.7500  1.82593e+01  1.837e+01 -1.067e-01 -1.067e-01  0.000e+00  0.000e+00 -1.067e-01  0.000e+00  0.000e+00  0.000e+00  0.000e+00  0.000e+00  308.071    1.973
14.8000  1.82593e+01  1.838e+01 -1.214e-01 -1.214e-01  0.000e+00  0.000e+00 -1.214e-01  0.000e+00  0.000e+00  0.000e+00  0.000e+00  0.000e+00  308.317    1.974
14.8500  1.82593e+01  1.840e+01 -1.449e-01 -1.449e-01  0.000e+00  0.000e+00 -1.449e-01  0.000e+00  0.000e+00  0.000e+00  0.000e+00  0.000e+00  308.712    1.976
14.9000  1.82593e+01  1.843e+01 -1.670e-01 -1.670e-01  0.000e+00  0.000e+00 -1.670e-01  0.000e+00  0.000e+00  0.000e+00  0.000e+00  0.000e+00  309.083    1.979
14.9500  1.82593e+01  1.843e+01 -1.707e-01 -1.707e-01  0.000e+00  0.000e+00 -1.707e-01  0.000e+00  0.000e+00  0.000e+00  0.000e+00  0.000e+00  309.145    1.979
15.0000  1.82675e+01  1.762e+01  6.497e-01 -1.528e-01  0.000e+00  8.025e-01 -1.528e-01  0.000e+00  0.000e+00  0.000e+00  0.000e+00  0.000e+00  295.521   -1.648
15.0500  1.82714e+01  1.840e+01 -1.260e-01 -1.260e-01  0.000e+00  0.000e+00 -1.260e-01  0.000e+00  0.000e+00  0.000e+00  0.000e+00  0.000e+00  308.598    1.976
15.1000  1.82714e+01  1.838e+01 -1.065e-01 -1.065e-01  0.000e+00  0.000e+00 -1.065e-01  0.000e+00  0.000e+00  0.000e+00  0.000e+00  0.000e+00  308.271    1.974
15.1500  1.82714e+01  1.837e+01 -9.684e-02 -9.684e-02  0.000e+00  0.000e+00 -9.684e-02  0.000e+00  0.000e+00  0.000e+00  0.000e+00  0.000e+00  308.109    1.973
15.2000  1.82714e+01  1.836e+01 -9.311e-02 -9.311e-02  0.000e+00  0.000e+00 -9.311e-02  0.000e+00  0.000e+00  0.000e+00  0.000e+00  0.000e+00  308.046    1.973
15.2500  1.82565e+01  1.834e+01 -8.757e-02 -9.235e-02  0.000e+00  4.780e-03 -9.235e-02  0.000e+00  0.000e+00  0.000e+00  0.000e+00  0.000e+00  307.704    1.697
15.3000  1.82831e+01  1.838e+01 -9.298e-02 -9.298e-02  0.000e+00  0.000e+00 -9.298e-02  0.000e+00  0.000e+00  0.000e+00  0.000e+00  0.000e+00  308.239    1.974
15.3500  1.82831e+01  1.838e+01 -9.409e-02 -9.409e-02  0.000e+00  0.000e+00 -9.409e-02  0.000e+00  0.000e+00  0.000e+00  0.000e+00  0.000e+00  308.258    1.974
15.4000  1.82831e+01  1.838e+01 -9.508e-02 -9.508e-02  0.000e+00  0.000e+00 -9.508e-02  0.000e+00  0.000e+00  0.000e+00  0.000e+00  0.000e+00  308.274    1.974
15.4500  1.82831e+01  1.838e+01 -9.560e-02 -9.560e-02  0.000e+00  0.000e+00 -9.560e-02  0.000e+00  0.000e+00  0.000e+00  0.000e+00  0.000e+00  308.283    1.974
15.5000  1.82833e+01  1.797e+01  3.143e-01 -9.552e-02  0.000e+00  4.098e-01 -9.552e-02  0.000e+00  0.000e+00  0.000e+00  0.000e+00  0.000e+00  301.413   -0.611
15.5500  1.82839e+01  1.838e+01 -9.483e-02 -9.483e-02  0.000e+00  0.000e+00 -9.483e-02  0.000e+00  0.000e+00  0.000e+00  0.000e+00  0.000e+00  308.285    1.974
15.6000  1.82839e+01  1.838e+01 -9.364e-02 -9.364e-02  0.000e+00  0.000e+00 -9.364e-02  0.000e+00  0.000e+00  0.000e+00  0.000e+00  0.000e+00  308.265    1.974
15.6500  1.82839e+01  1.838e+01 -9.224e-02 -9.224e-02  0.000e+00  0.000e+00 -9.224e-02  0.000e+00  0.000e+00  0.000e+00  0.000e+00  0.000e+00  308.241    1.974
15.7000  1.82839e+01  1.837e+01 -9.097e-02 -9.097e-02  0.000e+00  0.000e+00 -9.097e-02  0.000e+00  0.000e+00  0.000e+00  0.000e+00  0.000e+00  308.220    1.974
15.7500  1.82839e+01  1.837e+01 -9.016e-02 -9.016e-02  0.000e+00  0.000e+00 -9.016e-02  0.000e+00  0.000e+00  0.000e+00  0.000e+00  0.000e+00  308.207    1.974
15.8000  1.82839e+01  1.837e+01 -9.002e-02 -9.002e-02  0.000e+00  0.000e+00 -9.002e-02  0.000e+00  0.000e+00  0.000e+00  0.000e+00  0.000e+00  308.204    1.974
15.8500  1.82839e+01  1.837e+01 -9.062e-02 -9.062e-02  0.000e+00  0.000e+00 -9.062e-02  0.000e+00  0.000e+00  0.000e+00  0.000e+00  0.000e+00  308.214    1.974
15.9000  1.82839e+01  1.838e+01 -9.192e-02 -9.192e-02  0.000e+00  0.000e+00 -9.192e-02  0.000e+00  0.000e+00  0.000e+00  0.000e+00  0.000e+00  308.236    1.974
15.9500  1.82839e+01  1.838e+01 -9.396e-02 -9.396e-02  0.000e+00  0.000e+00 -9.396e-02  0.000e+00  0.000e+00  0.000e+00  0.000e+00  0.000e+00  308.270    1.974
16.0000  1.82839e+01  1.838e+01 -9.795e-02 -9.795e-02  0.000e+00  0.000e+00 -9.795e-02  0.000e+00  0.000e+00  0.000e+00  0.000e+00  0.000e+00  308.337    1.975
16.0500  1.82839e+01  1.840e+01 -1.169e-01 -1.169e-01  0.000e+00  0.000e+00 -1.169e-01  0.000e+00  0.000e+00  0.000e+00  0.000e+00  0.000e+00  308.656    1.976
16.1000  1.82837e+01  1.846e+01 -1.739e-01 -1.739e-01  0.000e+00  0.000e+00 -1.739e-01  0.000e+00  0.000e+00  0.000e+00  0.000e+00  0.000e+00  309.608    1.987
16.1500  1.82839e+01  1.854e+01 -2.537e-01 -2.537e-01  0.000e+00  0.000e+00 -2.537e-01  0.000e+00  0.000e+00  0.000e+00  0.000e+00  0.000e+00  310.949    1.991
16.2000  1.82839e+01  1.848e+01 -1.998e-01 -1.998e-01  0.000e+00  0.000e+00 -1.998e-01  0.000e+00  0.000e+00  0.000e+00  0.000e+00  0.000e+00  310.046    1.985
16.2500  1.82839e+01  1.842e+01 -1.357e-01 -1.357e-01  0.000e+00  0.000e+00 -1.357e-01  0.000e+00  0.000e+00  0.000e+00  0.000e+00  0.000e+00  308.970    1.978
16.3000  1.82839e+01  1.834e+01 -5.388e-02 -5.388e-02  0.000e+00  0.000e+00 -5.388e-02  0.000e+00  0.000e+00  0.000e+00  0.000e+00  0.000e+00  307.598    1.970
16.3500  1.82839e+01  1.830e+01 -1.985e-02 -1.985e-02  0.000e+00  0.000e+00 -1.985e-02  0.000e+00  0.000e+00  0.000e+00  0.000e+00  0.000e+00  307.027    1.967
16.4000  1.82839e+01  1.829e+01 -9.810e-03 -9.810e-03  0.000e+00  0.000e+00 -9.810e-03  0.000e+00  0.000e+00  0.000e+00  0.000e+00  0.000e+00  306.859    1.966
16.4500  1.82839e+01  1.829e+01 -6.958e-03 -6.958e-03  0.000e+00  0.000e+00 -6.958e-03  0.000e+00  0.000e+00  0.000e+00  0.000e+00  0.000e+00  306.811    1.965
16.5000  1.82839e+01  1.829e+01 -6.489e-03 -6.489e-03  0.000e+00  0.000e+00 -6.489e-03  0.000e+00  0.000e+00  0.000e+00  0.000e+00  0.000e+00  306.803    1.965
16.5500  1.82727e+01  1.803e+01  2.433e-01 -7.236e-03  0.000e+00  2.506e-01 -7.236e-03  0.000e+00  0.000e+00  0.000e+00  0.000e+00  0.000e+00  302.425   -0.082
16.6000  1.82764e+01  1.829e+01 -9.021e-03 -9.021e-03  0.000e+00  0.000e+00 -9.021e-03  0.000e+00  0.000e+00  0.000e+00  0.000e+00  0.000e+00  306.719    1.965
16.6500  1.82764e+01  1.829e+01 -1.181e-02 -1.181e-02  0.000e+00  0.000e+00 -1.181e-02  0.000e+00  0.000e+00  0.000e+00  0.000e+00  0.000e+00  306.766    1.965
16.7000  1.82764e+01  1.829e+01 -1.534e-02 -1.534e-02  0.000e+00  0.000e+00 -1.534e-02  0.000e+00  0.000e+00  0.000e+00  0.000e+00  0.000e+00  306.825    1.965
16.7500  1.82663e+01  1.751e+01  7.603e-01 -1.896e-02  0.000e+00  7.793e-01 -1.896e-02  0.000e+00  0.000e+00  0.000e+00  0.000e+00  0.000e+00  293.645   -1.685
16.8000  1.82577e+01  1.816e+01  9.866e-02 -2.166e-02  0.000e+00  1.203e-01 -2.166e-02  0.000e+00  0.000e+00  0.000e+00  0.000e+00  0.000e+00  304.600    0.564
16.8500  1.82591e+01  1.828e+01 -2.251e-02 -2.251e-02  0.000e+00  0.000e+00 -2.251e-02  0.000e+00  0.000e+00  0.000e+00  0.000e+00  0.000e+00  306.656    1.964
16.9000  1.82591e+01  1.828e+01 -2.117e-02 -2.117e-02  0.000e+00  0.000e+00 -2.117e-02  0.000e+00  0.000e+00  0.000e+00  0.000e+00  0.000e+00  306.633    1.964
16.9500  1.82591e+01  1.828e+01 -1.808e-02 -1.808e-02  0.000e+00  0.000e+00 -1.808e-02  0.000e+00  0.000e+00  0.000e+00  0.000e+00  0.000e+00  306.581    1.964
17.0000  1.82591e+01  1.827e+01 -1.417e-02 -1.417e-02  0.000e+00  0.000e+00 -1.417e-02  0.000e+00  0.000e+00  0.000e+00  0.000e+00  0.000e+00  306.516    1.963
17.0500  1.82384e+01  1.825e+01 -1.040e-02 -1.040e-02  0.000e+00  0.000e+00 -1.040e-02  0.000e+00  0.000e+00  0.000e+00  0.000e+00  0.000e+00  306.105    1.961
17.1000  1.82384e+01  1.825e+01 -7.299e-03 -7.299e-03  0.000e+00  0.000e+00 -7.299e-03  0.000e+00  0.000e+00  0.000e+00  0.000e+00  0.000e+00  306.053    1.961
17.1500  1.82384e+01  1.824e+01 -5.040e-03 -5.040e-03  0.000e+00  0.000e+00 -5.040e-03  0.000e+00  0.000e+00  0.000e+00  0.000e+00  0.000e+00  306.015    1.960
17.2000  1.82384e+01  1.824e+01 -3.530e-03 -3.530e-03  0.000e+00  0.000e+00 -3.530e-03  0.000e+00  0.000e+00  0.000e+00  0.000e+00  0.000e+00  305.989    1.960
17.2500  1.82384e+01  1.824e+01 -2.608e-03 -2.608e-03  0.000e+00  0.000e+00 -2.608e-03  0.000e+00  0.000e+00  0.000e+00  0.000e+00  0.000e+00  305.974    1.960
17.3000  1.82384e+01  1.824e+01 -2.139e-03 -2.139e-03  0.000e+00  0.000e+00 -2.139e-03  0.000e+00  0.000e+00  0.000e+00  0.000e+00  0.000e+00  305.966    1.960
17.3500  1.82384e+01  1.824e+01 -2.063e-03 -2.063e-03  0.000e+00  0.000e+00 -2.063e-03  0.000e+00  0.000e+00  0.000e+00  0.000e+00  0.000e+00  305.965    1.960
17.4000  1.82384e+01  1.824e+01 -2.432e-03 -2.432e-03  0.000e+00  0.000e+00 -2.432e-03  0.000e+00  0.000e+00  0.000e+00  0.000e+00  0.000e+00  305.971    1.960
17.4500  1.82384e+01  1.824e+01 -3.462e-03 -3.462e-03  0.000e+00  0.000e+00 -3.462e-03  0.000e+00  0.000e+00  0.000e+00  0.000e+00  0.000e+00  305.988    1.960
17.5000  1.82384e+01  1.824e+01 -5.475e-03 -5.475e-03  0.000e+00  0.000e+00 -5.475e-03  0.000e+00  0.000e+00  0.000e+00  0.000e+00  0.000e+00  306.022    1.960
17.5500  1.82387e+01  1.772e+01  5.228e-01 -8.283e-03  0.000e+00  5.310e-01 -8.283e-03  0.000e+00  0.000e+00  0.000e+00  0.000e+00  0.000e+00  297.166   -1.019
17.6000  1.82363e+01  1.825e+01 -1.047e-02 -1.047e-02  0.000e+00  0.000e+00 -1.047e-02  0.000e+00  0.000e+00  0.000e+00  0.000e+00  0.000e+00  306.070    1.961
17.6500  1.82363e+01  1.825e+01 -1.137e-02 -1.137e-02  0.000e+00  0.000e+00 -1.137e-02  0.000e+00  0.000e+00  0.000e+00  0.000e+00  0.000e+00  306.085    1.961
17.7000  1.82363e+01  1.825e+01 -1.276e-02 -1.276e-02  0.000e+00  0.000e+00 -1.276e-02  0.000e+00  0.000e+00  0.000e+00  0.000e+00  0.000e+00  306.109    1.961
17.7500  1.82363e+01  1.825e+01 -1.626e-02 -1.626e-02  0.000e+00  0.000e+00 -1.626e-02  0.000e+00  0.000e+00  0.000e+00  0.000e+00  0.000e+00  306.168    1.961
17.8000  1.82363e+01  1.826e+01 -2.229e-02 -2.229e-02  0.000e+00  0.000e+00 -2.229e-02  0.000e+00  0.000e+00  0.000e+00  0.000e+00  0.000e+00  306.269    1.962
17.8500  1.82363e+01  1.827e+01 -3.080e-02 -3.080e-02  0.000e+00  0.000e+00 -3.080e-02  0.000e+00  0.000e+00  0.000e+00  0.000e+00  0.000e+00  306.411    1.963
17.9000  1.82363e+01  1.828e+01 -4.156e-02 -4.156e-02  0.000e+00  0.000e+00 -4.156e-02  0.000e+00  0.000e+00  0.000e+00  0.000e+00  0.000e+00  306.592    1.964
17.9500  1.82363e+01  1.829e+01 -5.396e-02 -5.396e-02  0.000e+00  0.000e+00 -5.396e-02  0.000e+00  0.000e+00  0.000e+00  0.000e+00  0.000e+00  306.800    1.965
18.0000  1.82363e+01  1.830e+01 -6.688e-02 -6.688e-02  0.000e+00  0.000e+00 -6.688e-02  0.000e+00  0.000e+00  0.000e+00  0.000e+00  0.000e+00  307.017    1.966
18.0500  1.82363e+01  1.831e+01 -7.852e-02 -7.852e-02  0.000e+00  0.000e+00 -7.852e-02  0.000e+00  0.000e+00  0.000e+00  0.000e+00  0.000e+00  307.212    1.967
18.1000  1.82363e+01  1.832e+01 -8.677e-02 -8.677e-02  0.000e+00  0.000e+00 -8.677e-02  0.000e+00  0.000e+00  0.000e+00  0.000e+00  0.000e+00  307.350    1.968
18.1500  1.82363e+01  1.833e+01 -9.028e-02 -9.028e-02  0.000e+00  0.000e+00 -9.028e-02  0.000e+00  0.000e+00  0.000e+00  0.000e+00  0.000e+00  307.409    1.969
18.2000  1.82363e+01  1.833e+01 -8.884e-02 -8.884e-02  0.000e+00  0.000e+00 -8.884e-02  0.000e+00  0.000e+00  0.000e+00  0.000e+00  0.000e+00  307.385    1.969
18.2500  1.82363e+01  1.832e+01 -8.252e-02 -8.252e-02  0.000e+00  0.000e+00 -8.252e-02  0.000e+00  0.000e+00  0.000e+00  0.000e+00  0.000e+00  307.279    1.968
18.3000  1.82368e+01  1.831e+01 -7.209e-02 -7.209e-02  0.000e+00  0.000e+00 -7.209e-02  0.000e+00  0.000e+00  0.000e+00  0.000e+00  0.000e+00  307.113    1.967
18.3500  1.82368e+01  1.830e+01 -5.950e-02 -5.950e-02  0.000e+00  0.000e+00 -5.950e-02  0.000e+00  0.000e+00  0.000e+00  0.000e+00  0.000e+00  306.902    1.965
18.4000  1.82368e+01  1.828e+01 -4.677e-02 -4.677e-02  0.000e+00  0.000e+00 -4.677e-02  0.000e+00  0.000e+00  0.000e+00  0.000e+00  0.000e+00  306.689    1.964
18.4500  1.82368e+01  1.827e+01 -3.526e-02 -3.526e-02  0.000e+00  0.000e+00 -3.526e-02  0.000e+00  0.000e+00  0.000e+00  0.000e+00  0.000e+00  306.496    1.963
18.5000  1.82390e+01  1.630e+01  1.936e+00 -2.567e-02  0.000e+00  1.961e+00 -2.567e-02  0.000e+00  0.000e+00  0.000e+00  0.000e+00  0.000e+00  273.472   -3.841
18.5500  1.82175e+01  1.824e+01 -1.818e-02 -1.818e-02  0.000e+00  0.000e+00 -1.818e-02  0.000e+00  0.000e+00  0.000e+00  0.000e+00  0.000e+00  305.885    1.959
18.6000  1.82175e+01  1.823e+01 -1.262e-02 -1.262e-02  0.000e+00  0.000e+00 -1.262e-02  0.000e+00  0.000e+00  0.000e+00  0.000e+00  0.000e+00  305.792    1.959
18.6500  1.82175e+01  1.823e+01 -8.659e-03 -8.659e-03  0.000e+00  0.000e+00 -8.659e-03  0.000e+00  0.000e+00  0.000e+00  0.000e+00  0.000e+00  305.726    1.958
18.7000  1.82175e+01  1.822e+01 -5.928e-03 -5.928e-03  0.000e+00  0.000e+00 -5.928e-03  0.000e+00  0.000e+00  0.000e+00  0.000e+00  0.000e+00  305.680    1.958
18.7500  1.82182e+01  1.822e+01 -4.084e-03 -4.084e-03  0.000e+00  0.000e+00 -4.084e-03  0.000e+00  0.000e+00  0.000e+00  0.000e+00  0.000e+00  305.660    1.958
18.8000  1.82182e+01  1.822e+01 -2.838e-03 -2.838e-03  0.000e+00  0.000e+00 -2.838e-03  0.000e+00  0.000e+00  0.000e+00  0.000e+00  0.000e+00  305.639    1.958
18.8500  1.82149e+01  1.798e+01  2.314e-01 -1.984e-03  0.000e+00  2.334e-01 -1.984e-03  0.000e+00  0.000e+00  0.000e+00  0.000e+00  0.000e+00  301.655   -0.004
18.9000  1.82172e+01  1.822e+01 -1.398e-03 -1.398e-03  0.000e+00  0.000e+00 -1.398e-03  0.000e+00  0.000e+00  0.000e+00  0.000e+00  0.000e+00  305.599    1.958
18.9500  1.82189e+01  1.822e+01 -1.002e-03 -1.002e-03  0.000e+00  0.000e+00 -1.002e-03  0.000e+00  0.000e+00  0.000e+00  0.000e+00  0.000e+00  305.621    1.958
19.0000  1.82189e+01  1.822e+01 -7.439e-04 -7.439e-04  0.000e+00  0.000e+00 -7.439e-04  0.000e+00  0.000e+00  0.000e+00  0.000e+00  0.000e+00  305.617    1.958
19.0500  1.82189e+01  1.822e+01 -5.894e-04 -5.894e-04  0.000e+00  0.000e+00 -5.894e-04  0.000e+00  0.000e+00  0.000e+00  0.000e+00  0.000e+00  305.614    1.958
19.1000  1.82189e+01  1.822e+01 -5.301e-04 -5.301e-04  0.000e+00  0.000e+00 -5.301e-04  0.000e+00  0.000e+00  0.000e+00  0.000e+00  0.000e+00  305.613    1.958
19.1500  1.82189e+01  1.822e+01 -6.136e-04 -6.136e-04  0.000e+00  0.000e+00 -6.136e-04  0.000e+00  0.000e+00  0.000e+00  0.000e+00  0.000e+00  305.614    1.958
19.2000  1.82189e+01  1.822e+01 -1.099e-03 -1.099e-03  0.000e+00  0.000e+00 -1.099e-03  0.000e+00  0.000e+00  0.000e+00  0.000e+00  0.000e+00  305.623    1.958
19.2500  1.82189e+01  1.822e+01 -3.302e-03 -3.302e-03  0.000e+00  0.000e+00 -3.302e-03  0.000e+00  0.000e+00  0.000e+00  0.000e+00  0.000e+00  305.659    1.958
19.3000  1.82189e+01  1.823e+01 -1.312e-02 -1.312e-02  0.000e+00  0.000e+00 -1.312e-02  0.000e+00  0.000e+00  0.000e+00  0.000e+00  0.000e+00  305.824    1.959
19.3500  1.82189e+01  1.825e+01 -3.519e-02 -3.519e-02  0.000e+00  0.000e+00 -3.519e-02  0.000e+00  0.000e+00  0.000e+00  0.000e+00  0.000e+00  306.194    1.961
19.4000  1.82189e+01  1.825e+01 -3.182e-02 -3.182e-02  0.000e+00  0.000e+00 -3.182e-02  0.000e+00  0.000e+00  0.000e+00  0.000e+00  0.000e+00  306.138    1.961
19.4500  1.82189e+01  1.825e+01 -3.403e-02 -3.403e-02  0.000e+00  0.000e+00 -3.403e-02  0.000e+00  0.000e+00  0.000e+00  0.000e+00  0.000e+00  306.175    1.961
19.5000  1.82184e+01  1.811e+01  1.056e-01  1.056e-01  0.000e+00  0.000e+00  1.056e-01  0.000e+00  0.000e+00  0.000e+00  0.000e+00  0.000e+00  303.823    1.962
19.5500  1.82189e+01  1.831e+01 -8.870e-02 -8.870e-02  0.000e+00  0.000e+00 -8.870e-02  0.000e+00  0.000e+00  0.000e+00  0.000e+00  0.000e+00  307.092    1.967
19.6000  1.82250e+01  1.824e+01 -1.070e-02 -1.070e-02  0.000e+00  0.000e+00 -1.070e-02  0.000e+00  0.000e+00  0.000e+00  0.000e+00  0.000e+00  305.885    1.960
19.6500  1.82302e+01  1.823e+01 -2.117e-03 -2.117e-03  0.000e+00  0.000e+00 -2.117e-03  0.000e+00  0.000e+00  0.000e+00  0.000e+00  0.000e+00  305.828    1.959
19.7000  1.82369e+01  1.824e+01 -9.134e-04 -9.134e-04  0.000e+00  0.000e+00 -9.134e-04  0.000e+00  0.000e+00  0.000e+00  0.000e+00  0.000e+00  305.921    1.960
19.7500  1.82313e+01  1.823e+01 -8.821e-04 -8.821e-04  0.000e+00  0.000e+00 -8.821e-04  0.000e+00  0.000e+00  0.000e+00  0.000e+00  0.000e+00  305.827    1.959
19.8000  1.82313e+01  1.823e+01 -1.458e-03 -1.458e-03  0.000e+00  0.000e+00 -1.458e-03  0.000e+00  0.000e+00  0.000e+00  0.000e+00  0.000e+00  305.836    1.959
19.8500  1.82313e+01  1.823e+01 -3.153e-03 -3.153e-03  0.000e+00  0.000e+00 -3.153e-03  0.000e+00  0.000e+00  0.000e+00  0.000e+00  0.000e+00  305.865    1.959
19.9000  1.82313e+01  1.824e+01 -8.057e-03 -8.057e-03  0.000e+00  0.000e+00 -8.057e-03  0.000e+00  0.000e+00  0.000e+00  0.000e+00  0.000e+00  305.947    1.960
19.9500  1.82313e+01  1.825e+01 -2.362e-02 -2.362e-02  0.000e+00  0.000e+00 -2.362e-02  0.000e+00  0.000e+00  0.000e+00  0.000e+00  0.000e+00  306.208    1.961
20.0000  1.82313e+01  1.830e+01 -7.142e-02 -7.142e-02  0.000e+00  0.000e+00 -7.142e-02  0.000e+00  0.000e+00  0.000e+00  0.000e+00  0.000e+00  307.010    1.966
