#
# INPUTFILE /home/tmpchem/coding/compchem/input/md/hf.md
#
# -- INPUT DATA --
#
# MOLFILE /home/tmpchem/coding/compchem/geom/prm/hf.prm
# ENERGYOUT /home/tmpchem/coding/compchem/data/md/hf.dat
# GEOMOUT /home/tmpchem/coding/compchem/data/md/hf.xyz
# RANDOMSEED 2982500747
# TEMPERATURE 0.000000 K
# BOUNDARY 10.000000 A
# BOUNDARYSPRING 250.000000 kcal/(mol*A^2)
# BOUNDARYTYPE sphere
# STATUSTIME 1.000000 s
# ENERGYTIME 0.000200 ps
# GEOMTIME 0.000100 ps
# TOTALTIME 0.100000 ps
# TIMESTEP 0.000100 ps
# EQTIME 0.000000 ps
# EQRATE 2.000000 ps
#
# -- ENERGY DATA --
#
# energy terms [kcal/mol]
#  time      e_total      e_kin      e_pot  e_nonbond   e_bonded e_boundary      e_vdw     e_elst     e_bond    e_angle     e_tors      e_oop
 0.0000  4.64250e+00  5.962e-23  4.642e+00  0.000e+00  4.642e+00  0.000e+00  0.000e+00  0.000e+00  4.642e+00  0.000e+00  0.000e+00  0.000e+00
 0.0002  4.64214e+00  2.416e-01  4.401e+00  0.000e+00  4.401e+00  0.000e+00  0.000e+00  0.000e+00  4.401e+00  0.000e+00  0.000e+00  0.000e+00
 0.0004  4.64154e+00  6.502e-01  3.991e+00  0.000e+00  3.991e+00  0.000e+00  0.000e+00  0.000e+00  3.991e+00  0.000e+00  0.000e+00  0.000e+00
 0.0006  4.64071e+00  1.215e+00  3.426e+00  0.000e+00  3.426e+00  0.000e+00  0.000e+00  0.000e+00  3.426e+00  0.000e+00  0.000e+00  0.000e+00
 0.0008  4.63972e+00  1.883e+00  2.757e+00  0.000e+00  2.757e+00  0.000e+00  0.000e+00  0.000e+00  2.757e+00  0.000e+00  0.000e+00  0.000e+00
 0.0010  4.63867e+00  2.591e+00  2.047e+00  0.000e+00  2.047e+00  0.000e+00  0.000e+00  0.000e+00  2.047e+00  0.000e+00  0.000e+00  0.000e+00
 0.0012  4.63767e+00  3.274e+00  1.363e+00  0.000e+00  1.363e+00  0.000e+00  0.000e+00  0.000e+00  1.363e+00  0.000e+00  0.000e+00  0.000e+00
 0.0014  4.63679e+00  3.868e+00  7.690e-01  0.000e+00  7.690e-01  0.000e+00  0.000e+00  0.000e+00  7.690e-01  0.000e+00  0.000e+00  0.000e+00
 0.0016  4.63613e+00  4.316e+00  3.199e-01  0.000e+00  3.199e-01  0.000e+00  0.000e+00  0.000e+00  3.199e-01  0.000e+00  0.000e+00  0.000e+00
 0.0018  4.63574e+00  4.578e+00  5.805e-02  0.000e+00  5.805e-02  0.000e+00  0.000e+00  0.000e+00  5.805e-02  0.000e+00  0.000e+00  0.000e+00
 0.0020  4.63567e+00  4.628e+00  7.988e-03  0.000e+00  7.988e-03  0.000e+00  0.000e+00  0.000e+00  7.988e-03  0.000e+00  0.000e+00  0.000e+00
 0.0022  4.63592e+00  4.462e+00  1.744e-01  0.000e+00  1.744e-01  0.000e+00  0.000e+00  0.000e+00  1.744e-01  0.000e+00  0.000e+00  0.000e+00
 0.0024  4.63646e+00  4.095e+00  5.417e-01  0.000e+00  5.417e-01  0.000e+00  0.000e+00  0.000e+00  5.417e-01  0.000e+00  0.000e+00  0.000e+00
 0.0026  4.63724e+00  3.562e+00  1.075e+00  0.000e+00  1.075e+00  0.000e+00  0.000e+00  0.000e+00  1.075e+00  0.000e+00  0.000e+00  0.000e+00
 0.0028  4.63820e+00  2.912e+00  1.726e+00  0.000e+00  1.726e+00  0.000e+00  0.000e+00  0.000e+00  1.726e+00  0.000e+00  0.000e+00  0.000e+00
 0.0030  4.63924e+00  2.207e+00  2.432e+00  0.000e+00  2.432e+00  0.000e+00  0.000e+00  0.000e+00  2.432e+00  0.000e+00  0.000e+00  0.000e+00
 0.0032  4.64027e+00  1.513e+00  3.128e+00  0.000e+00  3.128e+00  0.000e+00  0.000e+00  0.000e+00  3.128e+00  0.000e+00  0.000e+00  0.000e+00
 0.0034  4.64118e+00  8.932e-01  3.748e+00  0.000e+00  3.748e+00  0.000e+00  0.000e+00  0.000e+00  3.748e+00  0.000e+00  0.000e+00  0.000e+00
 0.0036  4.64190e+00  4.072e-01  4.235e+00  0.000e+00  4.235e+00  0.000e+00  0.000e+00  0.000e+00  4.235e+00  0.000e+00  0.000e+00  0.000e+00
 0.0038  4.64235e+00  9.992e-02  4.542e+00  0.000e+00  4.542e+00  0.000e+00  0.000e+00  0.000e+00  4.542e+00  0.000e+00  0.000e+00  0.000e+00
 0.0040  4.64250e+00  1.786e-04  4.642e+00  0.000e+00  4.642e+00  0.000e+00  0.000e+00  0.000e+00  4.642e+00  0.000e+00  0.000e+00  0.000e+00
 0.0042  4.64232e+00  1.173e-01  4.525e+00  0.000e+00  4.525e+00  0.000e+00  0.000e+00  0.000e+00  4.525e+00  0.000e+00  0.000e+00  0.000e+00
 0.0044  4.64185e+00  4.404e-01  4.201e+00  0.000e+00  4.201e+00  0.000e+00  0.000e+00  0.000e+00  4.201e+00  0.000e+00  0.000e+00  0.000e+00
 0.0046  4.64111e+00  9.391e-01  3.702e+00  0.000e+00  3.702e+00  0.000e+00  0.000e+00  0.000e+00  3.702e+00  0.000e+00  0.000e+00  0.000e+00
 0.0048  4.64019e+00  1.567e+00  3.073e+00  0.000e+00  3.073e+00  0.000e+00  0.000e+00  0.000e+00  3.073e+00  0.000e+00  0.000e+00  0.000e+00
 0.0050  4.63916e+00  2.265e+00  2.374e+00  0.000e+00  2.374e+00  0.000e+00  0.000e+00  0.000e+00  2.374e+00  0.000e+00  0.000e+00  0.000e+00
 0.0052  4.63812e+00  2.968e+00  1.670e+00  0.000e+00  1.670e+00  0.000e+00  0.000e+00  0.000e+00  1.670e+00  0.000e+00  0.000e+00  0.000e+00
 0.0054  4.63717e+00  3.610e+00  1.027e+00  0.000e+00  1.027e+00  0.000e+00  0.000e+00  0.000e+00  1.027e+00  0.000e+00  0.000e+00  0.000e+00
 0.0056  4.63640e+00  4.131e+00  5.052e-01  0.000e+00  5.052e-01  0.000e+00  0.000e+00  0.000e+00  5.052e-01  0.000e+00  0.000e+00  0.000e+00
 0.0058  4.63588e+00  4.483e+00  1.531e-01  0.000e+00  1.531e-01  0.000e+00  0.000e+00  0.000e+00  1.531e-01  0.000e+00  0.000e+00  0.000e+00
 0.0060  4.63566e+00  4.632e+00  3.924e-03  0.000e+00  3.924e-03  0.000e+00  0.000e+00  0.000e+00  3.924e-03  0.000e+00  0.000e+00  0.000e+00
 0.0062  4.63576e+00  4.564e+00  7.156e-02  0.000e+00  7.156e-02  0.000e+00  0.000e+00  0.000e+00  7.156e-02  0.000e+00  0.000e+00  0.000e+00
 0.0064  4.63617e+00  4.286e+00  3.497e-01  0.000e+00  3.497e-01  0.000e+00  0.000e+00  0.000e+00  3.497e-01  0.000e+00  0.000e+00  0.000e+00
 0.0066  4.63686e+00  3.825e+00  8.123e-01  0.000e+00  8.123e-01  0.000e+00  0.000e+00  0.000e+00  8.123e-01  0.000e+00  0.000e+00  0.000e+00
 0.0068  4.63775e+00  3.222e+00  1.416e+00  0.000e+00  1.416e+00  0.000e+00  0.000e+00  0.000e+00  1.416e+00  0.000e+00  0.000e+00  0.000e+00
 0.0070  4.63876e+00  2.534e+00  2.105e+00  0.000e+00  2.105e+00  0.000e+00  0.000e+00  0.000e+00  2.105e+00  0.000e+00  0.000e+00  0.000e+00
 0.0072  4.63980e+00  1.826e+00  2.813e+00  0.000e+00  2.813e+00  0.000e+00  0.000e+00  0.000e+00  2.813e+00  0.000e+00  0.000e+00  0.000e+00
 0.0074  4.64078e+00  1.165e+00  3.476e+00  0.000e+00  3.476e+00  0.000e+00  0.000e+00  0.000e+00  3.476e+00  0.000e+00  0.000e+00  0.000e+00
 0.0076  4.64160e+00  6.108e-01  4.031e+00  0.000e+00  4.031e+00  0.000e+00  0.000e+00  0.000e+00  4.031e+00  0.000e+00  0.000e+00  0.000e+00
 0.0078  4.64218e+00  2.167e-01  4.426e+00  0.000e+00  4.426e+00  0.000e+00  0.000e+00  0.000e+00  4.426e+00  0.000e+00  0.000e+00  0.000e+00
 0.0080  4.64247e+00  1.918e-02  4.623e+00  0.000e+00  4.623e+00  0.000e+00  0.000e+00  0.000e+00  4.623e+00  0.000e+00  0.000e+00  0.000e+00
 0.0082  4.64244e+00  3.678e-02  4.606e+00  0.000e+00  4.606e+00  0.000e+00  0.000e+00  0.000e+00  4.606e+00  0.000e+00  0.000e+00  0.000e+00
 0.0084  4.64210e+00  2.678e-01  4.374e+00  0.000e+00  4.374e+00  0.000e+00  0.000e+00  0.000e+00  4.374e+00  0.000e+00  0.000e+00  0.000e+00
 0.0086  4.64148e+00  6.907e-01  3.951e+00  0.000e+00  3.951e+00  0.000e+00  0.000e+00  0.000e+00  3.951e+00  0.000e+00  0.000e+00  0.000e+00
 0.0088  4.64063e+00  1.266e+00  3.375e+00  0.000e+00  3.375e+00  0.000e+00  0.000e+00  0.000e+00  3.375e+00  0.000e+00  0.000e+00  0.000e+00
 0.0090  4.63964e+00  1.939e+00  2.700e+00  0.000e+00  2.700e+00  0.000e+00  0.000e+00  0.000e+00  2.700e+00  0.000e+00  0.000e+00  0.000e+00
 0.0092  4.63859e+00  2.648e+00  1.990e+00  0.000e+00  1.990e+00  0.000e+00  0.000e+00  0.000e+00  1.990e+00  0.000e+00  0.000e+00  0.000e+00
 0.0094  4.63759e+00  3.326e+00  1.311e+00  0.000e+00  1.311e+00  0.000e+00  0.000e+00  0.000e+00  1.311e+00  0.000e+00  0.000e+00  0.000e+00
 0.0096  4.63673e+00  3.910e+00  7.266e-01  0.000e+00  7.266e-01  0.000e+00  0.000e+00  0.000e+00  7.266e-01  0.000e+00  0.000e+00  0.000e+00
 0.0098  4.63609e+00  4.345e+00  2.913e-01  0.000e+00  2.913e-01  0.000e+00  0.000e+00  0.000e+00  2.913e-01  0.000e+00  0.000e+00  0.000e+00
 0.0100  4.63573e+00  4.590e+00  4.594e-02  0.000e+00  4.594e-02  0.000e+00  0.000e+00  0.000e+00  4.594e-02  0.000e+00  0.000e+00  0.000e+00
 0.0102  4.63568e+00  4.622e+00  1.348e-02  0.000e+00  1.348e-02  0.000e+00  0.000e+00  0.000e+00  1.348e-02  0.000e+00  0.000e+00  0.000e+00
 0.0104  4.63595e+00  4.439e+00  1.970e-01  0.000e+00  1.970e-01  0.000e+00  0.000e+00  0.000e+00  1.970e-01  0.000e+00  0.000e+00  0.000e+00
 0.0106  4.63651e+00  4.057e+00  5.792e-01  0.000e+00  5.792e-01  0.000e+00  0.000e+00  0.000e+00  5.792e-01  0.000e+00  0.000e+00  0.000e+00
 0.0108  4.63732e+00  3.513e+00  1.124e+00  0.000e+00  1.124e+00  0.000e+00  0.000e+00  0.000e+00  1.124e+00  0.000e+00  0.000e+00  0.000e+00
 0.0110  4.63828e+00  2.857e+00  1.782e+00  0.000e+00  1.782e+00  0.000e+00  0.000e+00  0.000e+00  1.782e+00  0.000e+00  0.000e+00  0.000e+00
 0.0112  4.63933e+00  2.150e+00  2.489e+00  0.000e+00  2.489e+00  0.000e+00  0.000e+00  0.000e+00  2.489e+00  0.000e+00  0.000e+00  0.000e+00
 0.0114  4.64035e+00  1.459e+00  3.181e+00  0.000e+00  3.181e+00  0.000e+00  0.000e+00  0.000e+00  3.181e+00  0.000e+00  0.000e+00  0.000e+00
 0.0116  4.64125e+00  8.483e-01  3.793e+00  0.000e+00  3.793e+00  0.000e+00  0.000e+00  0.000e+00  3.793e+00  0.000e+00  0.000e+00  0.000e+00
 0.0118  4.64194e+00  3.752e-01  4.267e+00  0.000e+00  4.267e+00  0.000e+00  0.000e+00  0.000e+00  4.267e+00  0.000e+00  0.000e+00  0.000e+00
 0.0120  4.64237e+00  8.389e-02  4.558e+00  0.000e+00  4.558e+00  0.000e+00  0.000e+00  0.000e+00  4.558e+00  0.000e+00  0.000e+00  0.000e+00
 0.0122  4.64249e+00  1.607e-03  4.641e+00  0.000e+00  4.641e+00  0.000e+00  0.000e+00  0.000e+00  4.641e+00  0.000e+00  0.000e+00  0.000e+00
 0.0124  4.64230e+00  1.361e-01  4.506e+00  0.000e+00  4.506e+00  0.000e+00  0.000e+00  0.000e+00  4.506e+00  0.000e+00  0.000e+00  0.000e+00
 0.0126  4.64180e+00  4.747e-01  4.167e+00  0.000e+00  4.167e+00  0.000e+00  0.000e+00  0.000e+00  4.167e+00  0.000e+00  0.000e+00  0.000e+00
 0.0128  4.64104e+00  9.858e-01  3.655e+00  0.000e+00  3.655e+00  0.000e+00  0.000e+00  0.000e+00  3.655e+00  0.000e+00  0.000e+00  0.000e+00
 0.0130  4.64011e+00  1.621e+00  3.019e+00  0.000e+00  3.019e+00  0.000e+00  0.000e+00  0.000e+00  3.019e+00  0.000e+00  0.000e+00  0.000e+00
 0.0132  4.63907e+00  2.322e+00  2.317e+00  0.000e+00  2.317e+00  0.000e+00  0.000e+00  0.000e+00  2.317e+00  0.000e+00  0.000e+00  0.000e+00
 0.0134  4.63804e+00  3.023e+00  1.615e+00  0.000e+00  1.615e+00  0.000e+00  0.000e+00  0.000e+00  1.615e+00  0.000e+00  0.000e+00  0.000e+00
 0.0136  4.63710e+00  3.657e+00  9.798e-01  0.000e+00  9.798e-01  0.000e+00  0.000e+00  0.000e+00  9.798e-01  0.000e+00  0.000e+00  0.000e+00
 0.0138  4.63635e+00  4.166e+00  4.699e-01  0.000e+00  4.699e-01  0.000e+00  0.000e+00  0.000e+00  4.699e-01  0.000e+00  0.000e+00  0.000e+00
 0.0140  4.63586e+00  4.503e+00  1.332e-01  0.000e+00  1.332e-01  0.000e+00  0.000e+00  0.000e+00  1.332e-01  0.000e+00  0.000e+00  0.000e+00
 0.0142  4.63566e+00  4.634e+00  1.289e-03  0.000e+00  1.289e-03  0.000e+00  0.000e+00  0.000e+00  1.289e-03  0.000e+00  0.000e+00  0.000e+00
 0.0144  4.63579e+00  4.549e+00  8.645e-02  0.000e+00  8.645e-02  0.000e+00  0.000e+00  0.000e+00  8.645e-02  0.000e+00  0.000e+00  0.000e+00
 0.0146  4.63622e+00  4.255e+00  3.807e-01  0.000e+00  3.807e-01  0.000e+00  0.000e+00  0.000e+00  3.807e-01  0.000e+00  0.000e+00  0.000e+00
 0.0148  4.63692e+00  3.780e+00  8.566e-01  0.000e+00  8.566e-01  0.000e+00  0.000e+00  0.000e+00  8.566e-01  0.000e+00  0.000e+00  0.000e+00
 0.0150  4.63782e+00  3.168e+00  1.469e+00  0.000e+00  1.469e+00  0.000e+00  0.000e+00  0.000e+00  1.469e+00  0.000e+00  0.000e+00  0.000e+00
 0.0152  4.63884e+00  2.477e+00  2.162e+00  0.000e+00  2.162e+00  0.000e+00  0.000e+00  0.000e+00  2.162e+00  0.000e+00  0.000e+00  0.000e+00
 0.0154  4.63989e+00  1.770e+00  2.870e+00  0.000e+00  2.870e+00  0.000e+00  0.000e+00  0.000e+00  2.870e+00  0.000e+00  0.000e+00  0.000e+00
 0.0156  4.64085e+00  1.115e+00  3.526e+00  0.000e+00  3.526e+00  0.000e+00  0.000e+00  0.000e+00  3.526e+00  0.000e+00  0.000e+00  0.000e+00
 0.0158  4.64165e+00  5.724e-01  4.069e+00  0.000e+00  4.069e+00  0.000e+00  0.000e+00  0.000e+00  4.069e+00  0.000e+00  0.000e+00  0.000e+00
 0.0160  4.64221e+00  1.930e-01  4.449e+00  0.000e+00  4.449e+00  0.000e+00  0.000e+00  0.000e+00  4.449e+00  0.000e+00  0.000e+00  0.000e+00
 0.0162  4.64248e+00  1.250e-02  4.630e+00  0.000e+00  4.630e+00  0.000e+00  0.000e+00  0.000e+00  4.630e+00  0.000e+00  0.000e+00  0.000e+00
 0.0164  4.64243e+00  4.769e-02  4.595e+00  0.000e+00  4.595e+00  0.000e+00  0.000e+00  0.000e+00  4.595e+00  0.000e+00  0.000e+00  0.000e+00
 0.0166  4.64206e+00  2.953e-01  4.347e+00  0.000e+00  4.347e+00  0.000e+00  0.000e+00  0.000e+00  4.347e+00  0.000e+00  0.000e+00  0.000e+00
 0.0168  4.64142e+00  7.322e-01  3.909e+00  0.000e+00  3.909e+00  0.000e+00  0.000e+00  0.000e+00  3.909e+00  0.000e+00  0.000e+00  0.000e+00
 0.0170  4.64055e+00  1.317e+00  3.323e+00  0.000e+00  3.323e+00  0.000e+00  0.000e+00  0.000e+00  3.323e+00  0.000e+00  0.000e+00  0.000e+00
 0.0172  4.63955e+00  1.996e+00  2.643e+00  0.000e+00  2.643e+00  0.000e+00  0.000e+00  0.000e+00  2.643e+00  0.000e+00  0.000e+00  0.000e+00
 0.0174  4.63851e+00  2.705e+00  1.933e+00  0.000e+00  1.933e+00  0.000e+00  0.000e+00  0.000e+00  1.933e+00  0.000e+00  0.000e+00  0.000e+00
 0.0176  4.63751e+00  3.378e+00  1.260e+00  0.000e+00  1.260e+00  0.000e+00  0.000e+00  0.000e+00  1.260e+00  0.000e+00  0.000e+00  0.000e+00
 0.0178  4.63667e+00  3.951e+00  6.853e-01  0.000e+00  6.853e-01  0.000e+00  0.000e+00  0.000e+00  6.853e-01  0.000e+00  0.000e+00  0.000e+00
 0.0180  4.63605e+00  4.372e+00  2.640e-01  0.000e+00  2.640e-01  0.000e+00  0.000e+00  0.000e+00  2.640e-01  0.000e+00  0.000e+00  0.000e+00
 0.0182  4.63571e+00  4.600e+00  3.524e-02  0.000e+00  3.524e-02  0.000e+00  0.000e+00  0.000e+00  3.524e-02  0.000e+00  0.000e+00  0.000e+00
 0.0184  4.63569e+00  4.615e+00  2.039e-02  0.000e+00  2.039e-02  0.000e+00  0.000e+00  0.000e+00  2.039e-02  0.000e+00  0.000e+00  0.000e+00
 0.0186  4.63598e+00  4.415e+00  2.208e-01  0.000e+00  2.208e-01  0.000e+00  0.000e+00  0.000e+00  2.208e-01  0.000e+00  0.000e+00  0.000e+00
 0.0188  4.63657e+00  4.019e+00  6.178e-01  0.000e+00  6.178e-01  0.000e+00  0.000e+00  0.000e+00  6.178e-01  0.000e+00  0.000e+00  0.000e+00
 0.0190  4.63739e+00  3.463e+00  1.174e+00  0.000e+00  1.174e+00  0.000e+00  0.000e+00  0.000e+00  1.174e+00  0.000e+00  0.000e+00  0.000e+00
 0.0192  4.63837e+00  2.800e+00  1.838e+00  0.000e+00  1.838e+00  0.000e+00  0.000e+00  0.000e+00  1.838e+00  0.000e+00  0.000e+00  0.000e+00
 0.0194  4.63941e+00  2.093e+00  2.547e+00  0.000e+00  2.547e+00  0.000e+00  0.000e+00  0.000e+00  2.547e+00  0.000e+00  0.000e+00  0.000e+00
 0.0196  4.64042e+00  1.406e+00  3.235e+00  0.000e+00  3.235e+00  0.000e+00  0.000e+00  0.000e+00  3.235e+00  0.000e+00  0.000e+00  0.000e+00
 0.0198  4.64131e+00  8.043e-01  3.837e+00  0.000e+00  3.837e+00  0.000e+00  0.000e+00  0.000e+00  3.837e+00  0.000e+00  0.000e+00  0.000e+00
 0.0200  4.64199e+00  3.444e-01  4.298e+00  0.000e+00  4.298e+00  0.000e+00  0.000e+00  0.000e+00  4.298e+00  0.000e+00  0.000e+00  0.000e+00
 0.0202  4.64239e+00  6.924e-02  4.573e+00  0.000e+00  4.573e+00  0.000e+00  0.000e+00  0.000e+00  4.573e+00  0.000e+00  0.000e+00  0.000e+00
 0.0204  4.64249e+00  4.463e-03  4.638e+00  0.000e+00  4.638e+00  0.000e+00  0.000e+00  0.000e+00  4.638e+00  0.000e+00  0.000e+00  0.000e+00
 0.0206  4.64227e+00  1.562e-01  4.486e+00  0.000e+00  4.486e+00  0.000e+00  0.000e+00  0.000e+00  4.486e+00  0.000e+00  0.000e+00  0.000e+00
 0.0208  4.64174e+00  5.101e-01  4.132e+00  0.000e+00  4.132e+00  0.000e+00  0.000e+00  0.000e+00  4.132e+00  0.000e+00  0.000e+00  0.000e+00
 0.0210  4.64097e+00  1.033e+00  3.608e+00  0.000e+00  3.608e+00  0.000e+00  0.000e+00  0.000e+00  3.608e+00  0.000e+00  0.000e+00  0.000e+00
 0.0212  4.64002e+00  1.677e+00  2.963e+00  0.000e+00  2.963e+00  0.000e+00  0.000e+00  0.000e+00  2.963e+00  0.000e+00  0.000e+00  0.000e+00
 0.0214  4.63899e+00  2.380e+00  2.259e+00  0.000e+00  2.259e+00  0.000e+00  0.000e+00  0.000e+00  2.259e+00  0.000e+00  0.000e+00  0.000e+00
 0.0216  4.63796e+00  3.077e+00  1.561e+00  0.000e+00  1.561e+00  0.000e+00  0.000e+00  0.000e+00  1.561e+00  0.000e+00  0.000e+00  0.000e+00
 0.0218  4.63703e+00  3.704e+00  9.332e-01  0.000e+00  9.332e-01  0.000e+00  0.000e+00  0.000e+00  9.332e-01  0.000e+00  0.000e+00  0.000e+00
 0.0220  4.63630e+00  4.201e+00  4.357e-01  0.000e+00  4.357e-01  0.000e+00  0.000e+00  0.000e+00  4.357e-01  0.000e+00  0.000e+00  0.000e+00
 0.0222  4.63583e+00  4.521e+00  1.146e-01  0.000e+00  1.146e-01  0.000e+00  0.000e+00  0.000e+00  1.146e-01  0.000e+00  0.000e+00  0.000e+00
 0.0224  4.63566e+00  4.636e+00  8.386e-05  0.000e+00  8.386e-05  0.000e+00  0.000e+00  0.000e+00  8.386e-05  0.000e+00  0.000e+00  0.000e+00
 0.0226  4.63581e+00  4.533e+00  1.027e-01  0.000e+00  1.027e-01  0.000e+00  0.000e+00  0.000e+00  1.027e-01  0.000e+00  0.000e+00  0.000e+00
 0.0228  4.63627e+00  4.223e+00  4.129e-01  0.000e+00  4.129e-01  0.000e+00  0.000e+00  0.000e+00  4.129e-01  0.000e+00  0.000e+00  0.000e+00
 0.0230  4.63699e+00  3.735e+00  9.017e-01  0.000e+00  9.017e-01  0.000e+00  0.000e+00  0.000e+00  9.017e-01  0.000e+00  0.000e+00  0.000e+00
 0.0232  4.63790e+00  3.115e+00  1.523e+00  0.000e+00  1.523e+00  0.000e+00  0.000e+00  0.000e+00  1.523e+00  0.000e+00  0.000e+00  0.000e+00
 0.0234  4.63893e+00  2.419e+00  2.220e+00  0.000e+00  2.220e+00  0.000e+00  0.000e+00  0.000e+00  2.220e+00  0.000e+00  0.000e+00  0.000e+00
 0.0236  4.63997e+00  1.715e+00  2.925e+00  0.000e+00  2.925e+00  0.000e+00  0.000e+00  0.000e+00  2.925e+00  0.000e+00  0.000e+00  0.000e+00
 0.0238  4.64092e+00  1.066e+00  3.575e+00  0.000e+00  3.575e+00  0.000e+00  0.000e+00  0.000e+00  3.575e+00  0.000e+00  0.000e+00  0.000e+00
 0.0240  4.64171e+00  5.351e-01  4.107e+00  0.000e+00  4.107e+00  0.000e+00  0.000e+00  0.000e+00  4.107e+00  0.000e+00  0.000e+00  0.000e+00
 0.0242  4.64225e+00  1.707e-01  4.472e+00  0.000e+00  4.472e+00  0.000e+00  0.000e+00  0.000e+00  4.472e+00  0.000e+00  0.000e+00  0.000e+00
 0.0244  4.64249e+00  7.242e-03  4.635e+00  0.000e+00  4.635e+00  0.000e+00  0.000e+00  0.000e+00  4.635e+00  0.000e+00  0.000e+00  0.000e+00
 0.0246  4.64241e+00  6.000e-02  4.582e+00  0.000e+00  4.582e+00  0.000e+00  0.000e+00  0.000e+00  4.582e+00  0.000e+00  0.000e+00  0.000e+00
 0.0248  4.64202e+00  3.240e-01  4.318e+00  0.000e+00  4.318e+00  0.000e+00  0.000e+00  0.000e+00  4.318e+00  0.000e+00  0.000e+00  0.000e+00
 0.0250  4.64135e+00  7.746e-01  3.867e+00  0.000e+00  3.867e+00  0.000e+00  0.000e+00  0.000e+00  3.867e+00  0.000e+00  0.000e+00  0.000e+00
 0.0252  4.64048e+00  1.370e+00  3.271e+00  0.000e+00  3.271e+00  0.000e+00  0.000e+00  0.000e+00  3.271e+00  0.000e+00  0.000e+00  0.000e+00
 0.0254  4.63947e+00  2.053e+00  2.586e+00  0.000e+00  2.586e+00  0.000e+00  0.000e+00  0.000e+00  2.586e+00  0.000e+00  0.000e+00  0.000e+00
 0.0256  4.63842e+00  2.762e+00  1.877e+00  0.000e+00  1.877e+00  0.000e+00  0.000e+00  0.000e+00  1.877e+00  0.000e+00  0.000e+00  0.000e+00
 0.0258  4.63744e+00  3.429e+00  1.209e+00  0.000e+00  1.209e+00  0.000e+00  0.000e+00  0.000e+00  1.209e+00  0.000e+00  0.000e+00  0.000e+00
 0.0260  4.63661e+00  3.992e+00  6.449e-01  0.000e+00  6.449e-01  0.000e+00  0.000e+00  0.000e+00  6.449e-01  0.000e+00  0.000e+00  0.000e+00
 0.0262  4.63601e+00  4.398e+00  2.379e-01  0.000e+00  2.379e-01  0.000e+00  0.000e+00  0.000e+00  2.379e-01  0.000e+00  0.000e+00  0.000e+00
 0.0264  4.63570e+00  4.610e+00  2.594e-02  0.000e+00  2.594e-02  0.000e+00  0.000e+00  0.000e+00  2.594e-02  0.000e+00  0.000e+00  0.000e+00
 0.0266  4.63570e+00  4.607e+00  2.872e-02  0.000e+00  2.872e-02  0.000e+00  0.000e+00  0.000e+00  2.872e-02  0.000e+00  0.000e+00  0.000e+00
 0.0268  4.63602e+00  4.390e+00  2.460e-01  0.000e+00  2.460e-01  0.000e+00  0.000e+00  0.000e+00  2.460e-01  0.000e+00  0.000e+00  0.000e+00
 0.0270  4.63663e+00  3.979e+00  6.575e-01  0.000e+00  6.575e-01  0.000e+00  0.000e+00  0.000e+00  6.575e-01  0.000e+00  0.000e+00  0.000e+00
 0.0272  4.63746e+00  3.413e+00  1.225e+00  0.000e+00  1.225e+00  0.000e+00  0.000e+00  0.000e+00  1.225e+00  0.000e+00  0.000e+00  0.000e+00
 0.0274  4.63845e+00  2.744e+00  1.894e+00  0.000e+00  1.894e+00  0.000e+00  0.000e+00  0.000e+00  1.894e+00  0.000e+00  0.000e+00  0.000e+00
 0.0276  4.63949e+00  2.035e+00  2.604e+00  0.000e+00  2.604e+00  0.000e+00  0.000e+00  0.000e+00  2.604e+00  0.000e+00  0.000e+00  0.000e+00
 0.0278  4.64050e+00  1.353e+00  3.287e+00  0.000e+00  3.287e+00  0.000e+00  0.000e+00  0.000e+00  3.287e+00  0.000e+00  0.000e+00  0.000e+00
 0.0280  4.64137e+00  7.611e-01  3.880e+00  0.000e+00  3.880e+00  0.000e+00  0.000e+00  0.000e+00  3.880e+00  0.000e+00  0.000e+00  0.000e+00
 0.0282  4.64203e+00  3.148e-01  4.327e+00  0.000e+00  4.327e+00  0.000e+00  0.000e+00  0.000e+00  4.327e+00  0.000e+00  0.000e+00  0.000e+00
 0.0284  4.64241e+00  5.597e-02  4.586e+00  0.000e+00  4.586e+00  0.000e+00  0.000e+00  0.000e+00  4.586e+00  0.000e+00  0.000e+00  0.000e+00
 0.0286  4.64248e+00  8.745e-03  4.634e+00  0.000e+00  4.634e+00  0.000e+00  0.000e+00  0.000e+00  4.634e+00  0.000e+00  0.000e+00  0.000e+00
 0.0288  4.64224e+00  1.776e-01  4.465e+00  0.000e+00  4.465e+00  0.000e+00  0.000e+00  0.000e+00  4.465e+00  0.000e+00  0.000e+00  0.000e+00
 0.0290  4.64169e+00  5.467e-01  4.095e+00  0.000e+00  4.095e+00  0.000e+00  0.000e+00  0.000e+00  4.095e+00  0.000e+00  0.000e+00  0.000e+00
 0.0292  4.64090e+00  1.082e+00  3.559e+00  0.000e+00  3.559e+00  0.000e+00  0.000e+00  0.000e+00  3.559e+00  0.000e+00  0.000e+00  0.000e+00
 0.0294  4.63994e+00  1.732e+00  2.908e+00  0.000e+00  2.908e+00  0.000e+00  0.000e+00  0.000e+00  2.908e+00  0.000e+00  0.000e+00  0.000e+00
 0.0296  4.63890e+00  2.437e+00  2.201e+00  0.000e+00  2.201e+00  0.000e+00  0.000e+00  0.000e+00  2.201e+00  0.000e+00  0.000e+00  0.000e+00
 0.0298  4.63788e+00  3.132e+00  1.506e+00  0.000e+00  1.506e+00  0.000e+00  0.000e+00  0.000e+00  1.506e+00  0.000e+00  0.000e+00  0.000e+00
 0.0300  4.63697e+00  3.750e+00  8.874e-01  0.000e+00  8.874e-01  0.000e+00  0.000e+00  0.000e+00  8.874e-01  0.000e+00  0.000e+00  0.000e+00
 0.0302  4.63625e+00  4.234e+00  4.027e-01  0.000e+00  4.027e-01  0.000e+00  0.000e+00  0.000e+00  4.027e-01  0.000e+00  0.000e+00  0.000e+00
 0.0304  4.63580e+00  4.538e+00  9.744e-02  0.000e+00  9.744e-02  0.000e+00  0.000e+00  0.000e+00  9.744e-02  0.000e+00  0.000e+00  0.000e+00
 0.0306  4.63566e+00  4.635e+00  3.094e-04  0.000e+00  3.094e-04  0.000e+00  0.000e+00  0.000e+00  3.094e-04  0.000e+00  0.000e+00  0.000e+00
 0.0308  4.63584e+00  4.515e+00  1.204e-01  0.000e+00  1.204e-01  0.000e+00  0.000e+00  0.000e+00  1.204e-01  0.000e+00  0.000e+00  0.000e+00
 0.0310  4.63632e+00  4.190e+00  4.463e-01  0.000e+00  4.463e-01  0.000e+00  0.000e+00  0.000e+00  4.463e-01  0.000e+00  0.000e+00  0.000e+00
 0.0312  4.63706e+00  3.689e+00  9.478e-01  0.000e+00  9.478e-01  0.000e+00  0.000e+00  0.000e+00  9.478e-01  0.000e+00  0.000e+00  0.000e+00
 0.0314  4.63798e+00  3.060e+00  1.578e+00  0.000e+00  1.578e+00  0.000e+00  0.000e+00  0.000e+00  1.578e+00  0.000e+00  0.000e+00  0.000e+00
 0.0316  4.63901e+00  2.362e+00  2.277e+00  0.000e+00  2.277e+00  0.000e+00  0.000e+00  0.000e+00  2.277e+00  0.000e+00  0.000e+00  0.000e+00
 0.0318  4.64005e+00  1.659e+00  2.981e+00  0.000e+00  2.981e+00  0.000e+00  0.000e+00  0.000e+00  2.981e+00  0.000e+00  0.000e+00  0.000e+00
 0.0320  4.64100e+00  1.018e+00  3.623e+00  0.000e+00  3.623e+00  0.000e+00  0.000e+00  0.000e+00  3.623e+00  0.000e+00  0.000e+00  0.000e+00
 0.0322  4.64176e+00  4.988e-01  4.143e+00  0.000e+00  4.143e+00  0.000e+00  0.000e+00  0.000e+00  4.143e+00  0.000e+00  0.000e+00  0.000e+00
 0.0324  4.64228e+00  1.497e-01  4.493e+00  0.000e+00  4.493e+00  0.000e+00  0.000e+00  0.000e+00  4.493e+00  0.000e+00  0.000e+00  0.000e+00
 0.0326  4.64249e+00  3.409e-03  4.639e+00  0.000e+00  4.639e+00  0.000e+00  0.000e+00  0.000e+00  4.639e+00  0.000e+00  0.000e+00  0.000e+00
 0.0328  4.64239e+00  7.371e-02  4.569e+00  0.000e+00  4.569e+00  0.000e+00  0.000e+00  0.000e+00  4.569e+00  0.000e+00  0.000e+00  0.000e+00
 0.0330  4.64197e+00  3.540e-01  4.288e+00  0.000e+00  4.288e+00  0.000e+00  0.000e+00  0.000e+00  4.288e+00  0.000e+00  0.000e+00  0.000e+00
 0.0332  4.64129e+00  8.180e-01  3.823e+00  0.000e+00  3.823e+00  0.000e+00  0.000e+00  0.000e+00  3.823e+00  0.000e+00  0.000e+00  0.000e+00
 0.0334  4.64040e+00  1.422e+00  3.218e+00  0.000e+00  3.218e+00  0.000e+00  0.000e+00  0.000e+00  3.218e+00  0.000e+00  0.000e+00  0.000e+00
 0.0336  4.63938e+00  2.111e+00  2.529e+00  0.000e+00  2.529e+00  0.000e+00  0.000e+00  0.000e+00  2.529e+00  0.000e+00  0.000e+00  0.000e+00
 0.0338  4.63834e+00  2.818e+00  1.820e+00  0.000e+00  1.820e+00  0.000e+00  0.000e+00  0.000e+00  1.820e+00  0.000e+00  0.000e+00  0.000e+00
 0.0340  4.63737e+00  3.479e+00  1.158e+00  0.000e+00  1.158e+00  0.000e+00  0.000e+00  0.000e+00  1.158e+00  0.000e+00  0.000e+00  0.000e+00
 0.0342  4.63655e+00  4.031e+00  6.055e-01  0.000e+00  6.055e-01  0.000e+00  0.000e+00  0.000e+00  6.055e-01  0.000e+00  0.000e+00  0.000e+00
 0.0344  4.63597e+00  4.423e+00  2.132e-01  0.000e+00  2.132e-01  0.000e+00  0.000e+00  0.000e+00  2.132e-01  0.000e+00  0.000e+00  0.000e+00
 0.0346  4.63569e+00  4.618e+00  1.806e-02  0.000e+00  1.806e-02  0.000e+00  0.000e+00  0.000e+00  1.806e-02  0.000e+00  0.000e+00  0.000e+00
 0.0348  4.63572e+00  4.597e+00  3.846e-02  0.000e+00  3.846e-02  0.000e+00  0.000e+00  0.000e+00  3.846e-02  0.000e+00  0.000e+00  0.000e+00
 0.0350  4.63606e+00  4.364e+00  2.725e-01  0.000e+00  2.725e-01  0.000e+00  0.000e+00  0.000e+00  2.725e-01  0.000e+00  0.000e+00  0.000e+00
 0.0352  4.63669e+00  3.938e+00  6.982e-01  0.000e+00  6.982e-01  0.000e+00  0.000e+00  0.000e+00  6.982e-01  0.000e+00  0.000e+00  0.000e+00
 0.0354  4.63754e+00  3.362e+00  1.276e+00  0.000e+00  1.276e+00  0.000e+00  0.000e+00  0.000e+00  1.276e+00  0.000e+00  0.000e+00  0.000e+00
 0.0356  4.63853e+00  2.687e+00  1.951e+00  0.000e+00  1.951e+00  0.000e+00  0.000e+00  0.000e+00  1.951e+00  0.000e+00  0.000e+00  0.000e+00
 0.0358  4.63958e+00  1.978e+00  2.661e+00  0.000e+00  2.661e+00  0.000e+00  0.000e+00  0.000e+00  2.661e+00  0.000e+00  0.000e+00  0.000e+00
 0.0360  4.64058e+00  1.301e+00  3.339e+00  0.000e+00  3.339e+00  0.000e+00  0.000e+00  0.000e+00  3.339e+00  0.000e+00  0.000e+00  0.000e+00
 0.0362  4.64144e+00  7.190e-01  3.922e+00  0.000e+00  3.922e+00  0.000e+00  0.000e+00  0.000e+00  3.922e+00  0.000e+00  0.000e+00  0.000e+00
 0.0364  4.64207e+00  2.865e-01  4.356e+00  0.000e+00  4.356e+00  0.000e+00  0.000e+00  0.000e+00  4.356e+00  0.000e+00  0.000e+00  0.000e+00
 0.0366  4.64243e+00  4.410e-02  4.598e+00  0.000e+00  4.598e+00  0.000e+00  0.000e+00  0.000e+00  4.598e+00  0.000e+00  0.000e+00  0.000e+00
 0.0368  4.64248e+00  1.445e-02  4.628e+00  0.000e+00  4.628e+00  0.000e+00  0.000e+00  0.000e+00  4.628e+00  0.000e+00  0.000e+00  0.000e+00
 0.0370  4.64220e+00  2.003e-01  4.442e+00  0.000e+00  4.442e+00  0.000e+00  0.000e+00  0.000e+00  4.442e+00  0.000e+00  0.000e+00  0.000e+00
 0.0372  4.64164e+00  5.844e-01  4.057e+00  0.000e+00  4.057e+00  0.000e+00  0.000e+00  0.000e+00  4.057e+00  0.000e+00  0.000e+00  0.000e+00
 0.0374  4.64083e+00  1.131e+00  3.510e+00  0.000e+00  3.510e+00  0.000e+00  0.000e+00  0.000e+00  3.510e+00  0.000e+00  0.000e+00  0.000e+00
 0.0376  4.63986e+00  1.788e+00  2.852e+00  0.000e+00  2.852e+00  0.000e+00  0.000e+00  0.000e+00  2.852e+00  0.000e+00  0.000e+00  0.000e+00
 0.0378  4.63882e+00  2.495e+00  2.144e+00  0.000e+00  2.144e+00  0.000e+00  0.000e+00  0.000e+00  2.144e+00  0.000e+00  0.000e+00  0.000e+00
 0.0380  4.63780e+00  3.185e+00  1.453e+00  0.000e+00  1.453e+00  0.000e+00  0.000e+00  0.000e+00  1.453e+00  0.000e+00  0.000e+00  0.000e+00
 0.0382  4.63690e+00  3.794e+00  8.425e-01  0.000e+00  8.425e-01  0.000e+00  0.000e+00  0.000e+00  8.425e-01  0.000e+00  0.000e+00  0.000e+00
 0.0384  4.63621e+00  4.265e+00  3.708e-01  0.000e+00  3.708e-01  0.000e+00  0.000e+00  0.000e+00  3.708e-01  0.000e+00  0.000e+00  0.000e+00
 0.0386  4.63578e+00  4.554e+00  8.161e-02  0.000e+00  8.161e-02  0.000e+00  0.000e+00  0.000e+00  8.161e-02  0.000e+00  0.000e+00  0.000e+00
 0.0388  4.63566e+00  4.634e+00  1.965e-03  0.000e+00  1.965e-03  0.000e+00  0.000e+00  0.000e+00  1.965e-03  0.000e+00  0.000e+00  0.000e+00
 0.0390  4.63586e+00  4.497e+00  1.393e-01  0.000e+00  1.393e-01  0.000e+00  0.000e+00  0.000e+00  1.393e-01  0.000e+00  0.000e+00  0.000e+00
 0.0392  4.63637e+00  4.155e+00  4.809e-01  0.000e+00  4.809e-01  0.000e+00  0.000e+00  0.000e+00  4.809e-01  0.000e+00  0.000e+00  0.000e+00
 0.0394  4.63712e+00  3.642e+00  9.947e-01  0.000e+00  9.947e-01  0.000e+00  0.000e+00  0.000e+00  9.947e-01  0.000e+00  0.000e+00  0.000e+00
 0.0396  4.63806e+00  3.006e+00  1.633e+00  0.000e+00  1.633e+00  0.000e+00  0.000e+00  0.000e+00  1.633e+00  0.000e+00  0.000e+00  0.000e+00
 0.0398  4.63910e+00  2.304e+00  2.335e+00  0.000e+00  2.335e+00  0.000e+00  0.000e+00  0.000e+00  2.335e+00  0.000e+00  0.000e+00  0.000e+00
 0.0400  4.64013e+00  1.604e+00  3.036e+00  0.000e+00  3.036e+00  0.000e+00  0.000e+00  0.000e+00  3.036e+00  0.000e+00  0.000e+00  0.000e+00
 0.0402  4.64106e+00  9.709e-01  3.670e+00  0.000e+00  3.670e+00  0.000e+00  0.000e+00  0.000e+00  3.670e+00  0.000e+00  0.000e+00  0.000e+00
 0.0404  4.64181e+00  4.637e-01  4.178e+00  0.000e+00  4.178e+00  0.000e+00  0.000e+00  0.000e+00  4.178e+00  0.000e+00  0.000e+00  0.000e+00
 0.0406  4.64231e+00  1.300e-01  4.512e+00  0.000e+00  4.512e+00  0.000e+00  0.000e+00  0.000e+00  4.512e+00  0.000e+00  0.000e+00  0.000e+00
 0.0408  4.64250e+00  1.003e-03  4.641e+00  0.000e+00  4.641e+00  0.000e+00  0.000e+00  0.000e+00  4.641e+00  0.000e+00  0.000e+00  0.000e+00
 0.0410  4.64237e+00  8.879e-02  4.554e+00  0.000e+00  4.554e+00  0.000e+00  0.000e+00  0.000e+00  4.554e+00  0.000e+00  0.000e+00  0.000e+00
 0.0412  4.64193e+00  3.852e-01  4.257e+00  0.000e+00  4.257e+00  0.000e+00  0.000e+00  0.000e+00  4.257e+00  0.000e+00  0.000e+00  0.000e+00
 0.0414  4.64123e+00  8.624e-01  3.779e+00  0.000e+00  3.779e+00  0.000e+00  0.000e+00  0.000e+00  3.779e+00  0.000e+00  0.000e+00  0.000e+00
 0.0416  4.64032e+00  1.476e+00  3.165e+00  0.000e+00  3.165e+00  0.000e+00  0.000e+00  0.000e+00  3.165e+00  0.000e+00  0.000e+00  0.000e+00
 0.0418  4.63930e+00  2.168e+00  2.471e+00  0.000e+00  2.471e+00  0.000e+00  0.000e+00  0.000e+00  2.471e+00  0.000e+00  0.000e+00  0.000e+00
 0.0420  4.63826e+00  2.874e+00  1.764e+00  0.000e+00  1.764e+00  0.000e+00  0.000e+00  0.000e+00  1.764e+00  0.000e+00  0.000e+00  0.000e+00
 0.0422  4.63729e+00  3.528e+00  1.109e+00  0.000e+00  1.109e+00  0.000e+00  0.000e+00  0.000e+00  1.109e+00  0.000e+00  0.000e+00  0.000e+00
 0.0424  4.63649e+00  4.069e+00  5.673e-01  0.000e+00  5.673e-01  0.000e+00  0.000e+00  0.000e+00  5.673e-01  0.000e+00  0.000e+00  0.000e+00
 0.0426  4.63594e+00  4.446e+00  1.897e-01  0.000e+00  1.897e-01  0.000e+00  0.000e+00  0.000e+00  1.897e-01  0.000e+00  0.000e+00  0.000e+00
 0.0428  4.63568e+00  4.624e+00  1.159e-02  0.000e+00  1.159e-02  0.000e+00  0.000e+00  0.000e+00  1.159e-02  0.000e+00  0.000e+00  0.000e+00
 0.0430  4.63573e+00  4.586e+00  4.961e-02  0.000e+00  4.961e-02  0.000e+00  0.000e+00  0.000e+00  4.961e-02  0.000e+00  0.000e+00  0.000e+00
 0.0432  4.63610e+00  4.336e+00  3.002e-01  0.000e+00  3.002e-01  0.000e+00  0.000e+00  0.000e+00  3.002e-01  0.000e+00  0.000e+00  0.000e+00
 0.0434  4.63675e+00  3.897e+00  7.399e-01  0.000e+00  7.399e-01  0.000e+00  0.000e+00  0.000e+00  7.399e-01  0.000e+00  0.000e+00  0.000e+00
 0.0436  4.63761e+00  3.310e+00  1.328e+00  0.000e+00  1.328e+00  0.000e+00  0.000e+00  0.000e+00  1.328e+00  0.000e+00  0.000e+00  0.000e+00
 0.0438  4.63862e+00  2.630e+00  2.008e+00  0.000e+00  2.008e+00  0.000e+00  0.000e+00  0.000e+00  2.008e+00  0.000e+00  0.000e+00  0.000e+00
 0.0440  4.63966e+00  1.922e+00  2.718e+00  0.000e+00  2.718e+00  0.000e+00  0.000e+00  0.000e+00  2.718e+00  0.000e+00  0.000e+00  0.000e+00
 0.0442  4.64065e+00  1.250e+00  3.391e+00  0.000e+00  3.391e+00  0.000e+00  0.000e+00  0.000e+00  3.391e+00  0.000e+00  0.000e+00  0.000e+00
 0.0444  4.64150e+00  6.778e-01  3.964e+00  0.000e+00  3.964e+00  0.000e+00  0.000e+00  0.000e+00  3.964e+00  0.000e+00  0.000e+00  0.000e+00
 0.0446  4.64211e+00  2.594e-01  4.383e+00  0.000e+00  4.383e+00  0.000e+00  0.000e+00  0.000e+00  4.383e+00  0.000e+00  0.000e+00  0.000e+00
 0.0448  4.64245e+00  3.363e-02  4.609e+00  0.000e+00  4.609e+00  0.000e+00  0.000e+00  0.000e+00  4.609e+00  0.000e+00  0.000e+00  0.000e+00
 0.0450  4.64247e+00  2.158e-02  4.621e+00  0.000e+00  4.621e+00  0.000e+00  0.000e+00  0.000e+00  4.621e+00  0.000e+00  0.000e+00  0.000e+00
 0.0452  4.64217e+00  2.244e-01  4.418e+00  0.000e+00  4.418e+00  0.000e+00  0.000e+00  0.000e+00  4.418e+00  0.000e+00  0.000e+00  0.000e+00
 0.0454  4.64158e+00  6.231e-01  4.018e+00  0.000e+00  4.018e+00  0.000e+00  0.000e+00  0.000e+00  4.018e+00  0.000e+00  0.000e+00  0.000e+00
 0.0456  4.64076e+00  1.180e+00  3.460e+00  0.000e+00  3.460e+00  0.000e+00  0.000e+00  0.000e+00  3.460e+00  0.000e+00  0.000e+00  0.000e+00
 0.0458  4.63978e+00  1.844e+00  2.796e+00  0.000e+00  2.796e+00  0.000e+00  0.000e+00  0.000e+00  2.796e+00  0.000e+00  0.000e+00  0.000e+00
 0.0460  4.63873e+00  2.552e+00  2.087e+00  0.000e+00  2.087e+00  0.000e+00  0.000e+00  0.000e+00  2.087e+00  0.000e+00  0.000e+00  0.000e+00
 0.0462  4.63772e+00  3.238e+00  1.399e+00  0.000e+00  1.399e+00  0.000e+00  0.000e+00  0.000e+00  1.399e+00  0.000e+00  0.000e+00  0.000e+00
 0.0464  4.63684e+00  3.838e+00  7.986e-01  0.000e+00  7.986e-01  0.000e+00  0.000e+00  0.000e+00  7.986e-01  0.000e+00  0.000e+00  0.000e+00
 0.0466  4.63616e+00  4.296e+00  3.402e-01  0.000e+00  3.402e-01  0.000e+00  0.000e+00  0.000e+00  3.402e-01  0.000e+00  0.000e+00  0.000e+00
 0.0468  4.63576e+00  4.569e+00  6.715e-02  0.000e+00  6.715e-02  0.000e+00  0.000e+00  0.000e+00  6.715e-02  0.000e+00  0.000e+00  0.000e+00
 0.0470  4.63567e+00  4.631e+00  5.051e-03  0.000e+00  5.051e-03  0.000e+00  0.000e+00  0.000e+00  5.051e-03  0.000e+00  0.000e+00  0.000e+00
 0.0472  4.63589e+00  4.476e+00  1.597e-01  0.000e+00  1.597e-01  0.000e+00  0.000e+00  0.000e+00  1.597e-01  0.000e+00  0.000e+00  0.000e+00
 0.0474  4.63642e+00  4.120e+00  5.166e-01  0.000e+00  5.166e-01  0.000e+00  0.000e+00  0.000e+00  5.166e-01  0.000e+00  0.000e+00  0.000e+00
 0.0476  4.63719e+00  3.595e+00  1.042e+00  0.000e+00  1.042e+00  0.000e+00  0.000e+00  0.000e+00  1.042e+00  0.000e+00  0.000e+00  0.000e+00
 0.0478  4.63815e+00  2.950e+00  1.688e+00  0.000e+00  1.688e+00  0.000e+00  0.000e+00  0.000e+00  1.688e+00  0.000e+00  0.000e+00  0.000e+00
 0.0480  4.63918e+00  2.247e+00  2.392e+00  0.000e+00  2.392e+00  0.000e+00  0.000e+00  0.000e+00  2.392e+00  0.000e+00  0.000e+00  0.000e+00
 0.0482  4.64021e+00  1.550e+00  3.091e+00  0.000e+00  3.091e+00  0.000e+00  0.000e+00  0.000e+00  3.091e+00  0.000e+00  0.000e+00  0.000e+00
 0.0484  4.64113e+00  9.245e-01  3.717e+00  0.000e+00  3.717e+00  0.000e+00  0.000e+00  0.000e+00  3.717e+00  0.000e+00  0.000e+00  0.000e+00
 0.0486  4.64186e+00  4.298e-01  4.212e+00  0.000e+00  4.212e+00  0.000e+00  0.000e+00  0.000e+00  4.212e+00  0.000e+00  0.000e+00  0.000e+00
 0.0488  4.64233e+00  1.117e-01  4.531e+00  0.000e+00  4.531e+00  0.000e+00  0.000e+00  0.000e+00  4.531e+00  0.000e+00  0.000e+00  0.000e+00
 0.0490  4.64250e+00  2.439e-05  4.642e+00  0.000e+00  4.642e+00  0.000e+00  0.000e+00  0.000e+00  4.642e+00  0.000e+00  0.000e+00  0.000e+00
 0.0492  4.64234e+00  1.053e-01  4.537e+00  0.000e+00  4.537e+00  0.000e+00  0.000e+00  0.000e+00  4.537e+00  0.000e+00  0.000e+00  0.000e+00
 0.0494  4.64188e+00  4.175e-01  4.224e+00  0.000e+00  4.224e+00  0.000e+00  0.000e+00  0.000e+00  4.224e+00  0.000e+00  0.000e+00  0.000e+00
 0.0496  4.64116e+00  9.076e-01  3.734e+00  0.000e+00  3.734e+00  0.000e+00  0.000e+00  0.000e+00  3.734e+00  0.000e+00  0.000e+00  0.000e+00
 0.0498  4.64024e+00  1.530e+00  3.111e+00  0.000e+00  3.111e+00  0.000e+00  0.000e+00  0.000e+00  3.111e+00  0.000e+00  0.000e+00  0.000e+00
 0.0500  4.63921e+00  2.225e+00  2.414e+00  0.000e+00  2.414e+00  0.000e+00  0.000e+00  0.000e+00  2.414e+00  0.000e+00  0.000e+00  0.000e+00
 0.0502  4.63818e+00  2.930e+00  1.708e+00  0.000e+00  1.708e+00  0.000e+00  0.000e+00  0.000e+00  1.708e+00  0.000e+00  0.000e+00  0.000e+00
 0.0504  4.63722e+00  3.577e+00  1.060e+00  0.000e+00  1.060e+00  0.000e+00  0.000e+00  0.000e+00  1.060e+00  0.000e+00  0.000e+00  0.000e+00
 0.0506  4.63644e+00  4.106e+00  5.301e-01  0.000e+00  5.301e-01  0.000e+00  0.000e+00  0.000e+00  5.301e-01  0.000e+00  0.000e+00  0.000e+00
 0.0508  4.63591e+00  4.468e+00  1.675e-01  0.000e+00  1.675e-01  0.000e+00  0.000e+00  0.000e+00  1.675e-01  0.000e+00  0.000e+00  0.000e+00
 0.0510  4.63567e+00  4.629e+00  6.553e-03  0.000e+00  6.553e-03  0.000e+00  0.000e+00  0.000e+00  6.553e-03  0.000e+00  0.000e+00  0.000e+00
 0.0512  4.63575e+00  4.574e+00  6.216e-02  0.000e+00  6.216e-02  0.000e+00  0.000e+00  0.000e+00  6.216e-02  0.000e+00  0.000e+00  0.000e+00
 0.0514  4.63614e+00  4.307e+00  3.292e-01  0.000e+00  3.292e-01  0.000e+00  0.000e+00  0.000e+00  3.292e-01  0.000e+00  0.000e+00  0.000e+00
 0.0516  4.63681e+00  3.854e+00  7.826e-01  0.000e+00  7.826e-01  0.000e+00  0.000e+00  0.000e+00  7.826e-01  0.000e+00  0.000e+00  0.000e+00
 0.0518  4.63769e+00  3.258e+00  1.380e+00  0.000e+00  1.380e+00  0.000e+00  0.000e+00  0.000e+00  1.380e+00  0.000e+00  0.000e+00  0.000e+00
 0.0520  4.63870e+00  2.573e+00  2.065e+00  0.000e+00  2.065e+00  0.000e+00  0.000e+00  0.000e+00  2.065e+00  0.000e+00  0.000e+00  0.000e+00
 0.0522  4.63975e+00  1.865e+00  2.775e+00  0.000e+00  2.775e+00  0.000e+00  0.000e+00  0.000e+00  2.775e+00  0.000e+00  0.000e+00  0.000e+00
 0.0524  4.64073e+00  1.199e+00  3.442e+00  0.000e+00  3.442e+00  0.000e+00  0.000e+00  0.000e+00  3.442e+00  0.000e+00  0.000e+00  0.000e+00
 0.0526  4.64156e+00  6.377e-01  4.004e+00  0.000e+00  4.004e+00  0.000e+00  0.000e+00  0.000e+00  4.004e+00  0.000e+00  0.000e+00  0.000e+00
 0.0528  4.64215e+00  2.336e-01  4.409e+00  0.000e+00  4.409e+00  0.000e+00  0.000e+00  0.000e+00  4.409e+00  0.000e+00  0.000e+00  0.000e+00
 0.0530  4.64246e+00  2.457e-02  4.618e+00  0.000e+00  4.618e+00  0.000e+00  0.000e+00  0.000e+00  4.618e+00  0.000e+00  0.000e+00  0.000e+00
 0.0532  4.64245e+00  3.012e-02  4.612e+00  0.000e+00  4.612e+00  0.000e+00  0.000e+00  0.000e+00  4.612e+00  0.000e+00  0.000e+00  0.000e+00
 0.0534  4.64213e+00  2.497e-01  4.392e+00  0.000e+00  4.392e+00  0.000e+00  0.000e+00  0.000e+00  4.392e+00  0.000e+00  0.000e+00  0.000e+00
 0.0536  4.64152e+00  6.629e-01  3.979e+00  0.000e+00  3.979e+00  0.000e+00  0.000e+00  0.000e+00  3.979e+00  0.000e+00  0.000e+00  0.000e+00
 0.0538  4.64068e+00  1.231e+00  3.410e+00  0.000e+00  3.410e+00  0.000e+00  0.000e+00  0.000e+00  3.410e+00  0.000e+00  0.000e+00  0.000e+00
 0.0540  4.63969e+00  1.901e+00  2.739e+00  0.000e+00  2.739e+00  0.000e+00  0.000e+00  0.000e+00  2.739e+00  0.000e+00  0.000e+00  0.000e+00
 0.0542  4.63865e+00  2.609e+00  2.029e+00  0.000e+00  2.029e+00  0.000e+00  0.000e+00  0.000e+00  2.029e+00  0.000e+00  0.000e+00  0.000e+00
 0.0544  4.63764e+00  3.291e+00  1.347e+00  0.000e+00  1.347e+00  0.000e+00  0.000e+00  0.000e+00  1.347e+00  0.000e+00  0.000e+00  0.000e+00
 0.0546  4.63677e+00  3.881e+00  7.555e-01  0.000e+00  7.555e-01  0.000e+00  0.000e+00  0.000e+00  7.555e-01  0.000e+00  0.000e+00  0.000e+00
 0.0548  4.63612e+00  4.325e+00  3.108e-01  0.000e+00  3.108e-01  0.000e+00  0.000e+00  0.000e+00  3.108e-01  0.000e+00  0.000e+00  0.000e+00
 0.0550  4.63574e+00  4.582e+00  5.409e-02  0.000e+00  5.409e-02  0.000e+00  0.000e+00  0.000e+00  5.409e-02  0.000e+00  0.000e+00  0.000e+00
 0.0552  4.63567e+00  4.626e+00  9.564e-03  0.000e+00  9.564e-03  0.000e+00  0.000e+00  0.000e+00  9.564e-03  0.000e+00  0.000e+00  0.000e+00
 0.0554  4.63593e+00  4.455e+00  1.814e-01  0.000e+00  1.814e-01  0.000e+00  0.000e+00  0.000e+00  1.814e-01  0.000e+00  0.000e+00  0.000e+00
 0.0556  4.63647e+00  4.083e+00  5.534e-01  0.000e+00  5.534e-01  0.000e+00  0.000e+00  0.000e+00  5.534e-01  0.000e+00  0.000e+00  0.000e+00
 0.0558  4.63727e+00  3.546e+00  1.091e+00  0.000e+00  1.091e+00  0.000e+00  0.000e+00  0.000e+00  1.091e+00  0.000e+00  0.000e+00  0.000e+00
 0.0560  4.63823e+00  2.895e+00  1.743e+00  0.000e+00  1.743e+00  0.000e+00  0.000e+00  0.000e+00  1.743e+00  0.000e+00  0.000e+00  0.000e+00
 0.0562  4.63927e+00  2.189e+00  2.450e+00  0.000e+00  2.450e+00  0.000e+00  0.000e+00  0.000e+00  2.450e+00  0.000e+00  0.000e+00  0.000e+00
 0.0564  4.64029e+00  1.496e+00  3.145e+00  0.000e+00  3.145e+00  0.000e+00  0.000e+00  0.000e+00  3.145e+00  0.000e+00  0.000e+00  0.000e+00
 0.0566  4.64120e+00  8.790e-01  3.762e+00  0.000e+00  3.762e+00  0.000e+00  0.000e+00  0.000e+00  3.762e+00  0.000e+00  0.000e+00  0.000e+00
 0.0568  4.64191e+00  3.970e-01  4.245e+00  0.000e+00  4.245e+00  0.000e+00  0.000e+00  0.000e+00  4.245e+00  0.000e+00  0.000e+00  0.000e+00
 0.0570  4.64236e+00  9.472e-02  4.548e+00  0.000e+00  4.548e+00  0.000e+00  0.000e+00  0.000e+00  4.548e+00  0.000e+00  0.000e+00  0.000e+00
 0.0572  4.64250e+00  4.747e-04  4.642e+00  0.000e+00  4.642e+00  0.000e+00  0.000e+00  0.000e+00  4.642e+00  0.000e+00  0.000e+00  0.000e+00
 0.0574  4.64232e+00  1.231e-01  4.519e+00  0.000e+00  4.519e+00  0.000e+00  0.000e+00  0.000e+00  4.519e+00  0.000e+00  0.000e+00  0.000e+00
 0.0576  4.64183e+00  4.510e-01  4.191e+00  0.000e+00  4.191e+00  0.000e+00  0.000e+00  0.000e+00  4.191e+00  0.000e+00  0.000e+00  0.000e+00
 0.0578  4.64109e+00  9.537e-01  3.687e+00  0.000e+00  3.687e+00  0.000e+00  0.000e+00  0.000e+00  3.687e+00  0.000e+00  0.000e+00  0.000e+00
 0.0580  4.64016e+00  1.584e+00  3.056e+00  0.000e+00  3.056e+00  0.000e+00  0.000e+00  0.000e+00  3.056e+00  0.000e+00  0.000e+00  0.000e+00
 0.0582  4.63913e+00  2.283e+00  2.356e+00  0.000e+00  2.356e+00  0.000e+00  0.000e+00  0.000e+00  2.356e+00  0.000e+00  0.000e+00  0.000e+00
 0.0584  4.63809e+00  2.985e+00  1.653e+00  0.000e+00  1.653e+00  0.000e+00  0.000e+00  0.000e+00  1.653e+00  0.000e+00  0.000e+00  0.000e+00
 0.0586  4.63715e+00  3.625e+00  1.012e+00  0.000e+00  1.012e+00  0.000e+00  0.000e+00  0.000e+00  1.012e+00  0.000e+00  0.000e+00  0.000e+00
 0.0588  4.63639e+00  4.142e+00  4.940e-01  0.000e+00  4.940e-01  0.000e+00  0.000e+00  0.000e+00  4.940e-01  0.000e+00  0.000e+00  0.000e+00
 0.0590  4.63588e+00  4.489e+00  1.467e-01  0.000e+00  1.467e-01  0.000e+00  0.000e+00  0.000e+00  1.467e-01  0.000e+00  0.000e+00  0.000e+00
 0.0592  4.63566e+00  4.633e+00  2.939e-03  0.000e+00  2.939e-03  0.000e+00  0.000e+00  0.000e+00  2.939e-03  0.000e+00  0.000e+00  0.000e+00
 0.0594  4.63577e+00  4.560e+00  7.610e-02  0.000e+00  7.610e-02  0.000e+00  0.000e+00  0.000e+00  7.610e-02  0.000e+00  0.000e+00  0.000e+00
 0.0596  4.63619e+00  4.277e+00  3.594e-01  0.000e+00  3.594e-01  0.000e+00  0.000e+00  0.000e+00  3.594e-01  0.000e+00  0.000e+00  0.000e+00
 0.0598  4.63688e+00  3.811e+00  8.262e-01  0.000e+00  8.262e-01  0.000e+00  0.000e+00  0.000e+00  8.262e-01  0.000e+00  0.000e+00  0.000e+00
 0.0600  4.63777e+00  3.205e+00  1.433e+00  0.000e+00  1.433e+00  0.000e+00  0.000e+00  0.000e+00  1.433e+00  0.000e+00  0.000e+00  0.000e+00
 0.0602  4.63879e+00  2.516e+00  2.123e+00  0.000e+00  2.123e+00  0.000e+00  0.000e+00  0.000e+00  2.123e+00  0.000e+00  0.000e+00  0.000e+00
 0.0604  4.63983e+00  1.809e+00  2.831e+00  0.000e+00  2.831e+00  0.000e+00  0.000e+00  0.000e+00  2.831e+00  0.000e+00  0.000e+00  0.000e+00
 0.0606  4.64080e+00  1.149e+00  3.492e+00  0.000e+00  3.492e+00  0.000e+00  0.000e+00  0.000e+00  3.492e+00  0.000e+00  0.000e+00  0.000e+00
 0.0608  4.64161e+00  5.986e-01  4.043e+00  0.000e+00  4.043e+00  0.000e+00  0.000e+00  0.000e+00  4.043e+00  0.000e+00  0.000e+00  0.000e+00
 0.0610  4.64219e+00  2.091e-01  4.433e+00  0.000e+00  4.433e+00  0.000e+00  0.000e+00  0.000e+00  4.433e+00  0.000e+00  0.000e+00  0.000e+00
 0.0612  4.64247e+00  1.692e-02  4.626e+00  0.000e+00  4.626e+00  0.000e+00  0.000e+00  0.000e+00  4.626e+00  0.000e+00  0.000e+00  0.000e+00
 0.0614  4.64244e+00  4.007e-02  4.602e+00  0.000e+00  4.602e+00  0.000e+00  0.000e+00  0.000e+00  4.602e+00  0.000e+00  0.000e+00  0.000e+00
 0.0616  4.64209e+00  2.764e-01  4.366e+00  0.000e+00  4.366e+00  0.000e+00  0.000e+00  0.000e+00  4.366e+00  0.000e+00  0.000e+00  0.000e+00
 0.0618  4.64146e+00  7.037e-01  3.938e+00  0.000e+00  3.938e+00  0.000e+00  0.000e+00  0.000e+00  3.938e+00  0.000e+00  0.000e+00  0.000e+00
 0.0620  4.64061e+00  1.282e+00  3.359e+00  0.000e+00  3.359e+00  0.000e+00  0.000e+00  0.000e+00  3.359e+00  0.000e+00  0.000e+00  0.000e+00
 0.0622  4.63961e+00  1.957e+00  2.682e+00  0.000e+00  2.682e+00  0.000e+00  0.000e+00  0.000e+00  2.682e+00  0.000e+00  0.000e+00  0.000e+00
 0.0624  4.63856e+00  2.666e+00  1.972e+00  0.000e+00  1.972e+00  0.000e+00  0.000e+00  0.000e+00  1.972e+00  0.000e+00  0.000e+00  0.000e+00
 0.0626  4.63757e+00  3.343e+00  1.295e+00  0.000e+00  1.295e+00  0.000e+00  0.000e+00  0.000e+00  1.295e+00  0.000e+00  0.000e+00  0.000e+00
 0.0628  4.63671e+00  3.923e+00  7.135e-01  0.000e+00  7.135e-01  0.000e+00  0.000e+00  0.000e+00  7.135e-01  0.000e+00  0.000e+00  0.000e+00
 0.0630  4.63608e+00  4.354e+00  2.826e-01  0.000e+00  2.826e-01  0.000e+00  0.000e+00  0.000e+00  2.826e-01  0.000e+00  0.000e+00  0.000e+00
 0.0632  4.63572e+00  4.593e+00  4.242e-02  0.000e+00  4.242e-02  0.000e+00  0.000e+00  0.000e+00  4.242e-02  0.000e+00  0.000e+00  0.000e+00
 0.0634  4.63568e+00  4.620e+00  1.550e-02  0.000e+00  1.550e-02  0.000e+00  0.000e+00  0.000e+00  1.550e-02  0.000e+00  0.000e+00  0.000e+00
 0.0636  4.63596e+00  4.432e+00  2.043e-01  0.000e+00  2.043e-01  0.000e+00  0.000e+00  0.000e+00  2.043e-01  0.000e+00  0.000e+00  0.000e+00
 0.0638  4.63653e+00  4.045e+00  5.913e-01  0.000e+00  5.913e-01  0.000e+00  0.000e+00  0.000e+00  5.913e-01  0.000e+00  0.000e+00  0.000e+00
 0.0640  4.63734e+00  3.497e+00  1.140e+00  0.000e+00  1.140e+00  0.000e+00  0.000e+00  0.000e+00  1.140e+00  0.000e+00  0.000e+00  0.000e+00
 0.0642  4.63831e+00  2.839e+00  1.799e+00  0.000e+00  1.799e+00  0.000e+00  0.000e+00  0.000e+00  1.799e+00  0.000e+00  0.000e+00  0.000e+00
 0.0644  4.63935e+00  2.132e+00  2.508e+00  0.000e+00  2.508e+00  0.000e+00  0.000e+00  0.000e+00  2.508e+00  0.000e+00  0.000e+00  0.000e+00
 0.0646  4.64037e+00  1.442e+00  3.198e+00  0.000e+00  3.198e+00  0.000e+00  0.000e+00  0.000e+00  3.198e+00  0.000e+00  0.000e+00  0.000e+00
 0.0648  4.64127e+00  8.343e-01  3.807e+00  0.000e+00  3.807e+00  0.000e+00  0.000e+00  0.000e+00  3.807e+00  0.000e+00  0.000e+00  0.000e+00
 0.0650  4.64196e+00  3.654e-01  4.277e+00  0.000e+00  4.277e+00  0.000e+00  0.000e+00  0.000e+00  4.277e+00  0.000e+00  0.000e+00  0.000e+00
 0.0652  4.64238e+00  7.912e-02  4.563e+00  0.000e+00  4.563e+00  0.000e+00  0.000e+00  0.000e+00  4.563e+00  0.000e+00  0.000e+00  0.000e+00
 0.0654  4.64249e+00  2.353e-03  4.640e+00  0.000e+00  4.640e+00  0.000e+00  0.000e+00  0.000e+00  4.640e+00  0.000e+00  0.000e+00  0.000e+00
 0.0656  4.64229e+00  1.423e-01  4.500e+00  0.000e+00  4.500e+00  0.000e+00  0.000e+00  0.000e+00  4.500e+00  0.000e+00  0.000e+00  0.000e+00
 0.0658  4.64178e+00  4.857e-01  4.156e+00  0.000e+00  4.156e+00  0.000e+00  0.000e+00  0.000e+00  4.156e+00  0.000e+00  0.000e+00  0.000e+00
 0.0660  4.64102e+00  1.001e+00  3.640e+00  0.000e+00  3.640e+00  0.000e+00  0.000e+00  0.000e+00  3.640e+00  0.000e+00  0.000e+00  0.000e+00
 0.0662  4.64008e+00  1.639e+00  3.001e+00  0.000e+00  3.001e+00  0.000e+00  0.000e+00  0.000e+00  3.001e+00  0.000e+00  0.000e+00  0.000e+00
 0.0664  4.63904e+00  2.341e+00  2.299e+00  0.000e+00  2.299e+00  0.000e+00  0.000e+00  0.000e+00  2.299e+00  0.000e+00  0.000e+00  0.000e+00
 0.0666  4.63801e+00  3.040e+00  1.598e+00  0.000e+00  1.598e+00  0.000e+00  0.000e+00  0.000e+00  1.598e+00  0.000e+00  0.000e+00  0.000e+00
 0.0668  4.63708e+00  3.672e+00  9.650e-01  0.000e+00  9.650e-01  0.000e+00  0.000e+00  0.000e+00  9.650e-01  0.000e+00  0.000e+00  0.000e+00
 0.0670  4.63634e+00  4.177e+00  4.590e-01  0.000e+00  4.590e-01  0.000e+00  0.000e+00  0.000e+00  4.590e-01  0.000e+00  0.000e+00  0.000e+00
 0.0672  4.63585e+00  4.509e+00  1.272e-01  0.000e+00  1.272e-01  0.000e+00  0.000e+00  0.000e+00  1.272e-01  0.000e+00  0.000e+00  0.000e+00
 0.0674  4.63566e+00  4.635e+00  7.547e-04  0.000e+00  7.547e-04  0.000e+00  0.000e+00  0.000e+00  7.547e-04  0.000e+00  0.000e+00  0.000e+00
 0.0676  4.63579e+00  4.544e+00  9.143e-02  0.000e+00  9.143e-02  0.000e+00  0.000e+00  0.000e+00  9.143e-02  0.000e+00  0.000e+00  0.000e+00
 0.0678  4.63623e+00  4.245e+00  3.908e-01  0.000e+00  3.908e-01  0.000e+00  0.000e+00  0.000e+00  3.908e-01  0.000e+00  0.000e+00  0.000e+00
 0.0680  4.63694e+00  3.766e+00  8.707e-01  0.000e+00  8.707e-01  0.000e+00  0.000e+00  0.000e+00  8.707e-01  0.000e+00  0.000e+00  0.000e+00
 0.0682  4.63785e+00  3.151e+00  1.486e+00  0.000e+00  1.486e+00  0.000e+00  0.000e+00  0.000e+00  1.486e+00  0.000e+00  0.000e+00  0.000e+00
 0.0684  4.63887e+00  2.459e+00  2.180e+00  0.000e+00  2.180e+00  0.000e+00  0.000e+00  0.000e+00  2.180e+00  0.000e+00  0.000e+00  0.000e+00
 0.0686  4.63991e+00  1.753e+00  2.887e+00  0.000e+00  2.887e+00  0.000e+00  0.000e+00  0.000e+00  2.887e+00  0.000e+00  0.000e+00  0.000e+00
 0.0688  4.64088e+00  1.100e+00  3.541e+00  0.000e+00  3.541e+00  0.000e+00  0.000e+00  0.000e+00  3.541e+00  0.000e+00  0.000e+00  0.000e+00
 0.0690  4.64167e+00  5.605e-01  4.081e+00  0.000e+00  4.081e+00  0.000e+00  0.000e+00  0.000e+00  4.081e+00  0.000e+00  0.000e+00  0.000e+00
 0.0692  4.64222e+00  1.858e-01  4.456e+00  0.000e+00  4.456e+00  0.000e+00  0.000e+00  0.000e+00  4.456e+00  0.000e+00  0.000e+00  0.000e+00
 0.0694  4.64248e+00  1.069e-02  4.632e+00  0.000e+00  4.632e+00  0.000e+00  0.000e+00  0.000e+00  4.632e+00  0.000e+00  0.000e+00  0.000e+00
 0.0696  4.64242e+00  5.142e-02  4.591e+00  0.000e+00  4.591e+00  0.000e+00  0.000e+00  0.000e+00  4.591e+00  0.000e+00  0.000e+00  0.000e+00
 0.0698  4.64205e+00  3.042e-01  4.338e+00  0.000e+00  4.338e+00  0.000e+00  0.000e+00  0.000e+00  4.338e+00  0.000e+00  0.000e+00  0.000e+00
 0.0700  4.64140e+00  7.455e-01  3.896e+00  0.000e+00  3.896e+00  0.000e+00  0.000e+00  0.000e+00  3.896e+00  0.000e+00  0.000e+00  0.000e+00
 0.0702  4.64053e+00  1.334e+00  3.307e+00  0.000e+00  3.307e+00  0.000e+00  0.000e+00  0.000e+00  3.307e+00  0.000e+00  0.000e+00  0.000e+00
 0.0704  4.63953e+00  2.014e+00  2.625e+00  0.000e+00  2.625e+00  0.000e+00  0.000e+00  0.000e+00  2.625e+00  0.000e+00  0.000e+00  0.000e+00
 0.0706  4.63848e+00  2.723e+00  1.915e+00  0.000e+00  1.915e+00  0.000e+00  0.000e+00  0.000e+00  1.915e+00  0.000e+00  0.000e+00  0.000e+00
 0.0708  4.63749e+00  3.394e+00  1.243e+00  0.000e+00  1.243e+00  0.000e+00  0.000e+00  0.000e+00  1.243e+00  0.000e+00  0.000e+00  0.000e+00
 0.0710  4.63665e+00  3.964e+00  6.724e-01  0.000e+00  6.724e-01  0.000e+00  0.000e+00  0.000e+00  6.724e-01  0.000e+00  0.000e+00  0.000e+00
 0.0712  4.63604e+00  4.380e+00  2.556e-01  0.000e+00  2.556e-01  0.000e+00  0.000e+00  0.000e+00  2.556e-01  0.000e+00  0.000e+00  0.000e+00
 0.0714  4.63571e+00  4.604e+00  3.215e-02  0.000e+00  3.215e-02  0.000e+00  0.000e+00  0.000e+00  3.215e-02  0.000e+00  0.000e+00  0.000e+00
 0.0716  4.63569e+00  4.613e+00  2.286e-02  0.000e+00  2.286e-02  0.000e+00  0.000e+00  0.000e+00  2.286e-02  0.000e+00  0.000e+00  0.000e+00
 0.0718  4.63600e+00  4.407e+00  2.286e-01  0.000e+00  2.286e-01  0.000e+00  0.000e+00  0.000e+00  2.286e-01  0.000e+00  0.000e+00  0.000e+00
 0.0720  4.63659e+00  4.006e+00  6.302e-01  0.000e+00  6.302e-01  0.000e+00  0.000e+00  0.000e+00  6.302e-01  0.000e+00  0.000e+00  0.000e+00
 0.0722  4.63741e+00  3.447e+00  1.190e+00  0.000e+00  1.190e+00  0.000e+00  0.000e+00  0.000e+00  1.190e+00  0.000e+00  0.000e+00  0.000e+00
 0.0724  4.63839e+00  2.783e+00  1.856e+00  0.000e+00  1.856e+00  0.000e+00  0.000e+00  0.000e+00  1.856e+00  0.000e+00  0.000e+00  0.000e+00
 0.0726  4.63944e+00  2.074e+00  2.565e+00  0.000e+00  2.565e+00  0.000e+00  0.000e+00  0.000e+00  2.565e+00  0.000e+00  0.000e+00  0.000e+00
 0.0728  4.64045e+00  1.389e+00  3.251e+00  0.000e+00  3.251e+00  0.000e+00  0.000e+00  0.000e+00  3.251e+00  0.000e+00  0.000e+00  0.000e+00
 0.0730  4.64133e+00  7.906e-01  3.851e+00  0.000e+00  3.851e+00  0.000e+00  0.000e+00  0.000e+00  3.851e+00  0.000e+00  0.000e+00  0.000e+00
 0.0732  4.64200e+00  3.350e-01  4.307e+00  0.000e+00  4.307e+00  0.000e+00  0.000e+00  0.000e+00  4.307e+00  0.000e+00  0.000e+00  0.000e+00
 0.0734  4.64240e+00  6.490e-02  4.577e+00  0.000e+00  4.577e+00  0.000e+00  0.000e+00  0.000e+00  4.577e+00  0.000e+00  0.000e+00  0.000e+00
 0.0736  4.64249e+00  5.659e-03  4.637e+00  0.000e+00  4.637e+00  0.000e+00  0.000e+00  0.000e+00  4.637e+00  0.000e+00  0.000e+00  0.000e+00
 0.0738  4.64226e+00  1.628e-01  4.479e+00  0.000e+00  4.479e+00  0.000e+00  0.000e+00  0.000e+00  4.479e+00  0.000e+00  0.000e+00  0.000e+00
 0.0740  4.64173e+00  5.215e-01  4.120e+00  0.000e+00  4.120e+00  0.000e+00  0.000e+00  0.000e+00  4.120e+00  0.000e+00  0.000e+00  0.000e+00
 0.0742  4.64095e+00  1.048e+00  3.593e+00  0.000e+00  3.593e+00  0.000e+00  0.000e+00  0.000e+00  3.593e+00  0.000e+00  0.000e+00  0.000e+00
 0.0744  4.64000e+00  1.694e+00  2.946e+00  0.000e+00  2.946e+00  0.000e+00  0.000e+00  0.000e+00  2.946e+00  0.000e+00  0.000e+00  0.000e+00
 0.0746  4.63896e+00  2.398e+00  2.241e+00  0.000e+00  2.241e+00  0.000e+00  0.000e+00  0.000e+00  2.241e+00  0.000e+00  0.000e+00  0.000e+00
 0.0748  4.63793e+00  3.095e+00  1.543e+00  0.000e+00  1.543e+00  0.000e+00  0.000e+00  0.000e+00  1.543e+00  0.000e+00  0.000e+00  0.000e+00
 0.0750  4.63701e+00  3.718e+00  9.187e-01  0.000e+00  9.187e-01  0.000e+00  0.000e+00  0.000e+00  9.187e-01  0.000e+00  0.000e+00  0.000e+00
 0.0752  4.63629e+00  4.211e+00  4.252e-01  0.000e+00  4.252e-01  0.000e+00  0.000e+00  0.000e+00  4.252e-01  0.000e+00  0.000e+00  0.000e+00
 0.0754  4.63582e+00  4.527e+00  1.091e-01  0.000e+00  1.091e-01  0.000e+00  0.000e+00  0.000e+00  1.091e-01  0.000e+00  0.000e+00  0.000e+00
 0.0756  4.63566e+00  4.636e+00  5.277e-07  0.000e+00  5.277e-07  0.000e+00  0.000e+00  0.000e+00  5.277e-07  0.000e+00  0.000e+00  0.000e+00
 0.0758  4.63582e+00  4.528e+00  1.081e-01  0.000e+00  1.081e-01  0.000e+00  0.000e+00  0.000e+00  1.081e-01  0.000e+00  0.000e+00  0.000e+00
 0.0760  4.63628e+00  4.213e+00  4.233e-01  0.000e+00  4.233e-01  0.000e+00  0.000e+00  0.000e+00  4.233e-01  0.000e+00  0.000e+00  0.000e+00
 0.0762  4.63701e+00  3.721e+00  9.162e-01  0.000e+00  9.162e-01  0.000e+00  0.000e+00  0.000e+00  9.162e-01  0.000e+00  0.000e+00  0.000e+00
 0.0764  4.63793e+00  3.097e+00  1.540e+00  0.000e+00  1.540e+00  0.000e+00  0.000e+00  0.000e+00  1.540e+00  0.000e+00  0.000e+00  0.000e+00
 0.0766  4.63896e+00  2.401e+00  2.238e+00  0.000e+00  2.238e+00  0.000e+00  0.000e+00  0.000e+00  2.238e+00  0.000e+00  0.000e+00  0.000e+00
 0.0768  4.63999e+00  1.697e+00  2.943e+00  0.000e+00  2.943e+00  0.000e+00  0.000e+00  0.000e+00  2.943e+00  0.000e+00  0.000e+00  0.000e+00
 0.0770  4.64095e+00  1.051e+00  3.590e+00  0.000e+00  3.590e+00  0.000e+00  0.000e+00  0.000e+00  3.590e+00  0.000e+00  0.000e+00  0.000e+00
 0.0772  4.64172e+00  5.235e-01  4.118e+00  0.000e+00  4.118e+00  0.000e+00  0.000e+00  0.000e+00  4.118e+00  0.000e+00  0.000e+00  0.000e+00
 0.0774  4.64226e+00  1.639e-01  4.478e+00  0.000e+00  4.478e+00  0.000e+00  0.000e+00  0.000e+00  4.478e+00  0.000e+00  0.000e+00  0.000e+00
 0.0776  4.64249e+00  5.880e-03  4.637e+00  0.000e+00  4.637e+00  0.000e+00  0.000e+00  0.000e+00  4.637e+00  0.000e+00  0.000e+00  0.000e+00
 0.0778  4.64240e+00  6.417e-02  4.578e+00  0.000e+00  4.578e+00  0.000e+00  0.000e+00  0.000e+00  4.578e+00  0.000e+00  0.000e+00  0.000e+00
 0.0780  4.64201e+00  3.333e-01  4.309e+00  0.000e+00  4.309e+00  0.000e+00  0.000e+00  0.000e+00  4.309e+00  0.000e+00  0.000e+00  0.000e+00
 0.0782  4.64133e+00  7.882e-01  3.853e+00  0.000e+00  3.853e+00  0.000e+00  0.000e+00  0.000e+00  3.853e+00  0.000e+00  0.000e+00  0.000e+00
 0.0784  4.64045e+00  1.386e+00  3.254e+00  0.000e+00  3.254e+00  0.000e+00  0.000e+00  0.000e+00  3.254e+00  0.000e+00  0.000e+00  0.000e+00
 0.0786  4.63944e+00  2.071e+00  2.568e+00  0.000e+00  2.568e+00  0.000e+00  0.000e+00  0.000e+00  2.568e+00  0.000e+00  0.000e+00  0.000e+00
 0.0788  4.63840e+00  2.780e+00  1.859e+00  0.000e+00  1.859e+00  0.000e+00  0.000e+00  0.000e+00  1.859e+00  0.000e+00  0.000e+00  0.000e+00
 0.0790  4.63742e+00  3.445e+00  1.193e+00  0.000e+00  1.193e+00  0.000e+00  0.000e+00  0.000e+00  1.193e+00  0.000e+00  0.000e+00  0.000e+00
 0.0792  4.63659e+00  4.004e+00  6.324e-01  0.000e+00  6.324e-01  0.000e+00  0.000e+00  0.000e+00  6.324e-01  0.000e+00  0.000e+00  0.000e+00
 0.0794  4.63600e+00  4.406e+00  2.300e-01  0.000e+00  2.300e-01  0.000e+00  0.000e+00  0.000e+00  2.300e-01  0.000e+00  0.000e+00  0.000e+00
 0.0796  4.63569e+00  4.612e+00  2.330e-02  0.000e+00  2.330e-02  0.000e+00  0.000e+00  0.000e+00  2.330e-02  0.000e+00  0.000e+00  0.000e+00
 0.0798  4.63571e+00  4.604e+00  3.164e-02  0.000e+00  3.164e-02  0.000e+00  0.000e+00  0.000e+00  3.164e-02  0.000e+00  0.000e+00  0.000e+00
 0.0800  4.63603e+00  4.382e+00  2.542e-01  0.000e+00  2.542e-01  0.000e+00  0.000e+00  0.000e+00  2.542e-01  0.000e+00  0.000e+00  0.000e+00
 0.0802  4.63665e+00  3.966e+00  6.702e-01  0.000e+00  6.702e-01  0.000e+00  0.000e+00  0.000e+00  6.702e-01  0.000e+00  0.000e+00  0.000e+00
 0.0804  4.63749e+00  3.397e+00  1.241e+00  0.000e+00  1.241e+00  0.000e+00  0.000e+00  0.000e+00  1.241e+00  0.000e+00  0.000e+00  0.000e+00
 0.0806  4.63848e+00  2.726e+00  1.912e+00  0.000e+00  1.912e+00  0.000e+00  0.000e+00  0.000e+00  1.912e+00  0.000e+00  0.000e+00  0.000e+00
 0.0808  4.63952e+00  2.017e+00  2.622e+00  0.000e+00  2.622e+00  0.000e+00  0.000e+00  0.000e+00  2.622e+00  0.000e+00  0.000e+00  0.000e+00
 0.0810  4.64053e+00  1.337e+00  3.304e+00  0.000e+00  3.304e+00  0.000e+00  0.000e+00  0.000e+00  3.304e+00  0.000e+00  0.000e+00  0.000e+00
 0.0812  4.64139e+00  7.478e-01  3.894e+00  0.000e+00  3.894e+00  0.000e+00  0.000e+00  0.000e+00  3.894e+00  0.000e+00  0.000e+00  0.000e+00
 0.0814  4.64205e+00  3.058e-01  4.336e+00  0.000e+00  4.336e+00  0.000e+00  0.000e+00  0.000e+00  4.336e+00  0.000e+00  0.000e+00  0.000e+00
 0.0816  4.64242e+00  5.208e-02  4.590e+00  0.000e+00  4.590e+00  0.000e+00  0.000e+00  0.000e+00  4.590e+00  0.000e+00  0.000e+00  0.000e+00
 0.0818  4.64248e+00  1.039e-02  4.632e+00  0.000e+00  4.632e+00  0.000e+00  0.000e+00  0.000e+00  4.632e+00  0.000e+00  0.000e+00  0.000e+00
 0.0820  4.64222e+00  1.846e-01  4.458e+00  0.000e+00  4.458e+00  0.000e+00  0.000e+00  0.000e+00  4.458e+00  0.000e+00  0.000e+00  0.000e+00
 0.0822  4.64167e+00  5.585e-01  4.083e+00  0.000e+00  4.083e+00  0.000e+00  0.000e+00  0.000e+00  4.083e+00  0.000e+00  0.000e+00  0.000e+00
 0.0824  4.64088e+00  1.097e+00  3.544e+00  0.000e+00  3.544e+00  0.000e+00  0.000e+00  0.000e+00  3.544e+00  0.000e+00  0.000e+00  0.000e+00
 0.0826  4.63992e+00  1.750e+00  2.890e+00  0.000e+00  2.890e+00  0.000e+00  0.000e+00  0.000e+00  2.890e+00  0.000e+00  0.000e+00  0.000e+00
 0.0828  4.63888e+00  2.456e+00  2.183e+00  0.000e+00  2.183e+00  0.000e+00  0.000e+00  0.000e+00  2.183e+00  0.000e+00  0.000e+00  0.000e+00
 0.0830  4.63785e+00  3.149e+00  1.489e+00  0.000e+00  1.489e+00  0.000e+00  0.000e+00  0.000e+00  1.489e+00  0.000e+00  0.000e+00  0.000e+00
 0.0832  4.63695e+00  3.764e+00  8.732e-01  0.000e+00  8.732e-01  0.000e+00  0.000e+00  0.000e+00  8.732e-01  0.000e+00  0.000e+00  0.000e+00
 0.0834  4.63624e+00  4.244e+00  3.925e-01  0.000e+00  3.925e-01  0.000e+00  0.000e+00  0.000e+00  3.925e-01  0.000e+00  0.000e+00  0.000e+00
 0.0836  4.63580e+00  4.543e+00  9.230e-02  0.000e+00  9.230e-02  0.000e+00  0.000e+00  0.000e+00  9.230e-02  0.000e+00  0.000e+00  0.000e+00
 0.0838  4.63566e+00  4.635e+00  6.770e-04  0.000e+00  6.770e-04  0.000e+00  0.000e+00  0.000e+00  6.770e-04  0.000e+00  0.000e+00  0.000e+00
 0.0840  4.63585e+00  4.510e+00  1.262e-01  0.000e+00  1.262e-01  0.000e+00  0.000e+00  0.000e+00  1.262e-01  0.000e+00  0.000e+00  0.000e+00
 0.0842  4.63633e+00  4.179e+00  4.571e-01  0.000e+00  4.571e-01  0.000e+00  0.000e+00  0.000e+00  4.571e-01  0.000e+00  0.000e+00  0.000e+00
 0.0844  4.63708e+00  3.675e+00  9.625e-01  0.000e+00  9.625e-01  0.000e+00  0.000e+00  0.000e+00  9.625e-01  0.000e+00  0.000e+00  0.000e+00
 0.0846  4.63801e+00  3.043e+00  1.595e+00  0.000e+00  1.595e+00  0.000e+00  0.000e+00  0.000e+00  1.595e+00  0.000e+00  0.000e+00  0.000e+00
 0.0848  4.63904e+00  2.344e+00  2.295e+00  0.000e+00  2.295e+00  0.000e+00  0.000e+00  0.000e+00  2.295e+00  0.000e+00  0.000e+00  0.000e+00
 0.0850  4.64008e+00  1.642e+00  2.998e+00  0.000e+00  2.998e+00  0.000e+00  0.000e+00  0.000e+00  2.998e+00  0.000e+00  0.000e+00  0.000e+00
 0.0852  4.64102e+00  1.003e+00  3.638e+00  0.000e+00  3.638e+00  0.000e+00  0.000e+00  0.000e+00  3.638e+00  0.000e+00  0.000e+00  0.000e+00
 0.0854  4.64178e+00  4.876e-01  4.154e+00  0.000e+00  4.154e+00  0.000e+00  0.000e+00  0.000e+00  4.154e+00  0.000e+00  0.000e+00  0.000e+00
 0.0856  4.64229e+00  1.433e-01  4.499e+00  0.000e+00  4.499e+00  0.000e+00  0.000e+00  0.000e+00  4.499e+00  0.000e+00  0.000e+00  0.000e+00
 0.0858  4.64249e+00  2.496e-03  4.640e+00  0.000e+00  4.640e+00  0.000e+00  0.000e+00  0.000e+00  4.640e+00  0.000e+00  0.000e+00  0.000e+00
 0.0860  4.64238e+00  7.831e-02  4.564e+00  0.000e+00  4.564e+00  0.000e+00  0.000e+00  0.000e+00  4.564e+00  0.000e+00  0.000e+00  0.000e+00
 0.0862  4.64196e+00  3.637e-01  4.278e+00  0.000e+00  4.278e+00  0.000e+00  0.000e+00  0.000e+00  4.278e+00  0.000e+00  0.000e+00  0.000e+00
 0.0864  4.64127e+00  8.319e-01  3.809e+00  0.000e+00  3.809e+00  0.000e+00  0.000e+00  0.000e+00  3.809e+00  0.000e+00  0.000e+00  0.000e+00
 0.0866  4.64037e+00  1.439e+00  3.201e+00  0.000e+00  3.201e+00  0.000e+00  0.000e+00  0.000e+00  3.201e+00  0.000e+00  0.000e+00  0.000e+00
 0.0868  4.63936e+00  2.129e+00  2.511e+00  0.000e+00  2.511e+00  0.000e+00  0.000e+00  0.000e+00  2.511e+00  0.000e+00  0.000e+00  0.000e+00
 0.0870  4.63831e+00  2.836e+00  1.802e+00  0.000e+00  1.802e+00  0.000e+00  0.000e+00  0.000e+00  1.802e+00  0.000e+00  0.000e+00  0.000e+00
 0.0872  4.63734e+00  3.495e+00  1.143e+00  0.000e+00  1.143e+00  0.000e+00  0.000e+00  0.000e+00  1.143e+00  0.000e+00  0.000e+00  0.000e+00
 0.0874  4.63653e+00  4.043e+00  5.934e-01  0.000e+00  5.934e-01  0.000e+00  0.000e+00  0.000e+00  5.934e-01  0.000e+00  0.000e+00  0.000e+00
 0.0876  4.63596e+00  4.430e+00  2.056e-01  0.000e+00  2.056e-01  0.000e+00  0.000e+00  0.000e+00  2.056e-01  0.000e+00  0.000e+00  0.000e+00
 0.0878  4.63568e+00  4.620e+00  1.587e-02  0.000e+00  1.587e-02  0.000e+00  0.000e+00  0.000e+00  1.587e-02  0.000e+00  0.000e+00  0.000e+00
 0.0880  4.63572e+00  4.594e+00  4.182e-02  0.000e+00  4.182e-02  0.000e+00  0.000e+00  0.000e+00  4.182e-02  0.000e+00  0.000e+00  0.000e+00
 0.0882  4.63607e+00  4.355e+00  2.811e-01  0.000e+00  2.811e-01  0.000e+00  0.000e+00  0.000e+00  2.811e-01  0.000e+00  0.000e+00  0.000e+00
 0.0884  4.63671e+00  3.925e+00  7.112e-01  0.000e+00  7.112e-01  0.000e+00  0.000e+00  0.000e+00  7.112e-01  0.000e+00  0.000e+00  0.000e+00
 0.0886  4.63756e+00  3.346e+00  1.292e+00  0.000e+00  1.292e+00  0.000e+00  0.000e+00  0.000e+00  1.292e+00  0.000e+00  0.000e+00  0.000e+00
 0.0888  4.63856e+00  2.669e+00  1.969e+00  0.000e+00  1.969e+00  0.000e+00  0.000e+00  0.000e+00  1.969e+00  0.000e+00  0.000e+00  0.000e+00
 0.0890  4.63961e+00  1.960e+00  2.679e+00  0.000e+00  2.679e+00  0.000e+00  0.000e+00  0.000e+00  2.679e+00  0.000e+00  0.000e+00  0.000e+00
 0.0892  4.64060e+00  1.285e+00  3.356e+00  0.000e+00  3.356e+00  0.000e+00  0.000e+00  0.000e+00  3.356e+00  0.000e+00  0.000e+00  0.000e+00
 0.0894  4.64146e+00  7.059e-01  3.936e+00  0.000e+00  3.936e+00  0.000e+00  0.000e+00  0.000e+00  3.936e+00  0.000e+00  0.000e+00  0.000e+00
 0.0896  4.64209e+00  2.778e-01  4.364e+00  0.000e+00  4.364e+00  0.000e+00  0.000e+00  0.000e+00  4.364e+00  0.000e+00  0.000e+00  0.000e+00
 0.0898  4.64244e+00  4.065e-02  4.602e+00  0.000e+00  4.602e+00  0.000e+00  0.000e+00  0.000e+00  4.602e+00  0.000e+00  0.000e+00  0.000e+00
 0.0900  4.64247e+00  1.654e-02  4.626e+00  0.000e+00  4.626e+00  0.000e+00  0.000e+00  0.000e+00  4.626e+00  0.000e+00  0.000e+00  0.000e+00
 0.0902  4.64219e+00  2.078e-01  4.434e+00  0.000e+00  4.434e+00  0.000e+00  0.000e+00  0.000e+00  4.434e+00  0.000e+00  0.000e+00  0.000e+00
 0.0904  4.64162e+00  5.965e-01  4.045e+00  0.000e+00  4.045e+00  0.000e+00  0.000e+00  0.000e+00  4.045e+00  0.000e+00  0.000e+00  0.000e+00
 0.0906  4.64081e+00  1.146e+00  3.495e+00  0.000e+00  3.495e+00  0.000e+00  0.000e+00  0.000e+00  3.495e+00  0.000e+00  0.000e+00  0.000e+00
 0.0908  4.63983e+00  1.806e+00  2.834e+00  0.000e+00  2.834e+00  0.000e+00  0.000e+00  0.000e+00  2.834e+00  0.000e+00  0.000e+00  0.000e+00
 0.0910  4.63879e+00  2.513e+00  2.126e+00  0.000e+00  2.126e+00  0.000e+00  0.000e+00  0.000e+00  2.126e+00  0.000e+00  0.000e+00  0.000e+00
 0.0912  4.63777e+00  3.202e+00  1.436e+00  0.000e+00  1.436e+00  0.000e+00  0.000e+00  0.000e+00  1.436e+00  0.000e+00  0.000e+00  0.000e+00
 0.0914  4.63688e+00  3.808e+00  8.286e-01  0.000e+00  8.286e-01  0.000e+00  0.000e+00  0.000e+00  8.286e-01  0.000e+00  0.000e+00  0.000e+00
 0.0916  4.63619e+00  4.275e+00  3.610e-01  0.000e+00  3.610e-01  0.000e+00  0.000e+00  0.000e+00  3.610e-01  0.000e+00  0.000e+00  0.000e+00
 0.0918  4.63577e+00  4.559e+00  7.690e-02  0.000e+00  7.690e-02  0.000e+00  0.000e+00  0.000e+00  7.690e-02  0.000e+00  0.000e+00  0.000e+00
 0.0920  4.63566e+00  4.633e+00  2.784e-03  0.000e+00  2.784e-03  0.000e+00  0.000e+00  0.000e+00  2.784e-03  0.000e+00  0.000e+00  0.000e+00
 0.0922  4.63587e+00  4.490e+00  1.456e-01  0.000e+00  1.456e-01  0.000e+00  0.000e+00  0.000e+00  1.456e-01  0.000e+00  0.000e+00  0.000e+00
 0.0924  4.63638e+00  4.144e+00  4.920e-01  0.000e+00  4.920e-01  0.000e+00  0.000e+00  0.000e+00  4.920e-01  0.000e+00  0.000e+00  0.000e+00
 0.0926  4.63715e+00  3.628e+00  1.010e+00  0.000e+00  1.010e+00  0.000e+00  0.000e+00  0.000e+00  1.010e+00  0.000e+00  0.000e+00  0.000e+00
 0.0928  4.63809e+00  2.988e+00  1.650e+00  0.000e+00  1.650e+00  0.000e+00  0.000e+00  0.000e+00  1.650e+00  0.000e+00  0.000e+00  0.000e+00
 0.0930  4.63912e+00  2.286e+00  2.353e+00  0.000e+00  2.353e+00  0.000e+00  0.000e+00  0.000e+00  2.353e+00  0.000e+00  0.000e+00  0.000e+00
 0.0932  4.64016e+00  1.587e+00  3.053e+00  0.000e+00  3.053e+00  0.000e+00  0.000e+00  0.000e+00  3.053e+00  0.000e+00  0.000e+00  0.000e+00
 0.0934  4.64109e+00  9.562e-01  3.685e+00  0.000e+00  3.685e+00  0.000e+00  0.000e+00  0.000e+00  3.685e+00  0.000e+00  0.000e+00  0.000e+00
 0.0936  4.64183e+00  4.529e-01  4.189e+00  0.000e+00  4.189e+00  0.000e+00  0.000e+00  0.000e+00  4.189e+00  0.000e+00  0.000e+00  0.000e+00
 0.0938  4.64231e+00  1.241e-01  4.518e+00  0.000e+00  4.518e+00  0.000e+00  0.000e+00  0.000e+00  4.518e+00  0.000e+00  0.000e+00  0.000e+00
 0.0940  4.64250e+00  5.401e-04  4.642e+00  0.000e+00  4.642e+00  0.000e+00  0.000e+00  0.000e+00  4.642e+00  0.000e+00  0.000e+00  0.000e+00
 0.0942  4.64236e+00  9.383e-02  4.549e+00  0.000e+00  4.549e+00  0.000e+00  0.000e+00  0.000e+00  4.549e+00  0.000e+00  0.000e+00  0.000e+00
 0.0944  4.64191e+00  3.952e-01  4.247e+00  0.000e+00  4.247e+00  0.000e+00  0.000e+00  0.000e+00  4.247e+00  0.000e+00  0.000e+00  0.000e+00
 0.0946  4.64120e+00  8.765e-01  3.765e+00  0.000e+00  3.765e+00  0.000e+00  0.000e+00  0.000e+00  3.765e+00  0.000e+00  0.000e+00  0.000e+00
 0.0948  4.64030e+00  1.493e+00  3.148e+00  0.000e+00  3.148e+00  0.000e+00  0.000e+00  0.000e+00  3.148e+00  0.000e+00  0.000e+00  0.000e+00
 0.0950  4.63927e+00  2.186e+00  2.453e+00  0.000e+00  2.453e+00  0.000e+00  0.000e+00  0.000e+00  2.453e+00  0.000e+00  0.000e+00  0.000e+00
 0.0952  4.63823e+00  2.892e+00  1.746e+00  0.000e+00  1.746e+00  0.000e+00  0.000e+00  0.000e+00  1.746e+00  0.000e+00  0.000e+00  0.000e+00
 0.0954  4.63727e+00  3.544e+00  1.093e+00  0.000e+00  1.093e+00  0.000e+00  0.000e+00  0.000e+00  1.093e+00  0.000e+00  0.000e+00  0.000e+00
 0.0956  4.63648e+00  4.081e+00  5.554e-01  0.000e+00  5.554e-01  0.000e+00  0.000e+00  0.000e+00  5.554e-01  0.000e+00  0.000e+00  0.000e+00
 0.0958  4.63593e+00  4.453e+00  1.826e-01  0.000e+00  1.826e-01  0.000e+00  0.000e+00  0.000e+00  1.826e-01  0.000e+00  0.000e+00  0.000e+00
 0.0960  4.63567e+00  4.626e+00  9.850e-03  0.000e+00  9.850e-03  0.000e+00  0.000e+00  0.000e+00  9.850e-03  0.000e+00  0.000e+00  0.000e+00
 0.0962  4.63574e+00  4.582e+00  5.342e-02  0.000e+00  5.342e-02  0.000e+00  0.000e+00  0.000e+00  5.342e-02  0.000e+00  0.000e+00  0.000e+00
 0.0964  4.63611e+00  4.327e+00  3.092e-01  0.000e+00  3.092e-01  0.000e+00  0.000e+00  0.000e+00  3.092e-01  0.000e+00  0.000e+00  0.000e+00
 0.0966  4.63677e+00  3.884e+00  7.532e-01  0.000e+00  7.532e-01  0.000e+00  0.000e+00  0.000e+00  7.532e-01  0.000e+00  0.000e+00  0.000e+00
 0.0968  4.63764e+00  3.294e+00  1.344e+00  0.000e+00  1.344e+00  0.000e+00  0.000e+00  0.000e+00  1.344e+00  0.000e+00  0.000e+00  0.000e+00
 0.0970  4.63864e+00  2.612e+00  2.026e+00  0.000e+00  2.026e+00  0.000e+00  0.000e+00  0.000e+00  2.026e+00  0.000e+00  0.000e+00  0.000e+00
 0.0972  4.63969e+00  1.904e+00  2.736e+00  0.000e+00  2.736e+00  0.000e+00  0.000e+00  0.000e+00  2.736e+00  0.000e+00  0.000e+00  0.000e+00
 0.0974  4.64068e+00  1.234e+00  3.407e+00  0.000e+00  3.407e+00  0.000e+00  0.000e+00  0.000e+00  3.407e+00  0.000e+00  0.000e+00  0.000e+00
 0.0976  4.64152e+00  6.651e-01  3.976e+00  0.000e+00  3.976e+00  0.000e+00  0.000e+00  0.000e+00  3.976e+00  0.000e+00  0.000e+00  0.000e+00
 0.0978  4.64213e+00  2.511e-01  4.391e+00  0.000e+00  4.391e+00  0.000e+00  0.000e+00  0.000e+00  4.391e+00  0.000e+00  0.000e+00  0.000e+00
 0.0980  4.64245e+00  3.062e-02  4.612e+00  0.000e+00  4.612e+00  0.000e+00  0.000e+00  0.000e+00  4.612e+00  0.000e+00  0.000e+00  0.000e+00
 0.0982  4.64246e+00  2.412e-02  4.618e+00  0.000e+00  4.618e+00  0.000e+00  0.000e+00  0.000e+00  4.618e+00  0.000e+00  0.000e+00  0.000e+00
 0.0984  4.64215e+00  2.322e-01  4.410e+00  0.000e+00  4.410e+00  0.000e+00  0.000e+00  0.000e+00  4.410e+00  0.000e+00  0.000e+00  0.000e+00
 0.0986  4.64156e+00  6.355e-01  4.006e+00  0.000e+00  4.006e+00  0.000e+00  0.000e+00  0.000e+00  4.006e+00  0.000e+00  0.000e+00  0.000e+00
 0.0988  4.64073e+00  1.196e+00  3.445e+00  0.000e+00  3.445e+00  0.000e+00  0.000e+00  0.000e+00  3.445e+00  0.000e+00  0.000e+00  0.000e+00
 0.0990  4.63975e+00  1.862e+00  2.778e+00  0.000e+00  2.778e+00  0.000e+00  0.000e+00  0.000e+00  2.778e+00  0.000e+00  0.000e+00  0.000e+00
 0.0992  4.63871e+00  2.570e+00  2.069e+00  0.000e+00  2.069e+00  0.000e+00  0.000e+00  0.000e+00  2.069e+00  0.000e+00  0.000e+00  0.000e+00
 0.0994  4.63770e+00  3.255e+00  1.383e+00  0.000e+00  1.383e+00  0.000e+00  0.000e+00  0.000e+00  1.383e+00  0.000e+00  0.000e+00  0.000e+00
 0.0996  4.63682e+00  3.852e+00  7.849e-01  0.000e+00  7.849e-01  0.000e+00  0.000e+00  0.000e+00  7.849e-01  0.000e+00  0.000e+00  0.000e+00
 0.0998  4.63615e+00  4.305e+00  3.308e-01  0.000e+00  3.308e-01  0.000e+00  0.000e+00  0.000e+00  3.308e-01  0.000e+00  0.000e+00  0.000e+00
 0.1000  4.63591e+00  4.464e+00  1.715e-01  0.000e+00  1.715e-01  0.000e+00  0.000e+00  0.000e+00  1.715e-01  0.000e+00  0.000e+00  0.000e+00
