# energy of h2o
#      conf       e_totale_nonbond    e_bonded    e_boundary       e_vdw      e_elst      e_bond     e_angle   e_tors        e_oop         1      0.000000      0.0000      0.0000      0.0000      0.0000      0.0000      0.0000      0.0000      0.0000      0.0000
        15      0.382445      0.0000      0.3824      0.0000      0.0000      0.0000      0.2700      0.1124      0.0000      0.0000
        30      0.672922      0.0000      0.6729      0.0000      0.0000      0.0000      0.5371      0.1358      0.0000      0.0000
        45      1.657364      0.0000      1.6574      0.0000      0.0000      0.0000      1.6226      0.0348      0.0000      0.0000
        60      0.644988      0.0000      0.6450      0.0000      0.0000      0.0000      0.6041      0.0409      0.0000      0.0000
        75      0.372562      0.0000      0.3726      0.0000      0.0000      0.0000      0.3723      0.0002      0.0000      0.0000
        90      0.399058      0.0000      0.3991      0.0000      0.0000      0.0000      0.3951      0.0040      0.0000      0.0000
       105      0.863536      0.0000      0.8635      0.0000      0.0000      0.0000      0.1732      0.6903      0.0000      0.0000
       120      0.627777      0.0000      0.6278      0.0000      0.0000      0.0000      0.6200      0.0077      0.0000      0.0000
       135      0.189402      0.0000      0.1894      0.0000      0.0000      0.0000      0.1464      0.0430      0.0000      0.0000
       150      0.290958      0.0000      0.2910      0.0000      0.0000      0.0000      0.2017      0.0893      0.0000      0.0000
       165      0.632683      0.0000      0.6327      0.0000      0.0000      0.0000      0.5909      0.0418      0.0000      0.0000
       180      0.012746      0.0000      0.0127      0.0000      0.0000      0.0000      0.0077      0.0050      0.0000      0.0000
       195      0.705560      0.0000      0.7056      0.0000      0.0000      0.0000      0.4042      0.3014      0.0000      0.0000
       210      0.501975      0.0000      0.5020      0.0000      0.0000      0.0000      0.4048      0.0972      0.0000      0.0000
       225      0.295034      0.0000      0.2950      0.0000      0.0000      0.0000      0.2872      0.0078      0.0000      0.0000
       240      0.187834      0.0000      0.1878      0.0000      0.0000      0.0000      0.1478      0.0401      0.0000      0.0000
       255      0.366894      0.0000      0.3669      0.0000      0.0000      0.0000      0.2765      0.0904      0.0000      0.0000
       270      0.088931      0.0000      0.0889      0.0000      0.0000      0.0000      0.0725      0.0164      0.0000      0.0000
       285      2.957256      0.0000      2.9573      0.0000      0.0000      0.0000      2.7244      0.2329      0.0000      0.0000
       300      0.400871      0.0000      0.4009      0.0000      0.0000      0.0000      0.3961      0.0048      0.0000      0.0000
       315      2.277315      0.0000      2.2773      0.0000      0.0000      0.0000      2.0798      0.1975      0.0000      0.0000
       330      0.188083      0.0000      0.1881      0.0000      0.0000      0.0000      0.1702      0.0179      0.0000      0.0000
       345      0.113071      0.0000      0.1131      0.0000      0.0000      0.0000      0.0751      0.0380      0.0000      0.0000
       360      0.525722      0.0000      0.5257      0.0000      0.0000      0.0000      0.5215      0.0042      0.0000      0.0000
       375      0.866765      0.0000      0.8668      0.0000      0.0000      0.0000      0.6468      0.2200      0.0000      0.0000
       390      0.643360      0.0000      0.6434      0.0000      0.0000      0.0000      0.5468      0.0966      0.0000      0.0000
       405      1.515671      0.0000      1.5157      0.0000      0.0000      0.0000      1.5156      0.0000      0.0000      0.0000
       420      1.627466      0.0000      1.6275      0.0000      0.0000      0.0000      1.3510      0.2765      0.0000      0.0000
       435      0.582182      0.0000      0.5822      0.0000      0.0000      0.0000      0.5694      0.0128      0.0000      0.0000
       450      1.147211      0.0000      1.1472      0.0000      0.0000      0.0000      1.1469      0.0003      0.0000      0.0000
       465      1.802589      0.0000      1.8026      0.0000      0.0000      0.0000      1.7053      0.0973      0.0000      0.0000
       480      0.412542      0.0000      0.4125      0.0000      0.0000      0.0000      0.3868      0.0257      0.0000      0.0000
       495      0.470244      0.0000      0.4702      0.0000      0.0000      0.0000      0.4545      0.0157      0.0000      0.0000
       510      0.729815      0.0000      0.7298      0.0000      0.0000      0.0000      0.6907      0.0392      0.0000      0.0000
       525      1.026571      0.0000      1.0266      0.0000      0.0000      0.0000      0.2008      0.8258      0.0000      0.0000
       540      0.813472      0.0000      0.8135      0.0000      0.0000      0.0000      0.2998      0.5137      0.0000      0.0000
       555      0.788800      0.0000      0.7888      0.0000      0.0000      0.0000      0.7731      0.0157      0.0000      0.0000
       570      0.624236      0.0000      0.6242      0.0000      0.0000      0.0000      0.0465      0.5777      0.0000      0.0000
       585      1.106891      0.0000      1.1069      0.0000      0.0000      0.0000      0.6636      0.4433      0.0000      0.0000
       600      1.458875      0.0000      1.4589      0.0000      0.0000      0.0000      0.7065      0.7524      0.0000      0.0000
       615      0.153849      0.0000      0.1538      0.0000      0.0000      0.0000      0.0709      0.0829      0.0000      0.0000
       630      0.641122      0.0000      0.6411      0.0000      0.0000      0.0000      0.4585      0.1826      0.0000      0.0000
       645      0.829043      0.0000      0.8290      0.0000      0.0000      0.0000      0.0376      0.7915      0.0000      0.0000
       660      1.785804      0.0000      1.7858      0.0000      0.0000      0.0000      1.2325      0.5533      0.0000      0.0000
       675      0.663648      0.0000      0.6636      0.0000      0.0000      0.0000      0.6209      0.0427      0.0000      0.0000
       690      0.581849      0.0000      0.5818      0.0000      0.0000      0.0000      0.1147      0.4671      0.0000      0.0000
       705      1.080388      0.0000      1.0804      0.0000      0.0000      0.0000      1.0199      0.0605      0.0000      0.0000
       720      1.173727      0.0000      1.1737      0.0000      0.0000      0.0000      0.8097      0.3640      0.0000      0.0000
       735      0.763886      0.0000      0.7639      0.0000      0.0000      0.0000      0.7421      0.0218      0.0000      0.0000
       750      0.975210      0.0000      0.9752      0.0000      0.0000      0.0000      0.5845      0.3907      0.0000      0.0000
       765      0.586155      0.0000      0.5862      0.0000      0.0000      0.0000      0.2538      0.3324      0.0000      0.0000
       780      0.090165      0.0000      0.0902      0.0000      0.0000      0.0000      0.0563      0.0338      0.0000      0.0000
       795      1.303995      0.0000      1.3040      0.0000      0.0000      0.0000      0.7217      0.5823      0.0000      0.0000
       810      1.514001      0.0000      1.5140      0.0000      0.0000      0.0000      0.1058      1.4082      0.0000      0.0000
       825      1.805005      0.0000      1.8050      0.0000      0.0000      0.0000      1.2888      0.5162      0.0000      0.0000
       840      1.624995      0.0000      1.6250      0.0000      0.0000      0.0000      1.1870      0.4380      0.0000      0.0000
       855      0.083952      0.0000      0.0840      0.0000      0.0000      0.0000      0.0824      0.0015      0.0000      0.0000
       870      0.310677      0.0000      0.3107      0.0000      0.0000      0.0000      0.2751      0.0356      0.0000      0.0000
       885      1.477559      0.0000      1.4776      0.0000      0.0000      0.0000      0.9141      0.5634      0.0000      0.0000
       900      0.848653      0.0000      0.8487      0.0000      0.0000      0.0000      0.3632      0.4854      0.0000      0.0000
       915      0.319925      0.0000      0.3199      0.0000      0.0000      0.0000      0.2227      0.0973      0.0000      0.0000
       930      1.721051      0.0000      1.7211      0.0000      0.0000      0.0000      1.1552      0.5658      0.0000      0.0000
       945      1.298440      0.0000      1.2984      0.0000      0.0000      0.0000      0.1715      1.1269      0.0000      0.0000
       960      0.141191      0.0000      0.1412      0.0000      0.0000      0.0000      0.1329      0.0083      0.0000      0.0000
       975      0.147692      0.0000      0.1477      0.0000      0.0000      0.0000      0.1363      0.0114      0.0000      0.0000
       990      0.252780      0.0000      0.2528      0.0000      0.0000      0.0000      0.1459      0.1069      0.0000      0.0000
      1005      3.083905      0.0000      3.0839      0.0000      0.0000      0.0000      0.8503      2.2336      0.0000      0.0000
      1020      1.096745      0.0000      1.0967      0.0000      0.0000      0.0000      0.6580      0.4388      0.0000      0.0000
      1035      1.058574      0.0000      1.0586      0.0000      0.0000      0.0000      1.0360      0.0225      0.0000      0.0000
      1050      1.865824      0.0000      1.8658      0.0000      0.0000      0.0000      0.9978      0.8680      0.0000      0.0000
      1065      3.300986      0.0000      3.3010      0.0000      0.0000      0.0000      0.2813      3.0197      0.0000      0.0000
      1080      0.261219      0.0000      0.2612      0.0000      0.0000      0.0000      0.2271      0.0341      0.0000      0.0000
      1095      0.409077      0.0000      0.4091      0.0000      0.0000      0.0000      0.2237      0.1854      0.0000      0.0000
      1110      1.107537      0.0000      1.1075      0.0000      0.0000      0.0000      1.1070      0.0006      0.0000      0.0000
      1125      0.852314      0.0000      0.8523      0.0000      0.0000      0.0000      0.8414      0.0109      0.0000      0.0000
      1140      2.116443      0.0000      2.1164      0.0000      0.0000      0.0000      1.6533      0.4631      0.0000      0.0000
      1155      0.445567      0.0000      0.4456      0.0000      0.0000      0.0000      0.3198      0.1258      0.0000      0.0000
      1170      1.697302      0.0000      1.6973      0.0000      0.0000      0.0000      1.6724      0.0249      0.0000      0.0000
      1185      1.205590      0.0000      1.2056      0.0000      0.0000      0.0000      0.3193      0.8862      0.0000      0.0000
      1200      0.463255      0.0000      0.4633      0.0000      0.0000      0.0000      0.1116      0.3517      0.0000      0.0000
      1215      0.131066      0.0000      0.1311      0.0000      0.0000      0.0000      0.1254      0.0057      0.0000      0.0000
      1230      0.412498      0.0000      0.4125      0.0000      0.0000      0.0000      0.0344      0.3781      0.0000      0.0000
      1245      0.203125      0.0000      0.2031      0.0000      0.0000      0.0000      0.0320      0.1711      0.0000      0.0000
      1260      1.828648      0.0000      1.8286      0.0000      0.0000      0.0000      1.6682      0.1605      0.0000      0.0000
      1275      0.381877      0.0000      0.3819      0.0000      0.0000      0.0000      0.3803      0.0016      0.0000      0.0000
      1290      0.432306      0.0000      0.4323      0.0000      0.0000      0.0000      0.4157      0.0166      0.0000      0.0000
      1305      0.475128      0.0000      0.4751      0.0000      0.0000      0.0000      0.0876      0.3876      0.0000      0.0000
      1320      0.085586      0.0000      0.0856      0.0000      0.0000      0.0000      0.0853      0.0003      0.0000      0.0000
      1335      0.341870      0.0000      0.3419      0.0000      0.0000      0.0000      0.1612      0.1807      0.0000      0.0000
      1350      0.633697      0.0000      0.6337      0.0000      0.0000      0.0000      0.5815      0.0522      0.0000      0.0000
      1365      0.573151      0.0000      0.5732      0.0000      0.0000      0.0000      0.4570      0.1162      0.0000      0.0000
      1380      0.938618      0.0000      0.9386      0.0000      0.0000      0.0000      0.6205      0.3182      0.0000      0.0000
      1395      1.068198      0.0000      1.0682      0.0000      0.0000      0.0000      0.9226      0.1456      0.0000      0.0000
      1410      0.513862      0.0000      0.5139      0.0000      0.0000      0.0000      0.1552      0.3587      0.0000      0.0000
      1425      0.020785      0.0000      0.0208      0.0000      0.0000      0.0000      0.0125      0.0083      0.0000      0.0000
      1440      0.112467      0.0000      0.1125      0.0000      0.0000      0.0000      0.0923      0.0201      0.0000      0.0000
      1455      0.357628      0.0000      0.3576      0.0000      0.0000      0.0000      0.1130      0.2446      0.0000      0.0000
      1470      1.533914      0.0000      1.5339      0.0000      0.0000      0.0000      1.4562      0.0777      0.0000      0.0000
      1485      0.150135      0.0000      0.1501      0.0000      0.0000      0.0000      0.0654      0.0848      0.0000      0.0000
      1500      0.369687      0.0000      0.3697      0.0000      0.0000      0.0000      0.1428      0.2269      0.0000      0.0000
      1515      0.344843      0.0000      0.3448      0.0000      0.0000      0.0000      0.2839      0.0609      0.0000      0.0000
      1530      0.734278      0.0000      0.7343      0.0000      0.0000      0.0000      0.0797      0.6546      0.0000      0.0000
      1545      0.779004      0.0000      0.7790      0.0000      0.0000      0.0000      0.2852      0.4938      0.0000      0.0000
      1560      0.266421      0.0000      0.2664      0.0000      0.0000      0.0000      0.2284      0.0380      0.0000      0.0000
      1575      0.742427      0.0000      0.7424      0.0000      0.0000      0.0000      0.7398      0.0026      0.0000      0.0000
      1590      0.786726      0.0000      0.7867      0.0000      0.0000      0.0000      0.6105      0.1762      0.0000      0.0000
      1605      0.070987      0.0000      0.0710      0.0000      0.0000      0.0000      0.0060      0.0650      0.0000      0.0000
      1620      0.850666      0.0000      0.8507      0.0000      0.0000      0.0000      0.8373      0.0134      0.0000      0.0000
      1635      1.525735      0.0000      1.5257      0.0000      0.0000      0.0000      1.0608      0.4649      0.0000      0.0000
      1650      0.923840      0.0000      0.9238      0.0000      0.0000      0.0000      0.7701      0.1537      0.0000      0.0000
      1665      1.679596      0.0000      1.6796      0.0000      0.0000      0.0000      0.4953      1.1843      0.0000      0.0000
      1680      1.056981      0.0000      1.0570      0.0000      0.0000      0.0000      1.0532      0.0038      0.0000      0.0000
      1695      0.674746      0.0000      0.6747      0.0000      0.0000      0.0000      0.2900      0.3847      0.0000      0.0000
      1710      0.853838      0.0000      0.8538      0.0000      0.0000      0.0000      0.5750      0.2789      0.0000      0.0000
      1725      2.655950      0.0000      2.6559      0.0000      0.0000      0.0000      2.6356      0.0204      0.0000      0.0000
      1740      0.201815      0.0000      0.2018      0.0000      0.0000      0.0000      0.1845      0.0173      0.0000      0.0000
      1755      0.091601      0.0000      0.0916      0.0000      0.0000      0.0000      0.0714      0.0202      0.0000      0.0000
      1770      0.935291      0.0000      0.9353      0.0000      0.0000      0.0000      0.4770      0.4583      0.0000      0.0000
      1785      1.010629      0.0000      1.0106      0.0000      0.0000      0.0000      0.9970      0.0136      0.0000      0.0000
      1800      1.495100      0.0000      1.4951      0.0000      0.0000      0.0000      1.4672      0.0279      0.0000      0.0000
      1815      0.446355      0.0000      0.4464      0.0000      0.0000      0.0000      0.4362      0.0101      0.0000      0.0000
      1830      0.567682      0.0000      0.5677      0.0000      0.0000      0.0000      0.0545      0.5131      0.0000      0.0000
      1845      1.428918      0.0000      1.4289      0.0000      0.0000      0.0000      0.9827      0.4462      0.0000      0.0000
      1860      0.788736      0.0000      0.7887      0.0000      0.0000      0.0000      0.7488      0.0400      0.0000      0.0000
      1875      0.658530      0.0000      0.6585      0.0000      0.0000      0.0000      0.6573      0.0013      0.0000      0.0000
      1890      3.189678      0.0000      3.1897      0.0000      0.0000      0.0000      1.3432      1.8465      0.0000      0.0000
      1905      0.925368      0.0000      0.9254      0.0000      0.0000      0.0000      0.9138      0.0116      0.0000      0.0000
      1920      0.162253      0.0000      0.1623      0.0000      0.0000      0.0000      0.0241      0.1382      0.0000      0.0000
      1935      1.771082      0.0000      1.7711      0.0000      0.0000      0.0000      1.0101      0.7610      0.0000      0.0000
      1950      0.067769      0.0000      0.0678      0.0000      0.0000      0.0000      0.0024      0.0653      0.0000      0.0000
      1965      3.501523      0.0000      3.5015      0.0000      0.0000      0.0000      2.8410      0.6605      0.0000      0.0000
      1980      0.257616      0.0000      0.2576      0.0000      0.0000      0.0000      0.2528      0.0048      0.0000      0.0000
      1995      2.111881      0.0000      2.1119      0.0000      0.0000      0.0000      0.8896      1.2223      0.0000      0.0000
      2010      0.552723      0.0000      0.5527      0.0000      0.0000      0.0000      0.4386      0.1141      0.0000      0.0000
      2025      0.702668      0.0000      0.7027      0.0000      0.0000      0.0000      0.0991      0.6036      0.0000      0.0000
      2040      0.878204      0.0000      0.8782      0.0000      0.0000      0.0000      0.8070      0.0712      0.0000      0.0000
      2055      0.399668      0.0000      0.3997      0.0000      0.0000      0.0000      0.3600      0.0397      0.0000      0.0000
      2070      0.142590      0.0000      0.1426      0.0000      0.0000      0.0000      0.0868      0.0558      0.0000      0.0000
      2085      1.090811      0.0000      1.0908      0.0000      0.0000      0.0000      0.3706      0.7203      0.0000      0.0000
      2100      1.225813      0.0000      1.2258      0.0000      0.0000      0.0000      0.6501      0.5757      0.0000      0.0000
      2115      0.063649      0.0000      0.0636      0.0000      0.0000      0.0000      0.0405      0.0232      0.0000      0.0000
      2130      0.349536      0.0000      0.3495      0.0000      0.0000      0.0000      0.3352      0.0144      0.0000      0.0000
      2145      0.577568      0.0000      0.5776      0.0000      0.0000      0.0000      0.3409      0.2366      0.0000      0.0000
      2160      0.433961      0.0000      0.4340      0.0000      0.0000      0.0000      0.3690      0.0650      0.0000      0.0000
      2175      0.568053      0.0000      0.5681      0.0000      0.0000      0.0000      0.1480      0.4201      0.0000      0.0000
      2190      0.088560      0.0000      0.0886      0.0000      0.0000      0.0000      0.0608      0.0277      0.0000      0.0000
      2205      2.593981      0.0000      2.5940      0.0000      0.0000      0.0000      1.5836      1.0104      0.0000      0.0000
      2220      0.954083      0.0000      0.9541      0.0000      0.0000      0.0000      0.7501      0.2040      0.0000      0.0000
      2235      0.089266      0.0000      0.0893      0.0000      0.0000      0.0000      0.0439      0.0454      0.0000      0.0000
      2250      1.311655      0.0000      1.3117      0.0000      0.0000      0.0000      1.3068      0.0049      0.0000      0.0000
      2265      1.249316      0.0000      1.2493      0.0000      0.0000      0.0000      1.1155      0.1338      0.0000      0.0000
      2280      1.198386      0.0000      1.1984      0.0000      0.0000      0.0000      1.1052      0.0931      0.0000      0.0000
      2295      1.755794      0.0000      1.7558      0.0000      0.0000      0.0000      0.6391      1.1167      0.0000      0.0000
      2310      1.188311      0.0000      1.1883      0.0000      0.0000      0.0000      1.0541      0.1342      0.0000      0.0000
      2325      0.670743      0.0000      0.6707      0.0000      0.0000      0.0000      0.3372      0.3336      0.0000      0.0000
      2340      0.889242      0.0000      0.8892      0.0000      0.0000      0.0000      0.7772      0.1121      0.0000      0.0000
      2355      0.974891      0.0000      0.9749      0.0000      0.0000      0.0000      0.2938      0.6811      0.0000      0.0000
      2370      0.215276      0.0000      0.2153      0.0000      0.0000      0.0000      0.0934      0.1218      0.0000      0.0000
      2385      0.743596      0.0000      0.7436      0.0000      0.0000      0.0000      0.4694      0.2742      0.0000      0.0000
      2400      0.715188      0.0000      0.7152      0.0000      0.0000      0.0000      0.5774      0.1378      0.0000      0.0000
      2415      3.280282      0.0000      3.2803      0.0000      0.0000      0.0000      2.0868      1.1935      0.0000      0.0000
      2430      0.699698      0.0000      0.6997      0.0000      0.0000      0.0000      0.5974      0.1023      0.0000      0.0000
      2445      1.969401      0.0000      1.9694      0.0000      0.0000      0.0000      1.4708      0.4986      0.0000      0.0000
      2460      0.750912      0.0000      0.7509      0.0000      0.0000      0.0000      0.5733      0.1776      0.0000      0.0000
      2475      0.494545      0.0000      0.4945      0.0000      0.0000      0.0000      0.4745      0.0201      0.0000      0.0000
      2490      2.882212      0.0000      2.8822      0.0000      0.0000      0.0000      1.8670      1.0152      0.0000      0.0000
      2505      0.533379      0.0000      0.5334      0.0000      0.0000      0.0000      0.5326      0.0008      0.0000      0.0000
      2520      0.292927      0.0000      0.2929      0.0000      0.0000      0.0000      0.0013      0.2916      0.0000      0.0000
      2535      1.339551      0.0000      1.3396      0.0000      0.0000      0.0000      0.8011      0.5385      0.0000      0.0000
      2550      0.655129      0.0000      0.6551      0.0000      0.0000      0.0000      0.4120      0.2431      0.0000      0.0000
      2565      0.853954      0.0000      0.8540      0.0000      0.0000      0.0000      0.1929      0.6611      0.0000      0.0000
      2580      1.208257      0.0000      1.2083      0.0000      0.0000      0.0000      0.2775      0.9308      0.0000      0.0000
      2595      1.829258      0.0000      1.8293      0.0000      0.0000      0.0000      0.1628      1.6665      0.0000      0.0000
      2610      0.791043      0.0000      0.7910      0.0000      0.0000      0.0000      0.5187      0.2724      0.0000      0.0000
      2625      1.266275      0.0000      1.2663      0.0000      0.0000      0.0000      0.9418      0.3244      0.0000      0.0000
      2640      1.051610      0.0000      1.0516      0.0000      0.0000      0.0000      0.9482      0.1034      0.0000      0.0000
      2655      1.173779      0.0000      1.1738      0.0000      0.0000      0.0000      0.6910      0.4828      0.0000      0.0000
      2670      0.361248      0.0000      0.3612      0.0000      0.0000      0.0000      0.3572      0.0040      0.0000      0.0000
      2685      0.848562      0.0000      0.8486      0.0000      0.0000      0.0000      0.0748      0.7738      0.0000      0.0000
      2700      1.336871      0.0000      1.3369      0.0000      0.0000      0.0000      1.0108      0.3260      0.0000      0.0000
      2715      0.593483      0.0000      0.5935      0.0000      0.0000      0.0000      0.3369      0.2566      0.0000      0.0000
      2730      0.126640      0.0000      0.1266      0.0000      0.0000      0.0000      0.1205      0.0061      0.0000      0.0000
      2745      0.654684      0.0000      0.6547      0.0000      0.0000      0.0000      0.3830      0.2717      0.0000      0.0000
      2760      0.295837      0.0000      0.2958      0.0000      0.0000      0.0000      0.0473      0.2486      0.0000      0.0000
      2775      1.073324      0.0000      1.0733      0.0000      0.0000      0.0000      0.7731      0.3002      0.0000      0.0000
      2790      0.618454      0.0000      0.6185      0.0000      0.0000      0.0000      0.0049      0.6136      0.0000      0.0000
      2805      2.300661      0.0000      2.3007      0.0000      0.0000      0.0000      2.2918      0.0089      0.0000      0.0000
      2820      0.352514      0.0000      0.3525      0.0000      0.0000      0.0000      0.2908      0.0617      0.0000      0.0000
      2835      0.247319      0.0000      0.2473      0.0000      0.0000      0.0000      0.2459      0.0014      0.0000      0.0000
      2850      3.012659      0.0000      3.0127      0.0000      0.0000      0.0000      1.6066      1.4061      0.0000      0.0000
      2865      0.376492      0.0000      0.3765      0.0000      0.0000      0.0000      0.1961      0.1804      0.0000      0.0000
      2880      0.184148      0.0000      0.1841      0.0000      0.0000      0.0000      0.0844      0.0997      0.0000      0.0000
      2895      0.242113      0.0000      0.2421      0.0000      0.0000      0.0000      0.0103      0.2318      0.0000      0.0000
      2910      0.227526      0.0000      0.2275      0.0000      0.0000      0.0000      0.1619      0.0656      0.0000      0.0000
      2925      0.442886      0.0000      0.4429      0.0000      0.0000      0.0000      0.1834      0.2595      0.0000      0.0000
      2940      2.193502      0.0000      2.1935      0.0000      0.0000      0.0000      1.1427      1.0508      0.0000      0.0000
      2955      0.853889      0.0000      0.8539      0.0000      0.0000      0.0000      0.7763      0.0776      0.0000      0.0000
      2970      0.048963      0.0000      0.0490      0.0000      0.0000      0.0000      0.0449      0.0041      0.0000      0.0000
      2985      1.372398      0.0000      1.3724      0.0000      0.0000      0.0000      0.5324      0.8400      0.0000      0.0000
      3000      0.583810      0.0000      0.5838      0.0000      0.0000      0.0000      0.2784      0.3054      0.0000      0.0000
      3015      2.182889      0.0000      2.1829      0.0000      0.0000      0.0000      1.3166      0.8663      0.0000      0.0000
      3030      0.311767      0.0000      0.3118      0.0000      0.0000      0.0000      0.3117      0.0001      0.0000      0.0000
      3045      0.431957      0.0000      0.4320      0.0000      0.0000      0.0000      0.2725      0.1594      0.0000      0.0000
      3060      1.628669      0.0000      1.6287      0.0000      0.0000      0.0000      1.6080      0.0207      0.0000      0.0000
      3075      0.985969      0.0000      0.9860      0.0000      0.0000      0.0000      0.5230      0.4630      0.0000      0.0000
      3090      3.255115      0.0000      3.2551      0.0000      0.0000      0.0000      2.9325      0.3226      0.0000      0.0000
      3105      1.791623      0.0000      1.7916      0.0000      0.0000      0.0000      1.6214      0.1702      0.0000      0.0000
      3120      1.949966      0.0000      1.9500      0.0000      0.0000      0.0000      1.6206      0.3293      0.0000      0.0000
      3135      3.281985      0.0000      3.2820      0.0000      0.0000      0.0000      1.9630      1.3190      0.0000      0.0000
      3150      0.606188      0.0000      0.6062      0.0000      0.0000      0.0000      0.5099      0.0963      0.0000      0.0000
      3165      0.404862      0.0000      0.4049      0.0000      0.0000      0.0000      0.3892      0.0156      0.0000      0.0000
      3180      0.474750      0.0000      0.4748      0.0000      0.0000      0.0000      0.2511      0.2237      0.0000      0.0000
      3195      1.403044      0.0000      1.4030      0.0000      0.0000      0.0000      0.9584      0.4446      0.0000      0.0000
      3210      0.615342      0.0000      0.6153      0.0000      0.0000      0.0000      0.0678      0.5476      0.0000      0.0000
      3225      1.031275      0.0000      1.0313      0.0000      0.0000      0.0000      0.9628      0.0684      0.0000      0.0000
      3240      0.515252      0.0000      0.5153      0.0000      0.0000      0.0000      0.4897      0.0255      0.0000      0.0000
      3255      2.263301      0.0000      2.2633      0.0000      0.0000      0.0000      2.0539      0.2094      0.0000      0.0000
      3270      2.256421      0.0000      2.2564      0.0000      0.0000      0.0000      2.2069      0.0495      0.0000      0.0000
      3285      0.235475      0.0000      0.2355      0.0000      0.0000      0.0000      0.1946      0.0408      0.0000      0.0000
      3300      1.501501      0.0000      1.5015      0.0000      0.0000      0.0000      0.6185      0.8830      0.0000      0.0000
      3315      1.378726      0.0000      1.3787      0.0000      0.0000      0.0000      1.1199      0.2588      0.0000      0.0000
      3330      1.066792      0.0000      1.0668      0.0000      0.0000      0.0000      0.9195      0.1473      0.0000      0.0000
      3345      1.739556      0.0000      1.7396      0.0000      0.0000      0.0000      0.6969      1.0427      0.0000      0.0000
      3360      0.520610      0.0000      0.5206      0.0000      0.0000      0.0000      0.4728      0.0478      0.0000      0.0000
      3375      2.240597      0.0000      2.2406      0.0000      0.0000      0.0000      2.1084      0.1322      0.0000      0.0000
      3390      1.959747      0.0000      1.9597      0.0000      0.0000      0.0000      0.5350      1.4247      0.0000      0.0000
      3405      0.441609      0.0000      0.4416      0.0000      0.0000      0.0000      0.3997      0.0419      0.0000      0.0000
      3420      0.458300      0.0000      0.4583      0.0000      0.0000      0.0000      0.3847      0.0736      0.0000      0.0000
      3435      0.698952      0.0000      0.6990      0.0000      0.0000      0.0000      0.2204      0.4785      0.0000      0.0000
      3450      0.028507      0.0000      0.0285      0.0000      0.0000      0.0000      0.0066      0.0219      0.0000      0.0000
      3465      1.062841      0.0000      1.0628      0.0000      0.0000      0.0000      0.9587      0.1041      0.0000      0.0000
      3480      0.275633      0.0000      0.2756      0.0000      0.0000      0.0000      0.0534      0.2222      0.0000      0.0000
      3495      0.126307      0.0000      0.1263      0.0000      0.0000      0.0000      0.0138      0.1126      0.0000      0.0000
      3510      1.456733      0.0000      1.4567      0.0000      0.0000      0.0000      0.9265      0.5302      0.0000      0.0000
      3525      0.660756      0.0000      0.6608      0.0000      0.0000      0.0000      0.0801      0.5807      0.0000      0.0000
      3540      0.885844      0.0000      0.8858      0.0000      0.0000      0.0000      0.8418      0.0440      0.0000      0.0000
      3555      1.026014      0.0000      1.0260      0.0000      0.0000      0.0000      0.9375      0.0885      0.0000      0.0000
      3570      0.811951      0.0000      0.8120      0.0000      0.0000      0.0000      0.6902      0.1218      0.0000      0.0000
      3585      1.276365      0.0000      1.2764      0.0000      0.0000      0.0000      1.1990      0.0774      0.0000      0.0000
      3600      0.809995      0.0000      0.8100      0.0000      0.0000      0.0000      0.7129      0.0971      0.0000      0.0000
      3615      0.861169      0.0000      0.8612      0.0000      0.0000      0.0000      0.7305      0.1307      0.0000      0.0000
      3630      0.123095      0.0000      0.1231      0.0000      0.0000      0.0000      0.0618      0.0613      0.0000      0.0000
      3645      1.315543      0.0000      1.3155      0.0000      0.0000      0.0000      0.4996      0.8160      0.0000      0.0000
      3660      0.853897      0.0000      0.8539      0.0000      0.0000      0.0000      0.6786      0.1753      0.0000      0.0000
      3675      0.881671      0.0000      0.8817      0.0000      0.0000      0.0000      0.7633      0.1184      0.0000      0.0000
      3690      0.359006      0.0000      0.3590      0.0000      0.0000      0.0000      0.2790      0.0800      0.0000      0.0000
      3705      0.490446      0.0000      0.4904      0.0000      0.0000      0.0000      0.1203      0.3702      0.0000      0.0000
      3720      1.077611      0.0000      1.0776      0.0000      0.0000      0.0000      1.0078      0.0698      0.0000      0.0000
      3735      0.970838      0.0000      0.9708      0.0000      0.0000      0.0000      0.9130      0.0578      0.0000      0.0000
      3750      0.877759      0.0000      0.8778      0.0000      0.0000      0.0000      0.8646      0.0132      0.0000      0.0000
      3765      1.669138      0.0000      1.6691      0.0000      0.0000      0.0000      1.1817      0.4874      0.0000      0.0000
      3780      0.192207      0.0000      0.1922      0.0000      0.0000      0.0000      0.1892      0.0030      0.0000      0.0000
      3795      2.072324      0.0000      2.0723      0.0000      0.0000      0.0000      1.8115      0.2608      0.0000      0.0000
      3810      0.484592      0.0000      0.4846      0.0000      0.0000      0.0000      0.2602      0.2244      0.0000      0.0000
      3825      0.065725      0.0000      0.0657      0.0000      0.0000      0.0000      0.0657      0.0000      0.0000      0.0000
      3840      2.353187      0.0000      2.3532      0.0000      0.0000      0.0000      1.1458      1.2074      0.0000      0.0000
      3855      0.303524      0.0000      0.3035      0.0000      0.0000      0.0000      0.2428      0.0607      0.0000      0.0000
      3870      0.779371      0.0000      0.7794      0.0000      0.0000      0.0000      0.4761      0.3032      0.0000      0.0000
      3885      0.447105      0.0000      0.4471      0.0000      0.0000      0.0000      0.3866      0.0605      0.0000      0.0000
      3900      0.235103      0.0000      0.2351      0.0000      0.0000      0.0000      0.2348      0.0003      0.0000      0.0000
      3915      0.371710      0.0000      0.3717      0.0000      0.0000      0.0000      0.3464      0.0253      0.0000      0.0000
      3930      0.346141      0.0000      0.3461      0.0000      0.0000      0.0000      0.2988      0.0473      0.0000      0.0000
      3945      1.376490      0.0000      1.3765      0.0000      0.0000      0.0000      1.3416      0.0349      0.0000      0.0000
      3960      1.829454      0.0000      1.8295      0.0000      0.0000      0.0000      1.8015      0.0280      0.0000      0.0000
      3975      1.202642      0.0000      1.2026      0.0000      0.0000      0.0000      1.0874      0.1153      0.0000      0.0000
      3990      1.401226      0.0000      1.4012      0.0000      0.0000      0.0000      0.6359      0.7653      0.0000      0.0000
      4005      0.227983      0.0000      0.2280      0.0000      0.0000      0.0000      0.2084      0.0196      0.0000      0.0000
      4020      3.796977      0.0000      3.7970      0.0000      0.0000      0.0000      2.8157      0.9813      0.0000      0.0000
      4035      3.170234      0.0000      3.1702      0.0000      0.0000      0.0000      3.1673      0.0030      0.0000      0.0000
      4050      1.614892      0.0000      1.6149      0.0000      0.0000      0.0000      0.0728      1.5421      0.0000      0.0000
      4065      0.211899      0.0000      0.2119      0.0000      0.0000      0.0000      0.1941      0.0178      0.0000      0.0000
      4080      0.688405      0.0000      0.6884      0.0000      0.0000      0.0000      0.1979      0.4905      0.0000      0.0000
      4095      0.321362      0.0000      0.3214      0.0000      0.0000      0.0000      0.2450      0.0763      0.0000      0.0000
      4110      0.859920      0.0000      0.8599      0.0000      0.0000      0.0000      0.6195      0.2404      0.0000      0.0000
      4125      0.977165      0.0000      0.9772      0.0000      0.0000      0.0000      0.9546      0.0225      0.0000      0.0000
      4140      0.909412      0.0000      0.9094      0.0000      0.0000      0.0000      0.2524      0.6570      0.0000      0.0000
      4155      0.941500      0.0000      0.9415      0.0000      0.0000      0.0000      0.8934      0.0481      0.0000      0.0000
      4170      2.493196      0.0000      2.4932      0.0000      0.0000      0.0000      1.2829      1.2103      0.0000      0.0000
      4185      0.672709      0.0000      0.6727      0.0000      0.0000      0.0000      0.4097      0.2630      0.0000      0.0000
      4200      0.213609      0.0000      0.2136      0.0000      0.0000      0.0000      0.1278      0.0858      0.0000      0.0000
      4215      1.109127      0.0000      1.1091      0.0000      0.0000      0.0000      1.1082      0.0009      0.0000      0.0000
      4230      1.294991      0.0000      1.2950      0.0000      0.0000      0.0000      1.1825      0.1125      0.0000      0.0000
      4245      0.239562      0.0000      0.2396      0.0000      0.0000      0.0000      0.2362      0.0034      0.0000      0.0000
      4260      0.928154      0.0000      0.9282      0.0000      0.0000      0.0000      0.9037      0.0244      0.0000      0.0000
      4275      0.282979      0.0000      0.2830      0.0000      0.0000      0.0000      0.1694      0.1135      0.0000      0.0000
      4290      2.836966      0.0000      2.8370      0.0000      0.0000      0.0000      1.1544      1.6826      0.0000      0.0000
      4305      0.841976      0.0000      0.8420      0.0000      0.0000      0.0000      0.8416      0.0004      0.0000      0.0000
      4320      1.607852      0.0000      1.6079      0.0000      0.0000      0.0000      1.5861      0.0217      0.0000      0.0000
      4335      2.507359      0.0000      2.5074      0.0000      0.0000      0.0000      2.1967      0.3107      0.0000      0.0000
      4350      0.015945      0.0000      0.0159      0.0000      0.0000      0.0000      0.0113      0.0047      0.0000      0.0000
      4365      0.251882      0.0000      0.2519      0.0000      0.0000      0.0000      0.2420      0.0099      0.0000      0.0000
      4380      1.644325      0.0000      1.6443      0.0000      0.0000      0.0000      1.4826      0.1618      0.0000      0.0000
      4395      0.235794      0.0000      0.2358      0.0000      0.0000      0.0000      0.1970      0.0388      0.0000      0.0000
      4410      1.079636      0.0000      1.0796      0.0000      0.0000      0.0000      1.0780      0.0016      0.0000      0.0000
      4425      0.413062      0.0000      0.4131      0.0000      0.0000      0.0000      0.1800      0.2330      0.0000      0.0000
      4440      0.356810      0.0000      0.3568      0.0000      0.0000      0.0000      0.1146      0.2422      0.0000      0.0000
      4455      0.395985      0.0000      0.3960      0.0000      0.0000      0.0000      0.3942      0.0018      0.0000      0.0000
      4470      1.681180      0.0000      1.6812      0.0000      0.0000      0.0000      1.5306      0.1506      0.0000      0.0000
      4485      1.053357      0.0000      1.0534      0.0000      0.0000      0.0000      0.9967      0.0566      0.0000      0.0000
      4500      1.040936      0.0000      1.0409      0.0000      0.0000      0.0000      0.6866      0.3544      0.0000      0.0000
      4515      3.043809      0.0000      3.0438      0.0000      0.0000      0.0000      2.8765      0.1673      0.0000      0.0000
      4530      0.154615      0.0000      0.1546      0.0000      0.0000      0.0000      0.0126      0.1420      0.0000      0.0000
      4545      0.677077      0.0000      0.6771      0.0000      0.0000      0.0000      0.2838      0.3933      0.0000      0.0000
      4560      2.699340      0.0000      2.6993      0.0000      0.0000      0.0000      1.3215      1.3779      0.0000      0.0000
      4575      1.599926      0.0000      1.5999      0.0000      0.0000      0.0000      0.3080      1.2920      0.0000      0.0000
      4590      2.457748      0.0000      2.4577      0.0000      0.0000      0.0000      0.7589      1.6988      0.0000      0.0000
      4605      0.677478      0.0000      0.6775      0.0000      0.0000      0.0000      0.4040      0.2735      0.0000      0.0000
      4620      1.298985      0.0000      1.2990      0.0000      0.0000      0.0000      1.2981      0.0009      0.0000      0.0000
      4635      0.865358      0.0000      0.8654      0.0000      0.0000      0.0000      0.8447      0.0206      0.0000      0.0000
      4650      0.515139      0.0000      0.5151      0.0000      0.0000      0.0000      0.0592      0.4559      0.0000      0.0000
      4665      1.537957      0.0000      1.5380      0.0000      0.0000      0.0000      1.1841      0.3538      0.0000      0.0000
      4680      0.012340      0.0000      0.0123      0.0000      0.0000      0.0000      0.0022      0.0102      0.0000      0.0000
      4695      0.689752      0.0000      0.6898      0.0000      0.0000      0.0000      0.6372      0.0525      0.0000      0.0000
      4710      0.290075      0.0000      0.2901      0.0000      0.0000      0.0000      0.2873      0.0028      0.0000      0.0000
      4725      0.540813      0.0000      0.5408      0.0000      0.0000      0.0000      0.4373      0.1035      0.0000      0.0000
      4740      1.376938      0.0000      1.3769      0.0000      0.0000      0.0000      0.2456      1.1314      0.0000      0.0000
      4755      0.190877      0.0000      0.1909      0.0000      0.0000      0.0000      0.0736      0.1173      0.0000      0.0000
      4770      1.627044      0.0000      1.6270      0.0000      0.0000      0.0000      1.3514      0.2757      0.0000      0.0000
      4785      1.193938      0.0000      1.1939      0.0000      0.0000      0.0000      0.2258      0.9682      0.0000      0.0000
      4800      0.373138      0.0000      0.3731      0.0000      0.0000      0.0000      0.1023      0.2709      0.0000      0.0000
      4815      2.803979      0.0000      2.8040      0.0000      0.0000      0.0000      2.1409      0.6631      0.0000      0.0000
      4830      0.192507      0.0000      0.1925      0.0000      0.0000      0.0000      0.1100      0.0825      0.0000      0.0000
      4845      0.898221      0.0000      0.8982      0.0000      0.0000      0.0000      0.3234      0.5748      0.0000      0.0000
      4860      1.623908      0.0000      1.6239      0.0000      0.0000      0.0000      1.5750      0.0489      0.0000      0.0000
      4875      3.187570      0.0000      3.1876      0.0000      0.0000      0.0000      2.6753      0.5123      0.0000      0.0000
      4890      0.289545      0.0000      0.2895      0.0000      0.0000      0.0000      0.0448      0.2447      0.0000      0.0000
      4905      0.422292      0.0000      0.4223      0.0000      0.0000      0.0000      0.2669      0.1554      0.0000      0.0000
      4920      0.077471      0.0000      0.0775      0.0000      0.0000      0.0000      0.0506      0.0269      0.0000      0.0000
      4935      1.022972      0.0000      1.0230      0.0000      0.0000      0.0000      0.8619      0.1610      0.0000      0.0000
      4950      1.526711      0.0000      1.5267      0.0000      0.0000      0.0000      1.5248      0.0019      0.0000      0.0000
      4965      0.691298      0.0000      0.6913      0.0000      0.0000      0.0000      0.0885      0.6028      0.0000      0.0000
      4980      0.177714      0.0000      0.1777      0.0000      0.0000      0.0000      0.0665      0.1112      0.0000      0.0000
      4995      0.431571      0.0000      0.4316      0.0000      0.0000      0.0000      0.4309      0.0007      0.0000      0.0000
      5010      0.631344      0.0000      0.6313      0.0000      0.0000      0.0000      0.6256      0.0057      0.0000      0.0000
      5025      1.353851      0.0000      1.3539      0.0000      0.0000      0.0000      0.9014      0.4524      0.0000      0.0000
      5040      0.357116      0.0000      0.3571      0.0000      0.0000      0.0000      0.3225      0.0346      0.0000      0.0000
      5055      0.645863      0.0000      0.6459      0.0000      0.0000      0.0000      0.3874      0.2585      0.0000      0.0000
      5070      0.384623      0.0000      0.3846      0.0000      0.0000      0.0000      0.3845      0.0001      0.0000      0.0000
      5085      0.176441      0.0000      0.1764      0.0000      0.0000      0.0000      0.1548      0.0216      0.0000      0.0000
      5100      0.587335      0.0000      0.5873      0.0000      0.0000      0.0000      0.5158      0.0716      0.0000      0.0000
      5115      0.901524      0.0000      0.9015      0.0000      0.0000      0.0000      0.8995      0.0020      0.0000      0.0000
      5130      0.325129      0.0000      0.3251      0.0000      0.0000      0.0000      0.2502      0.0749      0.0000      0.0000
      5145      1.529651      0.0000      1.5297      0.0000      0.0000      0.0000      1.3972      0.1325      0.0000      0.0000
      5160      0.171794      0.0000      0.1718      0.0000      0.0000      0.0000      0.1604      0.0114      0.0000      0.0000
      5175      0.195104      0.0000      0.1951      0.0000      0.0000      0.0000      0.1826      0.0125      0.0000      0.0000
      5190      1.277478      0.0000      1.2775      0.0000      0.0000      0.0000      1.1279      0.1495      0.0000      0.0000
      5205      1.940986      0.0000      1.9410      0.0000      0.0000      0.0000      1.5481      0.3929      0.0000      0.0000
      5220      0.943358      0.0000      0.9434      0.0000      0.0000      0.0000      0.9412      0.0021      0.0000      0.0000
      5235      1.601298      0.0000      1.6013      0.0000      0.0000      0.0000      1.4224      0.1789      0.0000      0.0000
      5250      0.312083      0.0000      0.3121      0.0000      0.0000      0.0000      0.3048      0.0073      0.0000      0.0000
      5265      0.656765      0.0000      0.6568      0.0000      0.0000      0.0000      0.3578      0.2990      0.0000      0.0000
      5280      2.983490      0.0000      2.9835      0.0000      0.0000      0.0000      2.9834      0.0001      0.0000      0.0000
      5295      3.140531      0.0000      3.1405      0.0000      0.0000      0.0000      2.5181      0.6224      0.0000      0.0000
      5310      2.857225      0.0000      2.8572      0.0000      0.0000      0.0000      0.2847      2.5725      0.0000      0.0000
      5325      0.232649      0.0000      0.2326      0.0000      0.0000      0.0000      0.1178      0.1148      0.0000      0.0000
      5340      1.161497      0.0000      1.1615      0.0000      0.0000      0.0000      1.0243      0.1372      0.0000      0.0000
      5355      0.594877      0.0000      0.5949      0.0000      0.0000      0.0000      0.5165      0.0784      0.0000      0.0000
      5370      0.358787      0.0000      0.3588      0.0000      0.0000      0.0000      0.3498      0.0090      0.0000      0.0000
      5385      0.816666      0.0000      0.8167      0.0000      0.0000      0.0000      0.6637      0.1529      0.0000      0.0000
      5400      0.671221      0.0000      0.6712      0.0000      0.0000      0.0000      0.3065      0.3647      0.0000      0.0000
      5415      1.547833      0.0000      1.5478      0.0000      0.0000      0.0000      1.4513      0.0965      0.0000      0.0000
      5430      1.262030      0.0000      1.2620      0.0000      0.0000      0.0000      0.4937      0.7684      0.0000      0.0000
      5445      1.436053      0.0000      1.4361      0.0000      0.0000      0.0000      0.9842      0.4519      0.0000      0.0000
      5460      1.476607      0.0000      1.4766      0.0000      0.0000      0.0000      1.3158      0.1608      0.0000      0.0000
      5475      1.589630      0.0000      1.5896      0.0000      0.0000      0.0000      0.1570      1.4326      0.0000      0.0000
      5490      0.997788      0.0000      0.9978      0.0000      0.0000      0.0000      0.9481      0.0497      0.0000      0.0000
      5505      0.612921      0.0000      0.6129      0.0000      0.0000      0.0000      0.3736      0.2393      0.0000      0.0000
      5520      0.015185      0.0000      0.0152      0.0000      0.0000      0.0000      0.0089      0.0063      0.0000      0.0000
      5535      0.387001      0.0000      0.3870      0.0000      0.0000      0.0000      0.3627      0.0243      0.0000      0.0000
      5550      0.340973      0.0000      0.3410      0.0000      0.0000      0.0000      0.2771      0.0638      0.0000      0.0000
      5565      1.137353      0.0000      1.1374      0.0000      0.0000      0.0000      1.0745      0.0629      0.0000      0.0000
      5580      0.651277      0.0000      0.6513      0.0000      0.0000      0.0000      0.6093      0.0419      0.0000      0.0000
      5595      1.349448      0.0000      1.3494      0.0000      0.0000      0.0000      1.0325      0.3169      0.0000      0.0000
      5610      0.193110      0.0000      0.1931      0.0000      0.0000      0.0000      0.1672      0.0260      0.0000      0.0000
      5625      0.716794      0.0000      0.7168      0.0000      0.0000      0.0000      0.5980      0.1188      0.0000      0.0000
      5640      1.731670      0.0000      1.7317      0.0000      0.0000      0.0000      0.7499      0.9818      0.0000      0.0000
      5655      2.295893      0.0000      2.2959      0.0000      0.0000      0.0000      1.4288      0.8671      0.0000      0.0000
      5670      1.127239      0.0000      1.1272      0.0000      0.0000      0.0000      0.6379      0.4893      0.0000      0.0000
      5685      0.296241      0.0000      0.2962      0.0000      0.0000      0.0000      0.2496      0.0466      0.0000      0.0000
      5700      0.129740      0.0000      0.1297      0.0000      0.0000      0.0000      0.1287      0.0011      0.0000      0.0000
      5715      1.105121      0.0000      1.1051      0.0000      0.0000      0.0000      0.5569      0.5482      0.0000      0.0000
      5730      2.127839      0.0000      2.1278      0.0000      0.0000      0.0000      0.4214      1.7065      0.0000      0.0000
      5745      1.293147      0.0000      1.2931      0.0000      0.0000      0.0000      0.8487      0.4444      0.0000      0.0000
      5760      1.471610      0.0000      1.4716      0.0000      0.0000      0.0000      1.0474      0.4242      0.0000      0.0000
      5775      0.803706      0.0000      0.8037      0.0000      0.0000      0.0000      0.4295      0.3742      0.0000      0.0000
      5790      0.380749      0.0000      0.3807      0.0000      0.0000      0.0000      0.2378      0.1430      0.0000      0.0000
      5805      0.203979      0.0000      0.2040      0.0000      0.0000      0.0000      0.0898      0.1142      0.0000      0.0000
      5820      0.327956      0.0000      0.3280      0.0000      0.0000      0.0000      0.2126      0.1153      0.0000      0.0000
      5835      1.454661      0.0000      1.4547      0.0000      0.0000      0.0000      0.9767      0.4779      0.0000      0.0000
      5850      0.252626      0.0000      0.2526      0.0000      0.0000      0.0000      0.1593      0.0934      0.0000      0.0000
      5865      0.207079      0.0000      0.2071      0.0000      0.0000      0.0000      0.1418      0.0653      0.0000      0.0000
      5880      2.312744      0.0000      2.3127      0.0000      0.0000      0.0000      0.7108      1.6020      0.0000      0.0000
      5895      0.936159      0.0000      0.9362      0.0000      0.0000      0.0000      0.8887      0.0475      0.0000      0.0000
      5910      0.113397      0.0000      0.1134      0.0000      0.0000      0.0000      0.0961      0.0173      0.0000      0.0000
      5925      1.394430      0.0000      1.3944      0.0000      0.0000      0.0000      1.1025      0.2919      0.0000      0.0000
      5940      3.543777      0.0000      3.5438      0.0000      0.0000      0.0000      1.3890      2.1548      0.0000      0.0000
      5955      0.968822      0.0000      0.9688      0.0000      0.0000      0.0000      0.3865      0.5823      0.0000      0.0000
      5970      0.362821      0.0000      0.3628      0.0000      0.0000      0.0000      0.2644      0.0984      0.0000      0.0000
      5985      0.069872      0.0000      0.0699      0.0000      0.0000      0.0000      0.0514      0.0185      0.0000      0.0000
      6000      0.384786      0.0000      0.3848      0.0000      0.0000      0.0000      0.1478      0.2369      0.0000      0.0000
      6015      0.856392      0.0000      0.8564      0.0000      0.0000      0.0000      0.2551      0.6013      0.0000      0.0000
      6030      0.503352      0.0000      0.5034      0.0000      0.0000      0.0000      0.4984      0.0049      0.0000      0.0000
      6045      0.170864      0.0000      0.1709      0.0000      0.0000      0.0000      0.1341      0.0368      0.0000      0.0000
      6060      0.059110      0.0000      0.0591      0.0000      0.0000      0.0000      0.0554      0.0037      0.0000      0.0000
      6075      1.909885      0.0000      1.9099      0.0000      0.0000      0.0000      1.5088      0.4011      0.0000      0.0000
      6090      0.115032      0.0000      0.1150      0.0000      0.0000      0.0000      0.1141      0.0009      0.0000      0.0000
      6105      0.591344      0.0000      0.5913      0.0000      0.0000      0.0000      0.5764      0.0150      0.0000      0.0000
      6120      0.012322      0.0000      0.0123      0.0000      0.0000      0.0000      0.0084      0.0039      0.0000      0.0000
      6135      0.710332      0.0000      0.7103      0.0000      0.0000      0.0000      0.0039      0.7064      0.0000      0.0000
      6150      0.857412      0.0000      0.8574      0.0000      0.0000      0.0000      0.8240      0.0334      0.0000      0.0000
      6165      0.393500      0.0000      0.3935      0.0000      0.0000      0.0000      0.3165      0.0770      0.0000      0.0000
      6180      1.482137      0.0000      1.4821      0.0000      0.0000      0.0000      1.2074      0.2747      0.0000      0.0000
      6195      1.261155      0.0000      1.2612      0.0000      0.0000      0.0000      1.2608      0.0003      0.0000      0.0000
      6210      0.420853      0.0000      0.4209      0.0000      0.0000      0.0000      0.2401      0.1807      0.0000      0.0000
      6225      0.897286      0.0000      0.8973      0.0000      0.0000      0.0000      0.1419      0.7554      0.0000      0.0000
      6240      0.612908      0.0000      0.6129      0.0000      0.0000      0.0000      0.5993      0.0136      0.0000      0.0000
      6255      0.262908      0.0000      0.2629      0.0000      0.0000      0.0000      0.1460      0.1169      0.0000      0.0000
      6270      0.730013      0.0000      0.7300      0.0000      0.0000      0.0000      0.0093      0.7207      0.0000      0.0000
      6285      0.942136      0.0000      0.9421      0.0000      0.0000      0.0000      0.1362      0.8059      0.0000      0.0000
      6300      0.115898      0.0000      0.1159      0.0000      0.0000      0.0000      0.0594      0.0565      0.0000      0.0000
      6315      3.502792      0.0000      3.5028      0.0000      0.0000      0.0000      3.5016      0.0012      0.0000      0.0000
      6330      1.466428      0.0000      1.4664      0.0000      0.0000      0.0000      1.1961      0.2703      0.0000      0.0000
      6345      0.723522      0.0000      0.7235      0.0000      0.0000      0.0000      0.5888      0.1347      0.0000      0.0000
      6360      0.703600      0.0000      0.7036      0.0000      0.0000      0.0000      0.5623      0.1413      0.0000      0.0000
      6375      0.394710      0.0000      0.3947      0.0000      0.0000      0.0000      0.0238      0.3709      0.0000      0.0000
      6390      0.959084      0.0000      0.9591      0.0000      0.0000      0.0000      0.8146      0.1445      0.0000      0.0000
      6405      1.212120      0.0000      1.2121      0.0000      0.0000      0.0000      1.0030      0.2091      0.0000      0.0000
      6420      1.066004      0.0000      1.0660      0.0000      0.0000      0.0000      0.4426      0.6234      0.0000      0.0000
      6435      0.452154      0.0000      0.4522      0.0000      0.0000      0.0000      0.1955      0.2567      0.0000      0.0000
      6450      1.342768      0.0000      1.3428      0.0000      0.0000      0.0000      0.1541      1.1886      0.0000      0.0000
      6465      0.408128      0.0000      0.4081      0.0000      0.0000      0.0000      0.4068      0.0013      0.0000      0.0000
      6480      1.432100      0.0000      1.4321      0.0000      0.0000      0.0000      1.2321      0.2000      0.0000      0.0000
      6495      0.538658      0.0000      0.5387      0.0000      0.0000      0.0000      0.5249      0.0137      0.0000      0.0000
      6510      2.601303      0.0000      2.6013      0.0000      0.0000      0.0000      2.0356      0.5657      0.0000      0.0000
      6525      0.671405      0.0000      0.6714      0.0000      0.0000      0.0000      0.1490      0.5224      0.0000      0.0000
      6540      2.440051      0.0000      2.4401      0.0000      0.0000      0.0000      2.3414      0.0986      0.0000      0.0000
      6555      1.423137      0.0000      1.4231      0.0000      0.0000      0.0000      1.3729      0.0503      0.0000      0.0000
      6570      0.131538      0.0000      0.1315      0.0000      0.0000      0.0000      0.0046      0.1270      0.0000      0.0000
      6585      2.609469      0.0000      2.6095      0.0000      0.0000      0.0000      1.2781      1.3314      0.0000      0.0000
      6600      1.199947      0.0000      1.1999      0.0000      0.0000      0.0000      0.7768      0.4231      0.0000      0.0000
      6615      1.645286      0.0000      1.6453      0.0000      0.0000      0.0000      1.2628      0.3825      0.0000      0.0000
      6630      2.158413      0.0000      2.1584      0.0000      0.0000      0.0000      1.7970      0.3615      0.0000      0.0000
      6645      0.476888      0.0000      0.4769      0.0000      0.0000      0.0000      0.3529      0.1240      0.0000      0.0000
      6660      0.854022      0.0000      0.8540      0.0000      0.0000      0.0000      0.8466      0.0074      0.0000      0.0000
      6675      0.323207      0.0000      0.3232      0.0000      0.0000      0.0000      0.2782      0.0450      0.0000      0.0000
      6690      0.082072      0.0000      0.0821      0.0000      0.0000      0.0000      0.0769      0.0052      0.0000      0.0000
      6705      0.845537      0.0000      0.8455      0.0000      0.0000      0.0000      0.5244      0.3212      0.0000      0.0000
      6720      0.464736      0.0000      0.4647      0.0000      0.0000      0.0000      0.3260      0.1388      0.0000      0.0000
      6735      0.798817      0.0000      0.7988      0.0000      0.0000      0.0000      0.6480      0.1509      0.0000      0.0000
      6750      0.312814      0.0000      0.3128      0.0000      0.0000      0.0000      0.0696      0.2432      0.0000      0.0000
      6765      1.014547      0.0000      1.0145      0.0000      0.0000      0.0000      0.5232      0.4913      0.0000      0.0000
      6780      2.276367      0.0000      2.2764      0.0000      0.0000      0.0000      1.0804      1.1959      0.0000      0.0000
      6795      0.507149      0.0000      0.5071      0.0000      0.0000      0.0000      0.4998      0.0073      0.0000      0.0000
      6810      0.453399      0.0000      0.4534      0.0000      0.0000      0.0000      0.3287      0.1247      0.0000      0.0000
      6825      6.049589      0.0000      6.0496      0.0000      0.0000      0.0000      6.0147      0.0349      0.0000      0.0000
      6840      0.271389      0.0000      0.2714      0.0000      0.0000      0.0000      0.2712      0.0002      0.0000      0.0000
      6855      0.146111      0.0000      0.1461      0.0000      0.0000      0.0000      0.1342      0.0119      0.0000      0.0000
      6870      1.520761      0.0000      1.5208      0.0000      0.0000      0.0000      1.4305      0.0903      0.0000      0.0000
      6885      0.609821      0.0000      0.6098      0.0000      0.0000      0.0000      0.0267      0.5831      0.0000      0.0000
      6900      0.618962      0.0000      0.6190      0.0000      0.0000      0.0000      0.3321      0.2869      0.0000      0.0000
      6915      2.598195      0.0000      2.5982      0.0000      0.0000      0.0000      0.7134      1.8848      0.0000      0.0000
      6930      1.031777      0.0000      1.0318      0.0000      0.0000      0.0000      0.8170      0.2147      0.0000      0.0000
      6945      0.522186      0.0000      0.5222      0.0000      0.0000      0.0000      0.2918      0.2304      0.0000      0.0000
      6960      0.341392      0.0000      0.3414      0.0000      0.0000      0.0000      0.2979      0.0435      0.0000      0.0000
      6975      0.464767      0.0000      0.4648      0.0000      0.0000      0.0000      0.0952      0.3695      0.0000      0.0000
      6990      0.625718      0.0000      0.6257      0.0000      0.0000      0.0000      0.6007      0.0250      0.0000      0.0000
      7005      0.427059      0.0000      0.4271      0.0000      0.0000      0.0000      0.4093      0.0177      0.0000      0.0000
      7020      0.924694      0.0000      0.9247      0.0000      0.0000      0.0000      0.6527      0.2720      0.0000      0.0000
      7035      0.826216      0.0000      0.8262      0.0000      0.0000      0.0000      0.7598      0.0664      0.0000      0.0000
      7050      0.914262      0.0000      0.9143      0.0000      0.0000      0.0000      0.5654      0.3489      0.0000      0.0000
      7065      0.098081      0.0000      0.0981      0.0000      0.0000      0.0000      0.0461      0.0520      0.0000      0.0000
      7080      1.460324      0.0000      1.4603      0.0000      0.0000      0.0000      0.8882      0.5721      0.0000      0.0000
      7095      1.504240      0.0000      1.5042      0.0000      0.0000      0.0000      1.5041      0.0001      0.0000      0.0000
      7110      1.291758      0.0000      1.2918      0.0000      0.0000      0.0000      1.0910      0.2007      0.0000      0.0000
      7125      0.867987      0.0000      0.8680      0.0000      0.0000      0.0000      0.4342      0.4338      0.0000      0.0000
      7140      0.675443      0.0000      0.6754      0.0000      0.0000      0.0000      0.5000      0.1755      0.0000      0.0000
      7155      0.685580      0.0000      0.6856      0.0000      0.0000      0.0000      0.6853      0.0003      0.0000      0.0000
      7170      0.670270      0.0000      0.6703      0.0000      0.0000      0.0000      0.4481      0.2222      0.0000      0.0000
      7185      0.537078      0.0000      0.5371      0.0000      0.0000      0.0000      0.4348      0.1023      0.0000      0.0000
      7200      0.710349      0.0000      0.7103      0.0000      0.0000      0.0000      0.7103      0.0000      0.0000      0.0000
      7215      0.371751      0.0000      0.3718      0.0000      0.0000      0.0000      0.3713      0.0005      0.0000      0.0000
      7230      3.411093      0.0000      3.4111      0.0000      0.0000      0.0000      3.3845      0.0266      0.0000      0.0000
      7245      0.568362      0.0000      0.5684      0.0000      0.0000      0.0000      0.4947      0.0736      0.0000      0.0000
      7260      1.199590      0.0000      1.1996      0.0000      0.0000      0.0000      1.1961      0.0035      0.0000      0.0000
      7275      0.404173      0.0000      0.4042      0.0000      0.0000      0.0000      0.1227      0.2815      0.0000      0.0000
      7290      1.107453      0.0000      1.1075      0.0000      0.0000      0.0000      0.5690      0.5385      0.0000      0.0000
      7305      0.580394      0.0000      0.5804      0.0000      0.0000      0.0000      0.5796      0.0008      0.0000      0.0000
      7320      1.561433      0.0000      1.5614      0.0000      0.0000      0.0000      1.4052      0.1563      0.0000      0.0000
      7335      0.557410      0.0000      0.5574      0.0000      0.0000      0.0000      0.4467      0.1108      0.0000      0.0000
      7350      0.295054      0.0000      0.2951      0.0000      0.0000      0.0000      0.2754      0.0197      0.0000      0.0000
      7365      0.511394      0.0000      0.5114      0.0000      0.0000      0.0000      0.5092      0.0022      0.0000      0.0000
      7380      2.393606      0.0000      2.3936      0.0000      0.0000      0.0000      1.0348      1.3588      0.0000      0.0000
      7395      0.727764      0.0000      0.7278      0.0000      0.0000      0.0000      0.7056      0.0222      0.0000      0.0000
      7410      1.395257      0.0000      1.3953      0.0000      0.0000      0.0000      0.7510      0.6443      0.0000      0.0000
      7425      2.238388      0.0000      2.2384      0.0000      0.0000      0.0000      1.9434      0.2949      0.0000      0.0000
      7440      0.722282      0.0000      0.7223      0.0000      0.0000      0.0000      0.6418      0.0805      0.0000      0.0000
      7455      0.744301      0.0000      0.7443      0.0000      0.0000      0.0000      0.3545      0.3898      0.0000      0.0000
      7470      1.223013      0.0000      1.2230      0.0000      0.0000      0.0000      0.5724      0.6506      0.0000      0.0000
      7485      0.791097      0.0000      0.7911      0.0000      0.0000      0.0000      0.0374      0.7536      0.0000      0.0000
      7500      1.860446      0.0000      1.8604      0.0000      0.0000      0.0000      0.0558      1.8046      0.0000      0.0000
      7515      1.298703      0.0000      1.2987      0.0000      0.0000      0.0000      1.1948      0.1039      0.0000      0.0000
      7530      0.221896      0.0000      0.2219      0.0000      0.0000      0.0000      0.2094      0.0125      0.0000      0.0000
      7545      1.086959      0.0000      1.0870      0.0000      0.0000      0.0000      0.8729      0.2140      0.0000      0.0000
      7560      2.603531      0.0000      2.6035      0.0000      0.0000      0.0000      2.5681      0.0354      0.0000      0.0000
      7575      0.439666      0.0000      0.4397      0.0000      0.0000      0.0000      0.4270      0.0126      0.0000      0.0000
      7590      0.438508      0.0000      0.4385      0.0000      0.0000      0.0000      0.1621      0.2764      0.0000      0.0000
      7605      1.089514      0.0000      1.0895      0.0000      0.0000      0.0000      0.9270      0.1625      0.0000      0.0000
      7620      1.297896      0.0000      1.2979      0.0000      0.0000      0.0000      0.5704      0.7275      0.0000      0.0000
      7635      0.486095      0.0000      0.4861      0.0000      0.0000      0.0000      0.1794      0.3067      0.0000      0.0000
      7650      1.879624      0.0000      1.8796      0.0000      0.0000      0.0000      0.3554      1.5242      0.0000      0.0000
      7665      0.172334      0.0000      0.1723      0.0000      0.0000      0.0000      0.1468      0.0255      0.0000      0.0000
      7680      2.193242      0.0000      2.1932      0.0000      0.0000      0.0000      1.1183      1.0750      0.0000      0.0000
      7695      1.163982      0.0000      1.1640      0.0000      0.0000      0.0000      1.1638      0.0002      0.0000      0.0000
      7710      0.514412      0.0000      0.5144      0.0000      0.0000      0.0000      0.3216      0.1928      0.0000      0.0000
      7725      0.292278      0.0000      0.2923      0.0000      0.0000      0.0000      0.2668      0.0254      0.0000      0.0000
      7740      1.263687      0.0000      1.2637      0.0000      0.0000      0.0000      0.0410      1.2227      0.0000      0.0000
      7755      0.677449      0.0000      0.6774      0.0000      0.0000      0.0000      0.4900      0.1874      0.0000      0.0000
      7770      0.631254      0.0000      0.6313      0.0000      0.0000      0.0000      0.5770      0.0543      0.0000      0.0000
      7785      0.131312      0.0000      0.1313      0.0000      0.0000      0.0000      0.0481      0.0832      0.0000      0.0000
      7800      0.888630      0.0000      0.8886      0.0000      0.0000      0.0000      0.8605      0.0281      0.0000      0.0000
      7815      0.542409      0.0000      0.5424      0.0000      0.0000      0.0000      0.5098      0.0326      0.0000      0.0000
      7830      0.221849      0.0000      0.2218      0.0000      0.0000      0.0000      0.1262      0.0956      0.0000      0.0000
      7845      0.263705      0.0000      0.2637      0.0000      0.0000      0.0000      0.1392      0.1245      0.0000      0.0000
      7860      0.894608      0.0000      0.8946      0.0000      0.0000      0.0000      0.7661      0.1285      0.0000      0.0000
      7875      0.215332      0.0000      0.2153      0.0000      0.0000      0.0000      0.1662      0.0492      0.0000      0.0000
      7890      0.426446      0.0000      0.4264      0.0000      0.0000      0.0000      0.2995      0.1269      0.0000      0.0000
      7905      2.433671      0.0000      2.4337      0.0000      0.0000      0.0000      2.1411      0.2925      0.0000      0.0000
      7920      2.233407      0.0000      2.2334      0.0000      0.0000      0.0000      0.7072      1.5262      0.0000      0.0000
      7935      0.846498      0.0000      0.8465      0.0000      0.0000      0.0000      0.8117      0.0348      0.0000      0.0000
      7950      0.534373      0.0000      0.5344      0.0000      0.0000      0.0000      0.5328      0.0016      0.0000      0.0000
      7965      0.436306      0.0000      0.4363      0.0000      0.0000      0.0000      0.4085      0.0278      0.0000      0.0000
      7980      0.883938      0.0000      0.8839      0.0000      0.0000      0.0000      0.6638      0.2202      0.0000      0.0000
      7995      0.455723      0.0000      0.4557      0.0000      0.0000      0.0000      0.4115      0.0442      0.0000      0.0000
      8010      1.933507      0.0000      1.9335      0.0000      0.0000      0.0000      1.9318      0.0017      0.0000      0.0000
      8025      0.584484      0.0000      0.5845      0.0000      0.0000      0.0000      0.5667      0.0178      0.0000      0.0000
      8040      0.776573      0.0000      0.7766      0.0000      0.0000      0.0000      0.7134      0.0631      0.0000      0.0000
      8055      0.735896      0.0000      0.7359      0.0000      0.0000      0.0000      0.7286      0.0073      0.0000      0.0000
      8070      0.518751      0.0000      0.5188      0.0000      0.0000      0.0000      0.1042      0.4145      0.0000      0.0000
      8085      0.265441      0.0000      0.2654      0.0000      0.0000      0.0000      0.0806      0.1848      0.0000      0.0000
      8100      0.837927      0.0000      0.8379      0.0000      0.0000      0.0000      0.7832      0.0547      0.0000      0.0000
      8115      1.824802      0.0000      1.8248      0.0000      0.0000      0.0000      1.8085      0.0163      0.0000      0.0000
      8130      0.588593      0.0000      0.5886      0.0000      0.0000      0.0000      0.4994      0.0892      0.0000      0.0000
      8145      1.067990      0.0000      1.0680      0.0000      0.0000      0.0000      1.0642      0.0037      0.0000      0.0000
      8160      3.113886      0.0000      3.1139      0.0000      0.0000      0.0000      1.3276      1.7863      0.0000      0.0000
      8175      0.440761      0.0000      0.4408      0.0000      0.0000      0.0000      0.3841      0.0566      0.0000      0.0000
      8190      0.408511      0.0000      0.4085      0.0000      0.0000      0.0000      0.4077      0.0009      0.0000      0.0000
      8205      1.522605      0.0000      1.5226      0.0000      0.0000      0.0000      0.2873      1.2353      0.0000      0.0000
      8220      1.776018      0.0000      1.7760      0.0000      0.0000      0.0000      1.3880      0.3880      0.0000      0.0000
      8235      1.067336      0.0000      1.0673      0.0000      0.0000      0.0000      1.0461      0.0212      0.0000      0.0000
      8250      0.529822      0.0000      0.5298      0.0000      0.0000      0.0000      0.2958      0.2340      0.0000      0.0000
      8265      1.051644      0.0000      1.0516      0.0000      0.0000      0.0000      0.9267      0.1250      0.0000      0.0000
      8280      0.719729      0.0000      0.7197      0.0000      0.0000      0.0000      0.0945      0.6253      0.0000      0.0000
      8295      2.561951      0.0000      2.5620      0.0000      0.0000      0.0000      2.3701      0.1918      0.0000      0.0000
      8310      0.034282      0.0000      0.0343      0.0000      0.0000      0.0000      0.0051      0.0292      0.0000      0.0000
      8325      0.233962      0.0000      0.2340      0.0000      0.0000      0.0000      0.0400      0.1939      0.0000      0.0000
      8340      0.989352      0.0000      0.9894      0.0000      0.0000      0.0000      0.5494      0.4400      0.0000      0.0000
      8355      1.219358      0.0000      1.2194      0.0000      0.0000      0.0000      0.2267      0.9927      0.0000      0.0000
      8370      2.268461      0.0000      2.2685      0.0000      0.0000      0.0000      1.6883      0.5801      0.0000      0.0000
      8385      2.062121      0.0000      2.0621      0.0000      0.0000      0.0000      1.0147      1.0474      0.0000      0.0000
      8400      1.556139      0.0000      1.5561      0.0000      0.0000      0.0000      1.4450      0.1112      0.0000      0.0000
      8415      1.270043      0.0000      1.2700      0.0000      0.0000      0.0000      1.0243      0.2457      0.0000      0.0000
      8430      0.393533      0.0000      0.3935      0.0000      0.0000      0.0000      0.2720      0.1216      0.0000      0.0000
      8445      0.772042      0.0000      0.7720      0.0000      0.0000      0.0000      0.7400      0.0320      0.0000      0.0000
      8460      0.693619      0.0000      0.6936      0.0000      0.0000      0.0000      0.2158      0.4779      0.0000      0.0000
      8475      0.360826      0.0000      0.3608      0.0000      0.0000      0.0000      0.3492      0.0117      0.0000      0.0000
      8490      0.895499      0.0000      0.8955      0.0000      0.0000      0.0000      0.6106      0.2849      0.0000      0.0000
      8505      0.418969      0.0000      0.4190      0.0000      0.0000      0.0000      0.4189      0.0001      0.0000      0.0000
      8520      0.706862      0.0000      0.7069      0.0000      0.0000      0.0000      0.4048      0.3021      0.0000      0.0000
      8535      0.735268      0.0000      0.7353      0.0000      0.0000      0.0000      0.7202      0.0150      0.0000      0.0000
      8550      0.817909      0.0000      0.8179      0.0000      0.0000      0.0000      0.7159      0.1021      0.0000      0.0000
      8565      1.897555      0.0000      1.8976      0.0000      0.0000      0.0000      1.1311      0.7664      0.0000      0.0000
      8580      0.271965      0.0000      0.2720      0.0000      0.0000      0.0000      0.2627      0.0093      0.0000      0.0000
      8595      1.168326      0.0000      1.1683      0.0000      0.0000      0.0000      1.1549      0.0134      0.0000      0.0000
      8610      0.556919      0.0000      0.5569      0.0000      0.0000      0.0000      0.4825      0.0744      0.0000      0.0000
      8625      1.226474      0.0000      1.2265      0.0000      0.0000      0.0000      0.6748      0.5517      0.0000      0.0000
      8640      0.883898      0.0000      0.8839      0.0000      0.0000      0.0000      0.8148      0.0691      0.0000      0.0000
      8655      0.419269      0.0000      0.4193      0.0000      0.0000      0.0000      0.0567      0.3625      0.0000      0.0000
      8670      1.267905      0.0000      1.2679      0.0000      0.0000      0.0000      0.2269      1.0410      0.0000      0.0000
      8685      1.082109      0.0000      1.0821      0.0000      0.0000      0.0000      1.0129      0.0692      0.0000      0.0000
      8700      1.572178      0.0000      1.5722      0.0000      0.0000      0.0000      1.4811      0.0911      0.0000      0.0000
      8715      1.724658      0.0000      1.7247      0.0000      0.0000      0.0000      0.0090      1.7156      0.0000      0.0000
      8730      0.978964      0.0000      0.9790      0.0000      0.0000      0.0000      0.8414      0.1376      0.0000      0.0000
      8745      0.563302      0.0000      0.5633      0.0000      0.0000      0.0000      0.1931      0.3702      0.0000      0.0000
      8760      1.000944      0.0000      1.0009      0.0000      0.0000      0.0000      0.7450      0.2560      0.0000      0.0000
      8775      0.808957      0.0000      0.8090      0.0000      0.0000      0.0000      0.6232      0.1857      0.0000      0.0000
      8790      0.946965      0.0000      0.9470      0.0000      0.0000      0.0000      0.9357      0.0113      0.0000      0.0000
      8805      0.187620      0.0000      0.1876      0.0000      0.0000      0.0000      0.0337      0.1539      0.0000      0.0000
      8820      1.445035      0.0000      1.4450      0.0000      0.0000      0.0000      1.3528      0.0923      0.0000      0.0000
      8835      0.466319      0.0000      0.4663      0.0000      0.0000      0.0000      0.4640      0.0023      0.0000      0.0000
      8850      1.057613      0.0000      1.0576      0.0000      0.0000      0.0000      0.7764      0.2812      0.0000      0.0000
      8865      0.827433      0.0000      0.8274      0.0000      0.0000      0.0000      0.7560      0.0714      0.0000      0.0000
      8880      0.056854      0.0000      0.0569      0.0000      0.0000      0.0000      0.0493      0.0076      0.0000      0.0000
      8895      1.326948      0.0000      1.3269      0.0000      0.0000      0.0000      1.3269      0.0000      0.0000      0.0000
      8910      1.696841      0.0000      1.6968      0.0000      0.0000      0.0000      1.5180      0.1789      0.0000      0.0000
      8925      0.504835      0.0000      0.5048      0.0000      0.0000      0.0000      0.4561      0.0488      0.0000      0.0000
      8940      0.882810      0.0000      0.8828      0.0000      0.0000      0.0000      0.2256      0.6572      0.0000      0.0000
      8955      1.144972      0.0000      1.1450      0.0000      0.0000      0.0000      1.0752      0.0697      0.0000      0.0000
      8970      1.228992      0.0000      1.2290      0.0000      0.0000      0.0000      0.6843      0.5447      0.0000      0.0000
      8985      0.946668      0.0000      0.9467      0.0000      0.0000      0.0000      0.4766      0.4701      0.0000      0.0000
      9000      0.229117      0.0000      0.2291      0.0000      0.0000      0.0000      0.2248      0.0044      0.0000      0.0000
      9015      0.081175      0.0000      0.0812      0.0000      0.0000      0.0000      0.0809      0.0003      0.0000      0.0000
      9030      1.594480      0.0000      1.5945      0.0000      0.0000      0.0000      0.8164      0.7780      0.0000      0.0000
      9045      0.297040      0.0000      0.2970      0.0000      0.0000      0.0000      0.2969      0.0002      0.0000      0.0000
      9060      0.951501      0.0000      0.9515      0.0000      0.0000      0.0000      0.8560      0.0955      0.0000      0.0000
      9075      0.715567      0.0000      0.7156      0.0000      0.0000      0.0000      0.6984      0.0171      0.0000      0.0000
      9090      0.922731      0.0000      0.9227      0.0000      0.0000      0.0000      0.1596      0.7632      0.0000      0.0000
      9105      2.867844      0.0000      2.8678      0.0000      0.0000      0.0000      2.6021      0.2657      0.0000      0.0000
      9120      2.051156      0.0000      2.0512      0.0000      0.0000      0.0000      2.0402      0.0110      0.0000      0.0000
      9135      1.053242      0.0000      1.0532      0.0000      0.0000      0.0000      0.8729      0.1804      0.0000      0.0000
      9150      0.297112      0.0000      0.2971      0.0000      0.0000      0.0000      0.2688      0.0283      0.0000      0.0000
      9165      0.984591      0.0000      0.9846      0.0000      0.0000      0.0000      0.7949      0.1897      0.0000      0.0000
      9180      2.491242      0.0000      2.4912      0.0000      0.0000      0.0000      0.3016      2.1896      0.0000      0.0000
      9195      0.600758      0.0000      0.6008      0.0000      0.0000      0.0000      0.4616      0.1392      0.0000      0.0000
      9210      0.167265      0.0000      0.1673      0.0000      0.0000      0.0000      0.0123      0.1550      0.0000      0.0000
      9225      0.436350      0.0000      0.4364      0.0000      0.0000      0.0000      0.1080      0.3284      0.0000      0.0000
      9240      0.319780      0.0000      0.3198      0.0000      0.0000      0.0000      0.1519      0.1679      0.0000      0.0000
      9255      0.557557      0.0000      0.5576      0.0000      0.0000      0.0000      0.4718      0.0857      0.0000      0.0000
      9270      0.382173      0.0000      0.3822      0.0000      0.0000      0.0000      0.3375      0.0447      0.0000      0.0000
      9285      0.511343      0.0000      0.5113      0.0000      0.0000      0.0000      0.4242      0.0872      0.0000      0.0000
      9300      0.593451      0.0000      0.5935      0.0000      0.0000      0.0000      0.5832      0.0103      0.0000      0.0000
      9315      0.119059      0.0000      0.1191      0.0000      0.0000      0.0000      0.1006      0.0185      0.0000      0.0000
      9330      0.582026      0.0000      0.5820      0.0000      0.0000      0.0000      0.3174      0.2646      0.0000      0.0000
      9345      0.771643      0.0000      0.7716      0.0000      0.0000      0.0000      0.7664      0.0052      0.0000      0.0000
      9360      0.415770      0.0000      0.4158      0.0000      0.0000      0.0000      0.0652      0.3505      0.0000      0.0000
      9375      0.367357      0.0000      0.3674      0.0000      0.0000      0.0000      0.1891      0.1782      0.0000      0.0000
      9390      0.180295      0.0000      0.1803      0.0000      0.0000      0.0000      0.1273      0.0530      0.0000      0.0000
      9405      0.079262      0.0000      0.0793      0.0000      0.0000      0.0000      0.0482      0.0311      0.0000      0.0000
      9420      1.527598      0.0000      1.5276      0.0000      0.0000      0.0000      0.5105      1.0171      0.0000      0.0000
      9435      0.988766      0.0000      0.9888      0.0000      0.0000      0.0000      0.3070      0.6818      0.0000      0.0000
      9450      1.823146      0.0000      1.8231      0.0000      0.0000      0.0000      1.1565      0.6666      0.0000      0.0000
      9465      0.236130      0.0000      0.2361      0.0000      0.0000      0.0000      0.2238      0.0123      0.0000      0.0000
      9480      1.127762      0.0000      1.1278      0.0000      0.0000      0.0000      1.1205      0.0073      0.0000      0.0000
      9495      2.717403      0.0000      2.7174      0.0000      0.0000      0.0000      1.9487      0.7687      0.0000      0.0000
      9510      0.687140      0.0000      0.6871      0.0000      0.0000      0.0000      0.5077      0.1795      0.0000      0.0000
      9525      0.421306      0.0000      0.4213      0.0000      0.0000      0.0000      0.3554      0.0659      0.0000      0.0000
      9540      0.896810      0.0000      0.8968      0.0000      0.0000      0.0000      0.8568      0.0400      0.0000      0.0000
      9555      0.431159      0.0000      0.4312      0.0000      0.0000      0.0000      0.0391      0.3920      0.0000      0.0000
      9570      1.619462      0.0000      1.6195      0.0000      0.0000      0.0000      1.3446      0.2748      0.0000      0.0000
      9585      0.807733      0.0000      0.8077      0.0000      0.0000      0.0000      0.1026      0.7051      0.0000      0.0000
      9600      1.411458      0.0000      1.4115      0.0000      0.0000      0.0000      1.3226      0.0889      0.0000      0.0000
      9615      1.020469      0.0000      1.0205      0.0000      0.0000      0.0000      0.9405      0.0800      0.0000      0.0000
      9630      0.431264      0.0000      0.4313      0.0000      0.0000      0.0000      0.2206      0.2107      0.0000      0.0000
      9645      0.785458      0.0000      0.7855      0.0000      0.0000      0.0000      0.6515      0.1340      0.0000      0.0000
      9660      0.178949      0.0000      0.1789      0.0000      0.0000      0.0000      0.1789      0.0000      0.0000      0.0000
      9675      1.102315      0.0000      1.1023      0.0000      0.0000      0.0000      0.8532      0.2491      0.0000      0.0000
      9690      0.759084      0.0000      0.7591      0.0000      0.0000      0.0000      0.6957      0.0634      0.0000      0.0000
      9705      0.974330      0.0000      0.9743      0.0000      0.0000      0.0000      0.5764      0.3979      0.0000      0.0000
      9720      0.129655      0.0000      0.1297      0.0000      0.0000      0.0000      0.0120      0.1177      0.0000      0.0000
      9735      1.094490      0.0000      1.0945      0.0000      0.0000      0.0000      0.4599      0.6346      0.0000      0.0000
      9750      1.731710      0.0000      1.7317      0.0000      0.0000      0.0000      0.2811      1.4507      0.0000      0.0000
      9765      0.098642      0.0000      0.0986      0.0000      0.0000      0.0000      0.0435      0.0551      0.0000      0.0000
      9780      0.694423      0.0000      0.6944      0.0000      0.0000      0.0000      0.6923      0.0022      0.0000      0.0000
      9795      1.331890      0.0000      1.3319      0.0000      0.0000      0.0000      1.1914      0.1405      0.0000      0.0000
      9810      4.487230      0.0000      4.4872      0.0000      0.0000      0.0000      3.3863      1.1009      0.0000      0.0000
      9825      1.315988      0.0000      1.3160      0.0000      0.0000      0.0000      0.0944      1.2216      0.0000      0.0000
      9840      0.620481      0.0000      0.6205      0.0000      0.0000      0.0000      0.4466      0.1739      0.0000      0.0000
      9855      0.324751      0.0000      0.3248      0.0000      0.0000      0.0000      0.0542      0.2706      0.0000      0.0000
      9870      1.481678      0.0000      1.4817      0.0000      0.0000      0.0000      1.4816      0.0000      0.0000      0.0000
      9885      0.790503      0.0000      0.7905      0.0000      0.0000      0.0000      0.4762      0.3143      0.0000      0.0000
      9900      0.347921      0.0000      0.3479      0.0000      0.0000      0.0000      0.1398      0.2082      0.0000      0.0000
      9915      1.296268      0.0000      1.2963      0.0000      0.0000      0.0000      1.2829      0.0133      0.0000      0.0000
      9930      0.199265      0.0000      0.1993      0.0000      0.0000      0.0000      0.1967      0.0026      0.0000      0.0000
      9945      0.143847      0.0000      0.1438      0.0000      0.0000      0.0000      0.0772      0.0666      0.0000      0.0000
      9960      1.867592      0.0000      1.8676      0.0000      0.0000      0.0000      0.1006      1.7670      0.0000      0.0000
      9975      0.502683      0.0000      0.5027      0.0000      0.0000      0.0000      0.4906      0.0121      0.0000      0.0000
      9990      0.516743      0.0000      0.5167      0.0000      0.0000      0.0000      0.4811      0.0357      0.0000      0.0000
