# energy of h2o_5
#      conf       e_totale_nonbond    e_bonded    e_boundary       e_vdw      e_elst      e_bond     e_angle   e_tors        e_oop         1      0.000000      0.0000      0.0000      0.0000      0.0000      0.0000      0.0000      0.0000      0.0000      0.0000
        15    -29.850113    -38.3701      8.5200      0.0000      9.9709    -48.3410      8.1781      0.3419      0.0000      0.0000
        30    -29.006222    -39.1231     10.1169      0.0000     11.7057    -50.8289      9.0257      1.0912      0.0000      0.0000
        45    -31.251954    -36.2453      4.9933      0.0000     12.4676    -48.7129      3.2463      1.7470      0.0000      0.0000
        60    -31.875551    -37.0500      5.1745      0.0000     14.6023    -51.6523      2.8436      2.3309      0.0000      0.0000
        75    -31.371446    -39.3209      7.9495      0.0000     13.0460    -52.3670      5.5976      2.3519      0.0000      0.0000
        90    -33.366844    -39.6199      6.2531      0.0000     12.3460    -51.9659      5.3650      0.8881      0.0000      0.0000
       105    -32.574509    -35.7267      3.1522      0.0000     14.0846    -49.8113      2.5537      0.5985      0.0000      0.0000
       120    -29.030496    -33.9956      4.9651      0.0000     12.2241    -46.2197      3.9530      1.0121      0.0000      0.0000
       135    -32.073044    -35.8362      3.7631      0.0000     13.9442    -49.7804      2.5398      1.2233      0.0000      0.0000
       150    -31.429375    -37.7016      6.2723      0.0000     14.6780    -52.3796      4.3565      1.9158      0.0000      0.0000
       165    -30.455486    -38.2019      7.7464      0.0000     13.4929    -51.6948      6.2269      1.5195      0.0000      0.0000
       180    -33.355733    -37.4103      4.0546      0.0000     14.9025    -52.3128      3.4821      0.5724      0.0000      0.0000
       195    -31.306861    -35.8432      4.5364      0.0000     15.4399    -51.2832      2.7285      1.8078      0.0000      0.0000
       210    -29.399515    -39.5567     10.1571      0.0000     15.5212    -55.0779      9.3727      0.7845      0.0000      0.0000
       225    -31.196469    -41.0948      9.8983      0.0000     17.4894    -58.5843      7.2130      2.6853      0.0000      0.0000
       240    -29.660930    -39.9670     10.3061      0.0000     17.9400    -57.9070      7.8860      2.4201      0.0000      0.0000
       255    -32.617009    -38.3241      5.7070      0.0000     17.9724    -56.2964      4.6136      1.0934      0.0000      0.0000
       270    -29.108762    -38.6228      9.5141      0.0000     18.0914    -56.7143      7.0542      2.4599      0.0000      0.0000
       285    -32.663808    -40.1972      7.5334      0.0000     17.5167    -57.7139      4.5258      3.0076      0.0000      0.0000
       300    -28.037153    -38.9112     10.8740      0.0000     19.2028    -58.1139      8.4227      2.4513      0.0000      0.0000
       315    -30.376773    -37.3927      7.0159      0.0000     19.6944    -57.0871      5.6134      1.4026      0.0000      0.0000
       330    -32.176179    -40.1665      7.9904      0.0000     18.9195    -59.0860      4.7888      3.2015      0.0000      0.0000
       345    -32.574342    -38.2588      5.6845      0.0000     20.5454    -58.8042      2.2580      3.4265      0.0000      0.0000
       360    -32.633201    -37.0812      4.4480      0.0000     19.7110    -56.7922      2.9693      1.4787      0.0000      0.0000
       375    -30.908907    -37.7790      6.8701      0.0000     17.7097    -55.4887      5.0372      1.8329      0.0000      0.0000
       390    -32.263224    -38.8523      6.5891      0.0000     16.3334    -55.1858      3.9832      2.6059      0.0000      0.0000
       405    -30.308841    -39.2423      8.9334      0.0000     16.5410    -55.7832      4.7470      4.1864      0.0000      0.0000
       420    -29.090611    -38.7541      9.6635      0.0000     13.9682    -52.7223      6.3455      3.3180      0.0000      0.0000
       435    -32.142077    -38.0538      5.9117      0.0000     16.5058    -54.5595      2.9187      2.9930      0.0000      0.0000
       450    -30.853366    -35.2958      4.4424      0.0000     15.4881    -50.7839      2.4372      2.0052      0.0000      0.0000
       465    -32.327226    -36.4341      4.1069      0.0000     15.8072    -52.2413      3.5419      0.5650      0.0000      0.0000
       480    -30.053306    -37.8253      7.7720      0.0000     15.2042    -53.0295      6.7658      1.0062      0.0000      0.0000
       495    -31.072289    -37.1195      6.0472      0.0000     14.5019    -51.6213      3.6689      2.3783      0.0000      0.0000
       510    -31.173505    -36.8283      5.6548      0.0000     15.9679    -52.7962      3.9120      1.7428      0.0000      0.0000
       525    -29.861347    -40.5951     10.7337      0.0000     15.6411    -56.2362      8.2977      2.4360      0.0000      0.0000
       540    -32.368882    -36.5342      4.1654      0.0000     16.8686    -53.4028      2.9706      1.1948      0.0000      0.0000
       555    -32.743742    -35.7237      2.9800      0.0000     15.4835    -51.2072      2.3165      0.6635      0.0000      0.0000
       570    -30.913330    -37.9768      7.0635      0.0000     14.9671    -52.9439      6.4645      0.5990      0.0000      0.0000
       585    -33.178844    -36.4457      3.2669      0.0000     14.7908    -51.2365      2.5299      0.7370      0.0000      0.0000
       600    -32.005533    -37.8573      5.8518      0.0000     15.2269    -53.0842      5.3246      0.5272      0.0000      0.0000
       615    -32.145296    -34.7757      2.6304      0.0000     14.4174    -49.1931      2.3069      0.3235      0.0000      0.0000
       630    -33.548217    -36.6193      3.0711      0.0000     13.5070    -50.1263      2.1981      0.8730      0.0000      0.0000
       645    -31.395196    -37.9126      6.5174      0.0000     12.5360    -50.4486      5.0013      1.5161      0.0000      0.0000
       660    -32.565129    -40.0658      7.5006      0.0000     12.7338    -52.7996      5.2442      2.2565      0.0000      0.0000
       675    -33.775578    -39.1002      5.3246      0.0000     12.6434    -51.7436      3.8774      1.4471      0.0000      0.0000
       690    -31.883691    -38.0719      6.1882      0.0000     12.1348    -50.2067      5.0259      1.1623      0.0000      0.0000
       705    -33.396938    -37.0670      3.6700      0.0000     12.8622    -49.9292      2.2059      1.4641      0.0000      0.0000
       720    -32.166855    -38.5824      6.4156      0.0000     10.9712    -49.5536      5.6481      0.7674      0.0000      0.0000
       735    -27.776442    -40.8059     13.0294      0.0000      9.6160    -50.4219     12.3686      0.6609      0.0000      0.0000
       750    -32.335515    -39.4952      7.1597      0.0000     10.8063    -50.3015      5.5440      1.6157      0.0000      0.0000
       765    -34.018891    -41.0561      7.0372      0.0000     11.5474    -52.6035      5.5151      1.5221      0.0000      0.0000
       780    -34.255258    -38.3313      4.0761      0.0000     11.0675    -49.3989      2.4861      1.5900      0.0000      0.0000
       795    -33.690463    -38.0402      4.3498      0.0000     10.1855    -48.2258      3.0295      1.3203      0.0000      0.0000
       810    -34.430670    -38.6951      4.2644      0.0000     10.9888    -49.6839      2.5415      1.7229      0.0000      0.0000
       825    -32.205692    -39.1238      6.9181      0.0000     11.7189    -50.8427      4.5501      2.3680      0.0000      0.0000
       840    -31.201152    -38.3870      7.1859      0.0000     12.7599    -51.1469      2.5576      4.6283      0.0000      0.0000
       855    -28.337600    -39.4966     11.1590      0.0000     13.3633    -52.8599      3.8914      7.2675      0.0000      0.0000
       870    -29.536717    -38.2963      8.7596      0.0000     13.7569    -52.0533      3.7853      4.9743      0.0000      0.0000
       885    -30.240273    -39.6908      9.4505      0.0000     14.9567    -54.6475      4.0162      5.4343      0.0000      0.0000
       900    -30.653277    -35.4914      4.8381      0.0000     14.0830    -49.5744      2.4718      2.3663      0.0000      0.0000
       915    -31.464476    -35.9136      4.4491      0.0000     13.4844    -49.3980      3.7802      0.6690      0.0000      0.0000
       930    -29.567020    -36.7905      7.2235      0.0000     12.8116    -49.6022      6.7754      0.4481      0.0000      0.0000
       945    -29.849162    -37.5063      7.6571      0.0000     11.4134    -48.9197      5.2100      2.4471      0.0000      0.0000
       960    -30.211875    -35.0053      4.7934      0.0000     11.5768    -46.5821      4.0379      0.7555      0.0000      0.0000
       975    -30.744118    -35.3956      4.6515      0.0000     12.0570    -47.4526      4.2075      0.4440      0.0000      0.0000
       990    -31.295703    -36.3829      5.0872      0.0000     11.6700    -48.0530      3.9453      1.1420      0.0000      0.0000
      1005    -29.381252    -34.7728      5.3916      0.0000     13.0037    -47.7765      3.3110      2.0806      0.0000      0.0000
      1020    -28.791416    -37.9622      9.1708      0.0000     12.9976    -50.9598      7.2184      1.9524      0.0000      0.0000
      1035    -29.923631    -35.9587      6.0351      0.0000     12.7448    -48.7035      5.2710      0.7641      0.0000      0.0000
      1050    -27.254396    -34.9502      7.6958      0.0000     13.8124    -48.7627      6.1295      1.5663      0.0000      0.0000
      1065    -30.251634    -36.1260      5.8744      0.0000     13.5606    -49.6866      4.9961      0.8783      0.0000      0.0000
      1080    -27.941612    -33.2473      5.3057      0.0000     13.4634    -46.7106      2.9467      2.3590      0.0000      0.0000
      1095    -29.043237    -34.7055      5.6623      0.0000     12.3678    -47.0733      4.0932      1.5691      0.0000      0.0000
      1110    -27.310387    -33.7536      6.4432      0.0000     11.2232    -44.9768      3.8932      2.5500      0.0000      0.0000
      1125    -29.779405    -35.8837      6.1043      0.0000     11.8118    -47.6956      4.2194      1.8849      0.0000      0.0000
      1140    -30.859438    -37.2976      6.4382      0.0000     12.3874    -49.6850      5.0489      1.3892      0.0000      0.0000
      1155    -30.346236    -35.1433      4.7970      0.0000     12.9740    -48.1173      4.2644      0.5326      0.0000      0.0000
      1170    -29.866899    -35.5807      5.7138      0.0000     12.0117    -47.5924      5.0506      0.6632      0.0000      0.0000
      1185    -30.690000    -36.4259      5.7359      0.0000     12.9496    -49.3755      3.5431      2.1928      0.0000      0.0000
      1200    -28.186316    -36.7968      8.6104      0.0000     11.2499    -48.0466      5.3911      3.2193      0.0000      0.0000
      1215    -28.035914    -33.1944      5.1585      0.0000     10.4011    -43.5955      3.3809      1.7776      0.0000      0.0000
      1230    -29.139020    -33.5341      4.3951      0.0000     10.2844    -43.8186      1.9994      2.3957      0.0000      0.0000
      1245    -28.027096    -33.2060      5.1789      0.0000     10.9164    -44.1224      3.7533      1.4256      0.0000      0.0000
      1260    -25.449138    -32.7406      7.2915      0.0000     10.2016    -42.9423      4.8520      2.4395      0.0000      0.0000
      1275    -27.348579    -34.1564      6.8079      0.0000     10.5647    -44.7212      4.9829      1.8249      0.0000      0.0000
      1290    -29.314836    -33.5740      4.2592      0.0000     10.4239    -43.9979      4.0697      0.1895      0.0000      0.0000
      1305    -29.800542    -33.0014      3.2009      0.0000     10.1390    -43.1404      2.3440      0.8569      0.0000      0.0000
      1320    -28.971920    -32.3911      3.4192      0.0000      8.9969    -41.3880      2.2987      1.1205      0.0000      0.0000
      1335    -29.442721    -31.9357      2.4930      0.0000     10.0665    -42.0021      1.6019      0.8911      0.0000      0.0000
      1350    -24.832926    -32.2937      7.4608      0.0000     10.9808    -43.2745      4.3782      3.0825      0.0000      0.0000
      1365    -25.630955    -34.7161      9.0852      0.0000     10.6539    -45.3701      6.6262      2.4590      0.0000      0.0000
      1380    -27.573080    -31.4899      3.9168      0.0000     11.7940    -43.2840      2.4736      1.4433      0.0000      0.0000
      1395    -26.764810    -34.0247      7.2599      0.0000     12.4129    -46.4376      6.0326      1.2273      0.0000      0.0000
      1410    -26.005151    -34.8726      8.8674      0.0000     12.9641    -47.8367      6.9500      1.9174      0.0000      0.0000
      1425    -27.750545    -36.4299      8.6794      0.0000     12.9240    -49.3539      6.3605      2.3189      0.0000      0.0000
      1440    -28.552835    -35.9307      7.3779      0.0000     11.9386    -47.8693      5.4835      1.8944      0.0000      0.0000
      1455    -27.868728    -32.3781      4.5094      0.0000     12.9192    -45.2973      2.6744      1.8350      0.0000      0.0000
      1470    -28.916832    -32.5160      3.5991      0.0000     12.8278    -45.3437      2.4098      1.1894      0.0000      0.0000
      1485    -27.251544    -32.5403      5.2888      0.0000     12.3529    -44.8932      4.1422      1.1466      0.0000      0.0000
      1500    -25.801055    -32.5832      6.7821      0.0000     12.9711    -45.5543      4.7944      1.9878      0.0000      0.0000
      1515    -28.651418    -32.4144      3.7630      0.0000     12.6910    -45.1054      1.1378      2.6252      0.0000      0.0000
      1530    -26.617663    -34.1683      7.5506      0.0000     13.6450    -47.8133      6.3622      1.1884      0.0000      0.0000
      1545    -30.083189    -35.4201      5.3369      0.0000     11.4741    -46.8941      2.9709      2.3660      0.0000      0.0000
      1560    -28.842814    -35.8540      7.0112      0.0000     11.1307    -46.9847      5.5062      1.5050      0.0000      0.0000
      1575    -29.115493    -35.7809      6.6654      0.0000     11.2815    -47.0624      5.2241      1.4413      0.0000      0.0000
      1590    -30.687904    -35.2928      4.6049      0.0000     10.4029    -45.6956      1.8232      2.7817      0.0000      0.0000
      1605    -31.326756    -35.7928      4.4660      0.0000      9.6717    -45.4645      2.4331      2.0329      0.0000      0.0000
      1620    -29.279070    -34.2645      4.9854      0.0000      9.2915    -43.5559      3.8265      1.1589      0.0000      0.0000
      1635    -27.138282    -37.5679     10.4296      0.0000      8.9063    -46.4742      5.4853      4.9443      0.0000      0.0000
      1650    -27.692110    -36.4099      8.7178      0.0000      8.7800    -45.1899      6.5728      2.1450      0.0000      0.0000
      1665    -28.895045    -34.1883      5.2933      0.0000      9.7756    -43.9639      3.9192      1.3741      0.0000      0.0000
      1680    -27.523539    -34.8356      7.3121      0.0000      9.0060    -43.8416      6.8160      0.4961      0.0000      0.0000
      1695    -30.906761    -33.3189      2.4121      0.0000      8.6574    -41.9763      2.1680      0.2441      0.0000      0.0000
      1710    -31.856984    -36.3871      4.5301      0.0000      9.3135    -45.7006      3.8772      0.6529      0.0000      0.0000
      1725    -31.231480    -36.4458      5.2143      0.0000      9.5340    -45.9798      2.9780      2.2363      0.0000      0.0000
      1740    -30.757754    -34.2634      3.5056      0.0000      9.8498    -44.1131      2.7808      0.7248      0.0000      0.0000
      1755    -28.348573    -35.3621      7.0135      0.0000     10.2487    -45.6108      3.7009      3.3126      0.0000      0.0000
      1770    -26.175165    -35.7815      9.6063      0.0000     10.1595    -45.9409      6.8897      2.7166      0.0000      0.0000
      1785    -29.182813    -35.1250      5.9422      0.0000     10.8435    -45.9686      4.3375      1.6047      0.0000      0.0000
      1800    -27.746702    -35.0065      7.2598      0.0000     12.1675    -47.1740      4.2561      3.0037      0.0000      0.0000
      1815    -27.696258    -37.2151      9.5188      0.0000     10.8415    -48.0566      4.6518      4.8670      0.0000      0.0000
      1830    -29.446758    -35.8800      6.4332      0.0000     10.9890    -46.8690      2.7859      3.6473      0.0000      0.0000
      1845    -27.436841    -36.3313      8.8945      0.0000     11.2718    -47.6031      5.9289      2.9656      0.0000      0.0000
      1860    -24.210443    -35.0498     10.8394      0.0000     12.4032    -47.4530      7.7411      3.0983      0.0000      0.0000
      1875    -23.921949    -36.3914     12.4695      0.0000     12.4486    -48.8400      7.9507      4.5188      0.0000      0.0000
      1890    -25.465503    -31.3931      5.9276      0.0000     11.4275    -42.8206      2.0363      3.8913      0.0000      0.0000
      1905    -26.070922    -32.7733      6.7023      0.0000     11.0123    -43.7855      4.1609      2.5414      0.0000      0.0000
      1920    -27.412346    -32.1843      4.7720      0.0000     12.4352    -44.6195      4.1616      0.6104      0.0000      0.0000
      1935    -30.338959    -35.2747      4.9357      0.0000     10.1698    -45.4445      4.0352      0.9005      0.0000      0.0000
      1950    -29.394504    -36.5253      7.1308      0.0000     11.2975    -47.8228      6.4019      0.7289      0.0000      0.0000
      1965    -28.645953    -35.6690      7.0230      0.0000     12.5310    -48.1999      6.7301      0.2929      0.0000      0.0000
      1980    -27.229014    -36.5420      9.3130      0.0000     12.2342    -48.7762      8.1854      1.1275      0.0000      0.0000
      1995    -27.121039    -37.0214      9.9004      0.0000     11.9905    -49.0119      7.0645      2.8359      0.0000      0.0000
      2010    -28.841802    -34.6897      5.8479      0.0000     11.6666    -46.3564      2.5357      3.3122      0.0000      0.0000
      2025    -28.137051    -36.9915      8.8545      0.0000      9.4693    -46.4608      6.8983      1.9562      0.0000      0.0000
      2040    -29.016292    -34.8259      5.8096      0.0000     10.8577    -45.6836      4.6773      1.1324      0.0000      0.0000
      2055    -29.538856    -37.1153      7.5765      0.0000     10.6081    -47.7234      4.1545      3.4220      0.0000      0.0000
      2070    -28.628040    -36.0359      7.4079      0.0000     10.9447    -46.9806      3.8486      3.5592      0.0000      0.0000
      2085    -30.137755    -35.5855      5.4477      0.0000     10.2265    -45.8120      2.8445      2.6032      0.0000      0.0000
      2100    -27.317108    -36.9604      9.6433      0.0000      8.3002    -45.2607      5.6768      3.9665      0.0000      0.0000
      2115    -25.822890    -34.5555      8.7326      0.0000      7.8364    -42.3919      3.6854      5.0472      0.0000      0.0000
      2130    -25.774727    -32.0973      6.3226      0.0000      8.6946    -40.7919      2.8761      3.4465      0.0000      0.0000
      2145    -27.927533    -34.3843      6.4568      0.0000      9.7030    -44.0873      3.3178      3.1390      0.0000      0.0000
      2160    -25.046034    -32.3470      7.3010      0.0000      9.7356    -42.0826      6.6630      0.6379      0.0000      0.0000
      2175    -29.876202    -35.5727      5.6965      0.0000      9.5874    -45.1601      3.4686      2.2279      0.0000      0.0000
      2190    -30.644535    -33.2847      2.6401      0.0000      8.6522    -41.9369      1.6438      0.9963      0.0000      0.0000
      2205    -29.546132    -37.0000      7.4539      0.0000      8.0322    -45.0322      3.9906      3.4633      0.0000      0.0000
      2220    -29.231546    -38.9216      9.6901      0.0000      9.1383    -48.0599      6.5293      3.1608      0.0000      0.0000
      2235    -31.075766    -38.4205      7.3448      0.0000      8.6221    -47.0426      5.5732      1.7715      0.0000      0.0000
      2250    -31.362401    -38.2563      6.8939      0.0000      8.5867    -46.8431      5.9656      0.9284      0.0000      0.0000
      2265    -30.044663    -33.7785      3.7339      0.0000      9.0877    -42.8662      2.9463      0.7876      0.0000      0.0000
      2280    -27.650306    -34.8470      7.1967      0.0000      8.5653    -43.4123      4.5856      2.6112      0.0000      0.0000
      2295    -32.156517    -34.8158      2.6593      0.0000      8.3513    -43.1671      1.5287      1.1306      0.0000      0.0000
      2310    -31.835407    -37.6577      5.8223      0.0000      9.4330    -47.0907      3.7530      2.0693      0.0000      0.0000
      2325    -30.407850    -37.6925      7.2846      0.0000      9.1694    -46.8618      4.2834      3.0012      0.0000      0.0000
      2340    -29.173422    -35.2772      6.1038      0.0000     11.2009    -46.4781      4.4040      1.6998      0.0000      0.0000
      2355    -30.007771    -34.0365      4.0287      0.0000     11.4113    -45.4478      2.6365      1.3922      0.0000      0.0000
      2370    -31.383619    -36.5687      5.1851      0.0000     10.6733    -47.2420      3.9363      1.2488      0.0000      0.0000
      2385    -31.228363    -38.9264      7.6980      0.0000      9.5729    -48.4992      5.4010      2.2970      0.0000      0.0000
      2400    -33.529099    -36.4113      2.8822      0.0000     10.2917    -46.7029      2.5757      0.3064      0.0000      0.0000
      2415    -32.031604    -38.3937      6.3621      0.0000     10.3974    -48.7911      5.1073      1.2547      0.0000      0.0000
      2430    -29.264660    -37.7614      8.4967      0.0000     10.6435    -48.4049      6.3623      2.1344      0.0000      0.0000
      2445    -33.379485    -35.6873      2.3078      0.0000     12.0312    -47.7185      1.2204      1.0874      0.0000      0.0000
      2460    -29.053396    -35.7066      6.6532      0.0000     11.3638    -47.0704      4.4820      2.1712      0.0000      0.0000
      2475    -30.260762    -35.5818      5.3210      0.0000     10.7117    -46.2935      2.4554      2.8656      0.0000      0.0000
      2490    -30.382243    -33.5002      3.1179      0.0000     11.7733    -45.2735      1.0822      2.0357      0.0000      0.0000
      2505    -29.189868    -32.2388      3.0489      0.0000     11.0847    -43.3235      1.2489      1.8000      0.0000      0.0000
      2520    -28.539364    -36.1806      7.6412      0.0000     10.2587    -46.4393      5.4017      2.2395      0.0000      0.0000
      2535    -28.247709    -37.0115      8.7638      0.0000     10.7190    -47.7305      6.5566      2.2072      0.0000      0.0000
      2550    -27.736740    -35.7776      8.0408      0.0000     10.8727    -46.6503      6.0425      1.9983      0.0000      0.0000
      2565    -27.154331    -35.5514      8.3970      0.0000     10.6732    -46.2246      6.7019      1.6951      0.0000      0.0000
      2580    -28.693017    -32.7630      4.0700      0.0000     12.6180    -45.3810      2.0576      2.0124      0.0000      0.0000
      2595    -29.298971    -36.0282      6.7292      0.0000     11.3036    -47.3318      3.7311      2.9981      0.0000      0.0000
      2610    -29.492952    -36.0217      6.5288      0.0000     11.7027    -47.7244      4.2195      2.3093      0.0000      0.0000
      2625    -29.373442    -39.3798     10.0064      0.0000     11.5747    -50.9545      6.8905      3.1159      0.0000      0.0000
      2640    -27.955868    -37.3053      9.3495      0.0000     11.9028    -49.2081      5.9174      3.4321      0.0000      0.0000
      2655    -26.671039    -36.2438      9.5727      0.0000     11.7520    -47.9958      6.4122      3.1605      0.0000      0.0000
      2670    -28.252251    -33.6281      5.3759      0.0000     10.9702    -44.5983      3.8615      1.5144      0.0000      0.0000
      2685    -30.341129    -35.4224      5.0812      0.0000     10.7402    -46.1626      3.4493      1.6319      0.0000      0.0000
      2700    -28.500881    -33.5340      5.0331      0.0000     10.8363    -44.3703      3.4465      1.5866      0.0000      0.0000
      2715    -28.131438    -36.5002      8.3688      0.0000     11.0008    -47.5011      6.3519      2.0169      0.0000      0.0000
      2730    -28.361821    -34.7501      6.3883      0.0000     10.0618    -44.8120      5.0404      1.3479      0.0000      0.0000
      2745    -28.843568    -35.4498      6.6062      0.0000     10.3532    -45.8030      4.5122      2.0940      0.0000      0.0000
      2760    -29.348799    -33.9503      4.6015      0.0000     11.0453    -44.9956      2.9268      1.6746      0.0000      0.0000
      2775    -29.236941    -32.0855      2.8486      0.0000     10.5679    -42.6534      1.7587      1.0899      0.0000      0.0000
      2790    -30.009544    -34.7695      4.7600      0.0000     10.8126    -45.5821      2.3148      2.4452      0.0000      0.0000
      2805    -30.906121    -35.0795      4.1734      0.0000     11.8443    -46.9238      1.8932      2.2802      0.0000      0.0000
      2820    -29.391517    -36.6093      7.2178      0.0000     13.4690    -50.0783      5.3500      1.8678      0.0000      0.0000
      2835    -28.582397    -33.8735      5.2911      0.0000     14.5553    -48.4288      4.1811      1.1100      0.0000      0.0000
      2850    -30.696066    -35.1410      4.4449      0.0000     14.3268    -49.4678      3.5128      0.9321      0.0000      0.0000
      2865    -30.466551    -34.9551      4.4885      0.0000     14.3576    -49.3127      3.0241      1.4644      0.0000      0.0000
      2880    -26.129374    -33.5137      7.3843      0.0000     13.4522    -46.9658      5.2181      2.1661      0.0000      0.0000
      2895    -24.982260    -34.7772      9.7950      0.0000     12.8079    -47.5851      5.3487      4.4463      0.0000      0.0000
      2910    -23.932216    -33.8760      9.9438      0.0000     13.5289    -47.4049      7.4644      2.4794      0.0000      0.0000
      2925    -23.343781    -33.8838     10.5400      0.0000     14.2425    -48.1263      8.8379      1.7021      0.0000      0.0000
      2940    -20.518635    -35.8678     15.3492      0.0000     12.7600    -48.6278     13.3177      2.0314      0.0000      0.0000
      2955    -26.624200    -35.7394      9.1152      0.0000     14.3246    -50.0640      6.2372      2.8780      0.0000      0.0000
      2970    -30.441715    -36.6769      6.2351      0.0000     14.5974    -51.2743      4.7217      1.5135      0.0000      0.0000
      2985    -29.374740    -34.5976      5.2228      0.0000     13.6797    -48.2773      4.2717      0.9512      0.0000      0.0000
      3000    -28.615906    -36.1857      7.5698      0.0000     13.4814    -49.6671      6.8560      0.7138      0.0000      0.0000
      3015    -28.140191    -34.0358      5.8956      0.0000     13.4513    -47.4871      5.2559      0.6396      0.0000      0.0000
      3030    -28.148318    -33.3839      5.2356      0.0000     14.1582    -47.5422      4.1712      1.0644      0.0000      0.0000
      3045    -29.350187    -34.6145      5.2643      0.0000     11.8014    -46.4159      4.6056      0.6587      0.0000      0.0000
      3060    -27.965045    -32.8430      4.8780      0.0000     14.1210    -46.9640      2.8937      1.9843      0.0000      0.0000
      3075    -26.632909    -33.2503      6.6174      0.0000     14.0627    -47.3130      5.7142      0.9032      0.0000      0.0000
      3090    -25.384044    -33.4696      8.0855      0.0000     15.2278    -48.6973      6.1199      1.9657      0.0000      0.0000
      3105    -25.190978    -34.3474      9.1564      0.0000     13.0101    -47.3575      5.8304      3.3260      0.0000      0.0000
      3120    -28.944826    -36.0746      7.1297      0.0000     12.4795    -48.5541      4.4845      2.6453      0.0000      0.0000
      3135    -29.238191    -33.8622      4.6240      0.0000     13.3162    -47.1783      2.5478      2.0762      0.0000      0.0000
      3150    -26.387029    -33.5748      7.1877      0.0000     13.3853    -46.9600      4.1087      3.0790      0.0000      0.0000
      3165    -25.033585    -33.0528      8.0192      0.0000     14.2414    -47.2942      5.4957      2.5235      0.0000      0.0000
      3180    -28.350367    -32.8432      4.4929      0.0000     12.5076    -45.3509      2.7520      1.7408      0.0000      0.0000
      3195    -26.403152    -35.4196      9.0165      0.0000     12.1047    -47.5243      6.2177      2.7988      0.0000      0.0000
      3210    -25.683601    -31.2029      5.5193      0.0000     11.4744    -42.6773      4.4253      1.0940      0.0000      0.0000
      3225    -30.122278    -35.5896      5.4673      0.0000     11.7640    -47.3536      3.8432      1.6241      0.0000      0.0000
      3240    -29.056451    -31.9432      2.8868      0.0000     13.1611    -45.1043      2.3307      0.5561      0.0000      0.0000
      3255    -25.420094    -33.2876      7.8675      0.0000     13.2176    -46.5052      6.9401      0.9274      0.0000      0.0000
      3270    -26.832021    -34.3661      7.5341      0.0000     13.9172    -48.2833      4.8949      2.6392      0.0000      0.0000
      3285    -27.988465    -33.6927      5.7042      0.0000     12.6969    -46.3895      4.0757      1.6285      0.0000      0.0000
      3300    -27.443273    -33.1221      5.6789      0.0000     12.5928    -45.7149      4.1329      1.5460      0.0000      0.0000
      3315    -26.600294    -32.0672      5.4669      0.0000     11.6084    -43.6757      2.2459      3.2210      0.0000      0.0000
      3330    -27.660544    -32.8044      5.1438      0.0000     10.5851    -43.3895      3.1893      1.9546      0.0000      0.0000
      3345    -30.378598    -32.5318      2.1532      0.0000     11.2996    -43.8314      1.7712      0.3819      0.0000      0.0000
      3360    -27.818541    -33.8223      6.0038      0.0000     11.4589    -45.2812      3.4482      2.5555      0.0000      0.0000
      3375    -27.953788    -34.3983      6.4445      0.0000      9.8517    -44.2500      3.3893      3.0552      0.0000      0.0000
      3390    -28.242290    -35.5979      7.3556      0.0000     11.4143    -47.0122      2.5807      4.7749      0.0000      0.0000
      3405    -27.528114    -36.1810      8.6529      0.0000     10.8458    -47.0268      3.4549      5.1980      0.0000      0.0000
      3420    -27.035369    -35.8529      8.8175      0.0000     11.9254    -47.7783      4.4899      4.3276      0.0000      0.0000
      3435    -28.723067    -34.9718      6.2487      0.0000      9.4331    -44.4048      4.0271      2.2216      0.0000      0.0000
      3450    -25.607337    -34.4520      8.8447      0.0000     10.0054    -44.4574      5.6004      3.2443      0.0000      0.0000
      3465    -26.779594    -33.8256      7.0460      0.0000      9.5830    -43.4086      5.5504      1.4957      0.0000      0.0000
      3480    -27.233856    -33.3501      6.1162      0.0000     10.2311    -43.5812      4.5321      1.5842      0.0000      0.0000
      3495    -28.232106    -32.6837      4.4516      0.0000      9.2351    -41.9188      2.9557      1.4959      0.0000      0.0000
      3510    -26.703907    -35.6703      8.9664      0.0000      8.9424    -44.6127      7.0663      1.9001      0.0000      0.0000
      3525    -27.148739    -35.5707      8.4220      0.0000      9.7947    -45.3654      4.0129      4.4091      0.0000      0.0000
      3540    -28.833539    -32.5349      3.7013      0.0000     10.9797    -43.5146      2.1407      1.5606      0.0000      0.0000
      3555    -27.783680    -31.3773      3.5936      0.0000     10.4733    -41.8506      2.3033      1.2903      0.0000      0.0000
      3570    -27.451067    -33.9433      6.4922      0.0000     10.1714    -44.1147      4.6773      1.8149      0.0000      0.0000
      3585    -29.404736    -34.1523      4.7476      0.0000      8.8978    -43.0501      3.7230      1.0246      0.0000      0.0000
      3600    -29.912050    -33.3521      3.4401      0.0000      7.4538    -40.8059      2.4044      1.0357      0.0000      0.0000
      3615    -29.218693    -35.2185      5.9998      0.0000      7.5668    -42.7853      4.4718      1.5279      0.0000      0.0000
      3630    -26.827998    -33.6169      6.7889      0.0000      6.8595    -40.4764      5.6716      1.1173      0.0000      0.0000
      3645    -28.118139    -33.5080      5.3898      0.0000      8.4663    -41.9743      3.1238      2.2660      0.0000      0.0000
      3660    -27.299950    -33.6266      6.3267      0.0000      8.6170    -42.2436      4.2822      2.0444      0.0000      0.0000
      3675    -27.390161    -33.1160      5.7258      0.0000      8.7389    -41.8549      4.1538      1.5720      0.0000      0.0000
      3690    -25.866413    -30.2681      4.4017      0.0000      9.7826    -40.0507      3.9647      0.4370      0.0000      0.0000
      3705    -29.102330    -32.4790      3.3766      0.0000      9.5727    -42.0516      1.6079      1.7687      0.0000      0.0000
      3720    -29.302097    -34.9537      5.6516      0.0000     10.2602    -45.2138      3.2303      2.4213      0.0000      0.0000
      3735    -26.559755    -36.7594     10.1996      0.0000     10.2005    -46.9598      5.9799      4.2197      0.0000      0.0000
      3750    -25.306035    -39.2081     13.9021      0.0000      9.7624    -48.9706      8.4832      5.4188      0.0000      0.0000
      3765    -22.807210    -38.8819     16.0747      0.0000      8.4138    -47.2957     10.1848      5.8899      0.0000      0.0000
      3780    -26.423473    -36.4642     10.0407      0.0000      8.8842    -45.3484      6.0836      3.9571      0.0000      0.0000
      3795    -29.294816    -35.1929      5.8981      0.0000      7.1547    -42.3476      1.7564      4.1417      0.0000      0.0000
      3810    -27.811995    -33.7378      5.9258      0.0000      7.7135    -41.4513      3.4578      2.4680      0.0000      0.0000
      3825    -27.018402    -33.6129      6.5945      0.0000      9.1782    -42.7911      4.5038      2.0907      0.0000      0.0000
      3840    -26.375561    -34.3580      7.9824      0.0000      8.9881    -43.3461      4.3982      3.5842      0.0000      0.0000
      3855    -26.341012    -36.6662     10.3252      0.0000      8.3085    -44.9747      7.2506      3.0746      0.0000      0.0000
      3870    -25.266725    -35.7090     10.4422      0.0000      8.8128    -44.5217      7.4353      3.0070      0.0000      0.0000
      3885    -27.809331    -34.8672      7.0579      0.0000      8.1033    -42.9705      5.6011      1.4568      0.0000      0.0000
      3900    -28.896598    -32.3017      3.4051      0.0000      8.8530    -41.1547      2.2655      1.1395      0.0000      0.0000
      3915    -27.145508    -31.9532      4.8077      0.0000      8.9616    -40.9148      1.6570      3.1507      0.0000      0.0000
      3930    -27.203356    -31.3640      4.1606      0.0000      9.6236    -40.9876      0.9015      3.2592      0.0000      0.0000
      3945    -28.675185    -33.1591      4.4839      0.0000      9.2473    -42.4064      3.3874      1.0964      0.0000      0.0000
      3960    -30.514691    -33.3188      2.8041      0.0000      9.4153    -42.7342      0.8786      1.9255      0.0000      0.0000
      3975    -27.883736    -32.8064      4.9226      0.0000      8.9743    -41.7807      2.0765      2.8461      0.0000      0.0000
      3990    -28.292664    -32.4979      4.2053      0.0000     10.0093    -42.5072      2.1359      2.0694      0.0000      0.0000
      4005    -29.325430    -31.3109      1.9854      0.0000     10.3901    -41.7009      1.6570      0.3284      0.0000      0.0000
      4020    -29.167768    -31.3268      2.1591      0.0000     11.5928    -42.9196      0.7716      1.3875      0.0000      0.0000
      4035    -28.345704    -31.6218      3.2761      0.0000     11.6287    -43.2505      2.2546      1.0215      0.0000      0.0000
      4050    -28.149804    -32.6192      4.4694      0.0000     11.2416    -43.8608      2.0009      2.4685      0.0000      0.0000
      4065    -27.007752    -33.8442      6.8365      0.0000     10.9722    -44.8164      5.1727      1.6637      0.0000      0.0000
      4080    -27.232569    -34.7102      7.4777      0.0000      9.5975    -44.3078      6.9079      0.5698      0.0000      0.0000
      4095    -29.711567    -33.8985      4.1869      0.0000     10.4669    -44.3654      3.3667      0.8202      0.0000      0.0000
      4110    -29.224728    -33.4948      4.2701      0.0000     10.4362    -43.9310      2.1936      2.0765      0.0000      0.0000
      4125    -29.651315    -34.6248      4.9735      0.0000     10.6771    -45.3020      3.7419      1.2316      0.0000      0.0000
      4140    -29.683786    -32.0927      2.4089      0.0000     12.4611    -44.5538      2.1289      0.2799      0.0000      0.0000
      4155    -27.198475    -32.2416      5.0431      0.0000     13.1838    -45.4254      4.4507      0.5924      0.0000      0.0000
      4170    -29.309604    -32.7069      3.3973      0.0000     11.3989    -44.1058      1.4521      1.9452      0.0000      0.0000
      4185    -29.982272    -34.3883      4.4061      0.0000     10.5261    -44.9144      2.7095      1.6965      0.0000      0.0000
      4200    -29.678573    -35.3941      5.7155      0.0000      9.6076    -45.0017      3.0430      2.6725      0.0000      0.0000
      4215    -27.390019    -33.9631      6.5731      0.0000      9.7887    -43.7518      3.5408      3.0323      0.0000      0.0000
      4230    -27.068825    -34.6062      7.5373      0.0000      8.4962    -43.1024      2.1376      5.3998      0.0000      0.0000
      4245    -29.196336    -34.4750      5.2786      0.0000      8.2916    -42.7666      2.3281      2.9505      0.0000      0.0000
      4260    -29.571574    -34.4102      4.8386      0.0000      7.8204    -42.2306      1.9264      2.9122      0.0000      0.0000
      4275    -28.301957    -35.8422      7.5403      0.0000      7.9139    -43.7561      5.0497      2.4906      0.0000      0.0000
      4290    -23.924771    -39.3629     15.4381      0.0000      7.9357    -47.2985     11.5996      3.8385      0.0000      0.0000
      4305    -26.696431    -39.5388     12.8423      0.0000      9.9827    -49.5215      8.8744      3.9679      0.0000      0.0000
      4320    -27.997587    -36.5238      8.5262      0.0000     10.4783    -47.0021      4.2795      4.2467      0.0000      0.0000
      4335    -29.004463    -36.5681      7.5636      0.0000     11.9481    -48.5162      4.8725      2.6911      0.0000      0.0000
      4350    -30.252198    -33.8989      3.6467      0.0000     11.5358    -45.4347      2.5314      1.1152      0.0000      0.0000
      4365    -28.311145    -36.3044      7.9933      0.0000     11.8707    -48.1752      4.5896      3.4037      0.0000      0.0000
      4380    -30.779343    -33.6928      2.9134      0.0000     13.4621    -47.1549      1.6973      1.2161      0.0000      0.0000
      4395    -30.772719    -33.0178      2.2450      0.0000     12.7269    -45.7447      1.8808      0.3642      0.0000      0.0000
      4410    -29.664451    -34.0948      4.4303      0.0000     12.9068    -47.0015      3.5367      0.8937      0.0000      0.0000
      4425    -27.466483    -34.6165      7.1500      0.0000     14.0102    -48.6267      5.8012      1.3489      0.0000      0.0000
      4440    -28.062698    -35.0842      7.0215      0.0000     14.2206    -49.3048      4.9777      2.0438      0.0000      0.0000
      4455    -26.673609    -35.8130      9.1394      0.0000     13.8842    -49.6972      6.8544      2.2850      0.0000      0.0000
      4470    -29.469398    -32.8266      3.3572      0.0000     13.5461    -46.3727      2.0696      1.2876      0.0000      0.0000
      4485    -28.655766    -31.9276      3.2719      0.0000     14.7002    -46.6279      1.3222      1.9497      0.0000      0.0000
      4500    -26.783312    -36.2758      9.4925      0.0000     13.5720    -49.8477      7.3571      2.1353      0.0000      0.0000
      4515    -28.640616    -35.0513      6.4107      0.0000     13.2713    -48.3226      4.1542      2.2565      0.0000      0.0000
      4530    -30.037714    -33.8859      3.8482      0.0000     13.8046    -47.6904      3.4439      0.4042      0.0000      0.0000
      4545    -28.052094    -31.7902      3.7381      0.0000     12.7628    -44.5529      2.0191      1.7190      0.0000      0.0000
      4560    -28.510769    -33.3234      4.8126      0.0000     11.6131    -44.9364      2.8949      1.9177      0.0000      0.0000
      4575    -26.970945    -34.4591      7.4881      0.0000     12.5341    -46.9932      5.9684      1.5197      0.0000      0.0000
      4590    -26.549418    -36.3251      9.7757      0.0000     12.7576    -49.0827      9.2788      0.4969      0.0000      0.0000
      4605    -25.502914    -33.6647      8.1618      0.0000     13.0499    -46.7146      5.6309      2.5309      0.0000      0.0000
      4620    -28.466003    -35.3738      6.9078      0.0000     11.2297    -46.6036      4.3315      2.5764      0.0000      0.0000
      4635    -26.857993    -38.0120     11.1540      0.0000      9.9631    -47.9751      9.5348      1.6192      0.0000      0.0000
      4650    -29.217353    -34.5946      5.3772      0.0000     11.1499    -45.7445      4.6846      0.6926      0.0000      0.0000
      4665    -28.748014    -32.5069      3.7589      0.0000     11.1136    -43.6205      3.3458      0.4131      0.0000      0.0000
      4680    -29.286608    -35.3102      6.0236      0.0000     10.3690    -45.6792      5.4595      0.5640      0.0000      0.0000
      4695    -30.183271    -35.1639      4.9806      0.0000     11.0974    -46.2613      4.7248      0.2558      0.0000      0.0000
      4710    -29.367196    -33.5837      4.2165      0.0000     14.3423    -47.9260      3.8882      0.3283      0.0000      0.0000
      4725    -27.926754    -36.1761      8.2494      0.0000     13.9033    -50.0795      7.9550      0.2944      0.0000      0.0000
      4740    -28.987261    -38.6277      9.6404      0.0000     15.2383    -53.8660      8.2343      1.4061      0.0000      0.0000
      4755    -26.903907    -34.0993      7.1954      0.0000     16.1853    -50.2846      4.6920      2.5034      0.0000      0.0000
      4770    -25.102252    -37.7922     12.6900      0.0000     17.9505    -55.7427     10.8125      1.8775      0.0000      0.0000
      4785    -27.417060    -34.1405      6.7235      0.0000     18.3115    -52.4520      5.4848      1.2386      0.0000      0.0000
      4800    -28.189515    -32.1663      3.9768      0.0000     17.4675    -49.6339      2.3700      1.6068      0.0000      0.0000
      4815    -28.670338    -33.0568      4.3864      0.0000     16.5471    -49.6039      2.9426      1.4438      0.0000      0.0000
      4830    -28.175905    -34.2133      6.0374      0.0000     15.0492    -49.2625      2.2699      3.7675      0.0000      0.0000
      4845    -27.557924    -35.2409      7.6830      0.0000     16.6009    -51.8418      3.5642      4.1188      0.0000      0.0000
      4860    -28.740303    -34.8313      6.0909      0.0000     15.7624    -50.5937      4.7893      1.3016      0.0000      0.0000
      4875    -27.964683    -33.3225      5.3578      0.0000     15.4880    -48.8105      3.0515      2.3063      0.0000      0.0000
      4890    -27.623069    -33.3836      5.7605      0.0000     15.5487    -48.9323      3.3707      2.3898      0.0000      0.0000
      4905    -25.530279    -33.3588      7.8285      0.0000     16.3334    -49.6921      6.2267      1.6018      0.0000      0.0000
      4920    -24.017795    -32.9261      8.9083      0.0000     16.2645    -49.1906      5.8062      3.1021      0.0000      0.0000
      4935    -23.170230    -32.3074      9.1372      0.0000     17.0312    -49.3386      7.4853      1.6519      0.0000      0.0000
      4950    -27.920523    -30.5956      2.6751      0.0000     16.7697    -47.3654      1.9916      0.6835      0.0000      0.0000
      4965    -26.458197    -30.8936      4.4354      0.0000     17.7267    -48.6204      3.8079      0.6276      0.0000      0.0000
      4980    -26.499962    -31.4856      4.9856      0.0000     18.6914    -50.1770      3.4876      1.4980      0.0000      0.0000
      4995    -23.976532    -30.7478      6.7713      0.0000     19.1162    -49.8640      3.8120      2.9593      0.0000      0.0000
      5010    -24.805055    -32.3370      7.5319      0.0000     18.3138    -50.6508      4.7756      2.7563      0.0000      0.0000
      5025    -23.904064    -30.9249      7.0209      0.0000     18.2391    -49.1640      4.2916      2.7293      0.0000      0.0000
      5040    -24.942653    -33.0991      8.1564      0.0000     15.5504    -48.6494      4.5544      3.6020      0.0000      0.0000
      5055    -23.821389    -34.4265     10.6051      0.0000     14.4200    -48.8465      8.3720      2.2331      0.0000      0.0000
      5070    -24.243982    -34.9808     10.7369      0.0000     15.2457    -50.2265      6.9149      3.8220      0.0000      0.0000
      5085    -27.472051    -35.0329      7.5608      0.0000     15.7600    -50.7929      4.7819      2.7789      0.0000      0.0000
      5100    -25.037673    -32.8725      7.8348      0.0000     15.3407    -48.2131      5.3717      2.4631      0.0000      0.0000
      5115    -27.408051    -33.3045      5.8965      0.0000     14.1483    -47.4528      4.5818      1.3147      0.0000      0.0000
      5130    -28.532730    -33.4557      4.9230      0.0000     14.9177    -48.3735      3.5731      1.3499      0.0000      0.0000
      5145    -28.042679    -34.0576      6.0149      0.0000     15.4061    -49.4636      4.3150      1.6999      0.0000      0.0000
      5160    -27.560501    -35.3053      7.7448      0.0000     14.4912    -49.7965      7.0600      0.6849      0.0000      0.0000
      5175    -23.796974    -36.1761     12.3792      0.0000     13.7967    -49.9728     11.5108      0.8684      0.0000      0.0000
      5190    -23.296437    -33.4962     10.1998      0.0000     12.3017    -45.7979      8.5344      1.6653      0.0000      0.0000
      5205    -22.700728    -35.1451     12.4444      0.0000     13.2374    -48.3825     10.7176      1.7268      0.0000      0.0000
      5220    -24.671830    -34.0049      9.3331      0.0000     12.4136    -46.4185      7.5423      1.7908      0.0000      0.0000
      5235    -24.869246    -32.2455      7.3762      0.0000     16.1170    -48.3625      6.1859      1.1903      0.0000      0.0000
      5250    -26.629637    -29.5972      2.9676      0.0000     16.4967    -46.0939      1.9407      1.0269      0.0000      0.0000
      5265    -25.883795    -29.9272      4.0434      0.0000     15.9382    -45.8654      1.9369      2.1065      0.0000      0.0000
      5280    -25.177716    -29.9059      4.7282      0.0000     15.9073    -45.8132      3.4516      1.2766      0.0000      0.0000
      5295    -26.651908    -32.7946      6.1427      0.0000     13.4602    -46.2547      4.4677      1.6749      0.0000      0.0000
      5310    -27.467815    -34.9667      7.4989      0.0000     12.6729    -47.6396      4.5659      2.9331      0.0000      0.0000
      5325    -24.913878    -34.5863      9.6724      0.0000     13.0411    -47.6274      7.0560      2.6164      0.0000      0.0000
      5340    -27.753389    -35.1048      7.3514      0.0000     11.3387    -46.4435      4.7423      2.6091      0.0000      0.0000
      5355    -27.916273    -34.9366      7.0204      0.0000     12.5807    -47.5174      4.2120      2.8083      0.0000      0.0000
      5370    -24.088892    -35.8055     11.7166      0.0000     14.4224    -50.2280      8.4363      3.2803      0.0000      0.0000
      5385    -27.130125    -36.6193      9.4892      0.0000     12.0473    -48.6666      6.5028      2.9864      0.0000      0.0000
      5400    -28.810705    -35.0263      6.2156      0.0000     11.7979    -46.8242      4.3326      1.8830      0.0000      0.0000
      5415    -28.162929    -37.2216      9.0587      0.0000     10.2047    -47.4263      6.7701      2.2885      0.0000      0.0000
      5430    -28.524263    -34.2481      5.7239      0.0000     10.6755    -44.9236      3.5040      2.2198      0.0000      0.0000
      5445    -28.512358    -33.7402      5.2279      0.0000     10.1201    -43.8603      4.0993      1.1286      0.0000      0.0000
      5460    -27.060302    -35.1919      8.1316      0.0000      8.8776    -44.0695      6.7528      1.3788      0.0000      0.0000
      5475    -27.673612    -32.8755      5.2018      0.0000      8.8698    -41.7453      2.9685      2.2334      0.0000      0.0000
      5490    -29.275065    -34.5922      5.3171      0.0000      8.7946    -43.3867      4.1265      1.1906      0.0000      0.0000
      5505    -27.682019    -33.7757      6.0936      0.0000      8.9221    -42.6978      4.0034      2.0902      0.0000      0.0000
      5520    -26.476727    -34.7241      8.2474      0.0000      9.1289    -43.8530      7.5119      0.7355      0.0000      0.0000
      5535    -28.244889    -33.9779      5.7330      0.0000     10.3266    -44.3045      3.2010      2.5320      0.0000      0.0000
      5550    -29.382947    -34.0921      4.7091      0.0000     10.2139    -44.3059      3.7728      0.9363      0.0000      0.0000
      5565    -27.241178    -31.5144      4.2732      0.0000      9.2903    -40.8047      1.6809      2.5923      0.0000      0.0000
      5580    -26.608832    -33.1555      6.5467      0.0000      9.4568    -42.6123      4.8555      1.6911      0.0000      0.0000
      5595    -27.902386    -35.7236      7.8212      0.0000      9.0732    -44.7968      6.2752      1.5461      0.0000      0.0000
      5610    -28.573030    -33.3029      4.7299      0.0000     11.6227    -44.9256      3.3561      1.3737      0.0000      0.0000
      5625    -27.707273    -32.9456      5.2383      0.0000     12.3985    -45.3441      4.6022      0.6362      0.0000      0.0000
      5640    -28.696136    -34.3175      5.6214      0.0000     12.5659    -46.8834      4.7772      0.8441      0.0000      0.0000
      5655    -28.498859    -34.0351      5.5363      0.0000     14.5450    -48.5801      4.1973      1.3390      0.0000      0.0000
      5670    -29.204973    -33.6845      4.4795      0.0000     11.7297    -45.4142      4.1520      0.3275      0.0000      0.0000
      5685    -28.484524    -33.4060      4.9215      0.0000     12.0349    -45.4409      4.1093      0.8122      0.0000      0.0000
      5700    -30.220507    -36.3071      6.0866      0.0000     12.4474    -48.7545      4.8883      1.1983      0.0000      0.0000
      5715    -30.934071    -34.2864      3.3524      0.0000     11.2931    -45.5795      2.6684      0.6839      0.0000      0.0000
      5730    -27.479672    -37.1583      9.6786      0.0000     11.1005    -48.2588      8.2299      1.4487      0.0000      0.0000
      5745    -27.274442    -34.8564      7.5820      0.0000     11.0187    -45.8752      6.3826      1.1994      0.0000      0.0000
      5760    -28.806678    -32.0522      3.2455      0.0000     10.5798    -42.6320      1.9732      1.2724      0.0000      0.0000
      5775    -31.148916    -35.9654      4.8165      0.0000      9.2246    -45.1900      3.1965      1.6200      0.0000      0.0000
      5790    -29.019415    -35.0340      6.0146      0.0000      9.5090    -44.5430      4.6316      1.3830      0.0000      0.0000
      5805    -28.985966    -34.6159      5.6300      0.0000     10.1807    -44.7967      3.8432      1.7867      0.0000      0.0000
      5820    -27.759544    -34.4743      6.7148      0.0000      9.2704    -43.7447      4.4194      2.2953      0.0000      0.0000
      5835    -29.259598    -35.0254      5.7658      0.0000      9.0330    -44.0584      3.6587      2.1071      0.0000      0.0000
      5850    -27.286317    -35.1284      7.8421      0.0000      8.6378    -43.7662      3.8140      4.0281      0.0000      0.0000
      5865    -22.237130    -32.2104      9.9733      0.0000      9.7402    -41.9506      2.4638      7.5094      0.0000      0.0000
      5880    -23.138229    -35.8439     12.7057      0.0000      8.6092    -44.4531      6.7388      5.9669      0.0000      0.0000
      5895    -23.996210    -33.4939      9.4977      0.0000      9.4377    -42.9316      3.7908      5.7069      0.0000      0.0000
      5910    -25.184307    -34.4255      9.2412      0.0000      9.0577    -43.4832      4.0816      5.1597      0.0000      0.0000
      5925    -28.916206    -33.8504      4.9341      0.0000      9.1535    -43.0038      3.5769      1.3572      0.0000      0.0000
      5940    -24.736799    -36.2931     11.5563      0.0000      8.0656    -44.3587      8.0956      3.4608      0.0000      0.0000
      5955    -27.523926    -34.3609      6.8369      0.0000      7.6264    -41.9873      5.4773      1.3597      0.0000      0.0000
      5970    -29.538238    -35.2950      5.7568      0.0000      7.6168    -42.9118      5.4456      0.3112      0.0000      0.0000
      5985    -30.385524    -34.8290      4.4434      0.0000      7.6760    -42.5050      2.9605      1.4829      0.0000      0.0000
      6000    -30.254379    -33.3493      3.0950      0.0000      7.9347    -41.2840      2.1777      0.9173      0.0000      0.0000
      6015    -30.436155    -32.1794      1.7432      0.0000      7.8978    -40.0772      0.9578      0.7854      0.0000      0.0000
      6030    -29.509773    -34.1690      4.6593      0.0000      7.2473    -41.4164      3.7372      0.9220      0.0000      0.0000
      6045    -29.879746    -35.0178      5.1381      0.0000      7.3054    -42.3232      4.0557      1.0823      0.0000      0.0000
      6060    -29.522394    -34.3408      4.8184      0.0000      6.8518    -41.1926      3.7862      1.0323      0.0000      0.0000
      6075    -29.991181    -34.7810      4.7898      0.0000      7.2508    -42.0318      3.0821      1.7077      0.0000      0.0000
      6090    -30.006010    -35.0108      5.0048      0.0000      6.4954    -41.5063      3.5387      1.4661      0.0000      0.0000
      6105    -28.652715    -33.8797      5.2270      0.0000      6.7625    -40.6422      3.3031      1.9239      0.0000      0.0000
      6120    -26.734377    -31.3013      4.5670      0.0000      7.0355    -38.3369      1.9428      2.6241      0.0000      0.0000
      6135    -22.715547    -30.3456      7.6301      0.0000      6.6705    -37.0161      4.3537      3.2764      0.0000      0.0000
      6150    -29.379495    -32.5456      3.1661      0.0000      7.1835    -39.7291      2.3307      0.8354      0.0000      0.0000
      6165    -29.954892    -32.4927      2.5378      0.0000      7.3342    -39.8269      1.7377      0.8001      0.0000      0.0000
      6180    -29.421205    -33.9579      4.5367      0.0000      7.6161    -41.5740      3.9446      0.5921      0.0000      0.0000
      6195    -28.610247    -35.0573      6.4470      0.0000      7.6243    -42.6815      5.9943      0.4527      0.0000      0.0000
      6210    -28.983950    -32.9836      3.9997      0.0000      9.0508    -42.0344      2.5542      1.4455      0.0000      0.0000
      6225    -27.995060    -33.2250      5.2300      0.0000      7.7022    -40.9273      3.8233      1.4067      0.0000      0.0000
      6240    -26.762670    -34.1524      7.3897      0.0000      7.4933    -41.6457      4.6010      2.7887      0.0000      0.0000
      6255    -28.901124    -35.4019      6.5008      0.0000      8.3864    -43.7883      4.7018      1.7990      0.0000      0.0000
      6270    -30.589653    -34.7525      4.1629      0.0000      8.8710    -43.6235      2.6298      1.5331      0.0000      0.0000
      6285    -30.326072    -32.5176      2.1915      0.0000      8.9234    -41.4410      1.7358      0.4557      0.0000      0.0000
      6300    -30.402833    -33.8524      3.4495      0.0000      9.4550    -43.3074      1.1427      2.3068      0.0000      0.0000
      6315    -29.925334    -34.6039      4.6786      0.0000      9.6460    -44.2500      2.4648      2.2139      0.0000      0.0000
      6330    -28.846453    -34.8852      6.0387      0.0000      9.8988    -44.7840      4.8673      1.1715      0.0000      0.0000
      6345    -29.470214    -34.4364      4.9661      0.0000      9.9581    -44.3944      4.2206      0.7455      0.0000      0.0000
      6360    -27.986283    -31.7210      3.7347      0.0000     10.5859    -42.3069      3.1002      0.6345      0.0000      0.0000
      6375    -27.406980    -35.4830      8.0760      0.0000     10.5226    -46.0056      5.9030      2.1730      0.0000      0.0000
      6390    -25.914562    -31.7274      5.8128      0.0000     10.5719    -42.2993      3.8993      1.9136      0.0000      0.0000
      6405    -29.237103    -34.1044      4.8673      0.0000     10.2945    -44.3989      3.5447      1.3226      0.0000      0.0000
      6420    -28.639749    -33.7858      5.1461      0.0000     10.9732    -44.7590      3.1323      2.0137      0.0000      0.0000
      6435    -29.261398    -35.4763      6.2149      0.0000     10.7613    -46.2376      3.8266      2.3883      0.0000      0.0000
      6450    -30.235381    -33.4097      3.1743      0.0000     10.6948    -44.1045      1.9919      1.1824      0.0000      0.0000
      6465    -28.967087    -34.9219      5.9548      0.0000      9.3115    -44.2334      4.1923      1.7625      0.0000      0.0000
      6480    -31.167479    -34.9791      3.8116      0.0000      8.3219    -43.3010      2.5228      1.2888      0.0000      0.0000
      6495    -30.006817    -34.6930      4.6862      0.0000      8.3305    -43.0234      3.0659      1.6203      0.0000      0.0000
      6510    -30.516416    -35.2245      4.7081      0.0000      8.7204    -43.9449      1.3833      3.3248      0.0000      0.0000
      6525    -31.362366    -33.2845      1.9221      0.0000     10.0277    -43.3122      0.5777      1.3445      0.0000      0.0000
      6540    -29.252450    -33.8650      4.6126      0.0000     11.7211    -45.5861      2.6657      1.9469      0.0000      0.0000
      6555    -24.352682    -34.2813      9.9286      0.0000     11.3654    -45.6467      5.0137      4.9150      0.0000      0.0000
      6570    -26.960700    -34.6536      7.6929      0.0000     11.8823    -46.5359      4.4668      3.2261      0.0000      0.0000
      6585    -31.635592    -36.3875      4.7519      0.0000     10.8724    -47.2599      3.0620      1.6899      0.0000      0.0000
      6600    -27.282689    -34.2861      7.0034      0.0000     11.0640    -45.3501      2.6810      4.3224      0.0000      0.0000
      6615    -26.288996    -34.5878      8.2988      0.0000     10.4721    -45.0599      2.3173      5.9815      0.0000      0.0000
      6630    -26.220596    -36.1037      9.8831      0.0000     10.9723    -47.0760      3.5941      6.2891      0.0000      0.0000
      6645    -27.540516    -36.6670      9.1265      0.0000     10.1838    -46.8508      3.8787      5.2478      0.0000      0.0000
      6660    -27.329036    -36.9771      9.6480      0.0000     10.1669    -47.1439      5.8356      3.8124      0.0000      0.0000
      6675    -28.831862    -34.6966      5.8647      0.0000     10.0824    -44.7790      3.5550      2.3097      0.0000      0.0000
      6690    -26.975641    -36.7003      9.7247      0.0000     10.2334    -46.9337      5.1659      4.5588      0.0000      0.0000
      6705    -26.040927    -36.1821     10.1412      0.0000      9.4906    -45.6727      8.0114      2.1298      0.0000      0.0000
      6720    -27.649816    -34.9947      7.3449      0.0000      9.9529    -44.9476      3.6462      3.6987      0.0000      0.0000
      6735    -27.794118    -35.8112      8.0171      0.0000     11.0166    -46.8278      3.9820      4.0350      0.0000      0.0000
      6750    -27.121437    -36.3316      9.2101      0.0000      9.8586    -46.1901      6.1894      3.0208      0.0000      0.0000
      6765    -27.874299    -34.5196      6.6453      0.0000      9.8668    -44.3863      4.4735      2.1718      0.0000      0.0000
      6780    -26.329086    -34.2281      7.8990      0.0000     10.5694    -44.7975      4.8221      3.0769      0.0000      0.0000
      6795    -29.604175    -34.9607      5.3565      0.0000     10.7857    -45.7464      3.4903      1.8662      0.0000      0.0000
      6810    -29.222917    -34.9961      5.7731      0.0000     11.0352    -46.0312      2.6965      3.0767      0.0000      0.0000
      6825    -29.332178    -35.9311      6.5989      0.0000     10.9226    -46.8537      4.9301      1.6689      0.0000      0.0000
      6840    -30.442007    -33.3455      2.9035      0.0000     12.1660    -45.5115      1.6197      1.2838      0.0000      0.0000
      6855    -27.809459    -31.9223      4.1129      0.0000     13.3623    -45.2846      2.2991      1.8138      0.0000      0.0000
      6870    -27.143700    -31.7690      4.6253      0.0000     12.1325    -43.9016      2.8219      1.8034      0.0000      0.0000
      6885    -26.861671    -33.6989      6.8372      0.0000     13.0000    -46.6989      4.2316      2.6056      0.0000      0.0000
      6900    -25.146564    -35.0474      9.9009      0.0000     11.0048    -46.0522      6.1177      3.7832      0.0000      0.0000
      6915    -23.334749    -36.6850     13.3502      0.0000     10.8607    -47.5456      8.1644      5.1858      0.0000      0.0000
      6930    -27.238425    -33.4387      6.2002      0.0000     12.4595    -45.8982      4.4991      1.7012      0.0000      0.0000
      6945    -27.414270    -31.6110      4.1967      0.0000     12.7692    -44.3802      2.4641      1.7327      0.0000      0.0000
      6960    -26.980275    -30.5552      3.5749      0.0000     14.5832    -45.1384      1.9491      1.6258      0.0000      0.0000
      6975    -28.376947    -31.0783      2.7014      0.0000     12.9481    -44.0265      2.3630      0.3384      0.0000      0.0000
      6990    -26.645518    -30.2060      3.5605      0.0000     12.9199    -43.1259      2.8735      0.6870      0.0000      0.0000
      7005    -28.011767    -32.5764      4.5646      0.0000     13.5646    -46.1409      3.6947      0.8699      0.0000      0.0000
      7020    -26.192494    -35.4695      9.2770      0.0000     12.0446    -47.5141      6.6295      2.6475      0.0000      0.0000
      7035    -25.687294    -34.9010      9.2137      0.0000     12.5113    -47.4123      7.7665      1.4472      0.0000      0.0000
      7050    -26.149364    -33.2361      7.0867      0.0000     11.9177    -45.1537      4.7157      2.3710      0.0000      0.0000
      7065    -28.184572    -34.8833      6.6987      0.0000     11.7828    -46.6661      6.5424      0.1563      0.0000      0.0000
      7080    -25.104551    -36.9256     11.8210      0.0000     10.9980    -47.9236     10.5382      1.2829      0.0000      0.0000
      7095    -27.164144    -34.4082      7.2440      0.0000     11.0471    -45.4553      6.2498      0.9942      0.0000      0.0000
      7110    -28.331646    -32.8165      4.4848      0.0000     10.8842    -43.7007      2.8656      1.6192      0.0000      0.0000
      7125    -29.212282    -35.6409      6.4286      0.0000     10.3523    -45.9931      4.9064      1.5222      0.0000      0.0000
      7140    -29.152429    -36.0651      6.9126      0.0000     11.6999    -47.7649      5.5162      1.3964      0.0000      0.0000
      7155    -30.611905    -34.0752      3.4633      0.0000     11.6666    -45.7418      2.0610      1.4022      0.0000      0.0000
      7170    -28.297045    -35.5689      7.2718      0.0000     10.7564    -46.3253      4.4577      2.8141      0.0000      0.0000
      7185    -29.865167    -33.7077      3.8425      0.0000     11.6122    -45.3199      2.3112      1.5314      0.0000      0.0000
      7200    -27.049899    -33.8750      6.8251      0.0000     12.1334    -46.0084      5.5938      1.2313      0.0000      0.0000
      7215    -27.891292    -33.8337      5.9424      0.0000     11.2825    -45.1161      4.6721      1.2703      0.0000      0.0000
      7230    -27.590455    -33.4327      5.8423      0.0000     10.6348    -44.0675      5.0832      0.7591      0.0000      0.0000
      7245    -26.404014    -32.6398      6.2358      0.0000     10.4590    -43.0988      2.0135      4.2223      0.0000      0.0000
      7260    -28.264544    -33.4749      5.2104      0.0000     11.0149    -44.4899      3.0702      2.1402      0.0000      0.0000
      7275    -28.748617    -34.8489      6.1003      0.0000     11.3467    -46.1956      2.4134      3.6869      0.0000      0.0000
      7290    -26.942704    -33.1393      6.1966      0.0000      9.5056    -42.6449      4.7025      1.4941      0.0000      0.0000
      7305    -27.947206    -30.5877      2.6405      0.0000      9.5876    -40.1753      1.7591      0.8814      0.0000      0.0000
      7320    -29.537228    -32.8730      3.3357      0.0000      8.1225    -40.9955      0.9358      2.4000      0.0000      0.0000
      7335    -27.710272    -34.3006      6.5903      0.0000      8.1289    -42.4295      4.4562      2.1341      0.0000      0.0000
      7350    -27.759847    -31.4058      3.6460      0.0000      8.5846    -39.9904      2.0903      1.5557      0.0000      0.0000
      7365    -26.114166    -35.1943      9.0802      0.0000      7.5726    -42.7670      3.5937      5.4865      0.0000      0.0000
      7380    -28.074858    -34.7337      6.6588      0.0000      8.5161    -43.2498      2.5053      4.1535      0.0000      0.0000
      7395    -26.094066    -37.3685     11.2745      0.0000      9.4747    -46.8432      6.7071      4.5673      0.0000      0.0000
      7410    -27.308736    -35.7708      8.4621      0.0000     10.3137    -46.0845      5.1705      3.2916      0.0000      0.0000
      7425    -27.555426    -36.3968      8.8414      0.0000     10.0970    -46.4938      6.1199      2.7214      0.0000      0.0000
      7440    -29.740698    -35.3989      5.6582      0.0000     10.3327    -45.7316      4.5002      1.1580      0.0000      0.0000
      7455    -28.934973    -34.8729      5.9379      0.0000     10.8331    -45.7060      3.8105      2.1274      0.0000      0.0000
      7470    -28.291721    -35.2165      6.9248      0.0000     11.1548    -46.3713      3.9475      2.9773      0.0000      0.0000
      7485    -28.310928    -36.0031      7.6921      0.0000      9.7384    -45.7414      4.7660      2.9262      0.0000      0.0000
      7500    -28.332436    -33.7483      5.4159      0.0000      9.0461    -42.7945      4.4952      0.9207      0.0000      0.0000
      7515    -29.264873    -32.1661      2.9012      0.0000      8.8422    -41.0083      2.3606      0.5406      0.0000      0.0000
      7530    -27.217065    -31.2009      3.9838      0.0000      8.2971    -39.4980      2.9773      1.0066      0.0000      0.0000
      7545    -28.379810    -30.8703      2.4905      0.0000      9.2528    -40.1232      1.9042      0.5864      0.0000      0.0000
      7560    -26.856738    -30.5636      3.7069      0.0000     10.4780    -41.0416      1.6617      2.0452      0.0000      0.0000
      7575    -29.083934    -32.7601      3.6762      0.0000      9.1788    -41.9389      2.2177      1.4586      0.0000      0.0000
      7590    -29.620443    -33.5712      3.9508      0.0000     10.1902    -43.7614      1.9783      1.9725      0.0000      0.0000
      7605    -29.864099    -33.3485      3.4844      0.0000     10.3860    -43.7346      1.5948      1.8896      0.0000      0.0000
      7620    -29.954552    -34.4457      4.4911      0.0000      9.4388    -43.8845      2.8785      1.6126      0.0000      0.0000
      7635    -28.496815    -34.4018      5.9050      0.0000      9.9255    -44.3273      3.7987      2.1063      0.0000      0.0000
      7650    -27.735528    -34.2231      6.4876      0.0000     10.4586    -44.6817      4.0931      2.3945      0.0000      0.0000
      7665    -28.577431    -31.9707      3.3933      0.0000     10.8472    -42.8179      1.7467      1.6465      0.0000      0.0000
      7680    -27.397280    -34.4175      7.0202      0.0000     10.5859    -45.0034      5.6079      1.4123      0.0000      0.0000
      7695    -28.222614    -34.9447      6.7221      0.0000     10.9314    -45.8761      5.0063      1.7158      0.0000      0.0000
      7710    -27.745989    -34.1036      6.3576      0.0000     11.5936    -45.6973      3.6201      2.7376      0.0000      0.0000
      7725    -28.395707    -32.8428      4.4471      0.0000     11.2647    -44.1076      1.8480      2.5991      0.0000      0.0000
      7740    -29.037961    -33.3050      4.2670      0.0000     11.1322    -44.4372      2.2830      1.9840      0.0000      0.0000
      7755    -27.614326    -33.4041      5.7898      0.0000     10.6929    -44.0971      2.7239      3.0659      0.0000      0.0000
      7770    -29.669122    -34.9963      5.3272      0.0000      9.5928    -44.5891      3.7929      1.5343      0.0000      0.0000
      7785    -28.435134    -34.7640      6.3288      0.0000     10.3327    -45.0966      3.6085      2.7204      0.0000      0.0000
      7800    -30.431479    -33.4226      2.9911      0.0000     11.2444    -44.6670      1.9417      1.0494      0.0000      0.0000
      7815    -28.870017    -34.4391      5.5690      0.0000     11.9374    -46.3764      3.3305      2.2385      0.0000      0.0000
      7830    -29.840956    -32.9602      3.1193      0.0000     10.7770    -43.7372      1.6176      1.5017      0.0000      0.0000
      7845    -29.246789    -31.7280      2.4812      0.0000     10.7635    -42.4914      1.6274      0.8538      0.0000      0.0000
      7860    -30.691051    -32.7371      2.0461      0.0000     11.6252    -44.3623      1.1799      0.8662      0.0000      0.0000
      7875    -30.462413    -36.4688      6.0064      0.0000     10.4225    -46.8913      5.0547      0.9516      0.0000      0.0000
      7890    -30.675563    -34.9502      4.2747      0.0000     10.1403    -45.0905      3.6944      0.5803      0.0000      0.0000
      7905    -29.757493    -34.1922      4.4347      0.0000     10.5497    -44.7420      3.6253      0.8095      0.0000      0.0000
      7920    -29.259576    -36.9115      7.6520      0.0000      9.5066    -46.4181      6.4849      1.1670      0.0000      0.0000
      7935    -29.395882    -34.7686      5.3727      0.0000      9.4612    -44.2298      4.7127      0.6600      0.0000      0.0000
      7950    -28.491625    -35.0188      6.5272      0.0000      9.4442    -44.4630      5.5000      1.0272      0.0000      0.0000
      7965    -31.251961    -34.2527      3.0008      0.0000      9.8892    -44.1419      2.2489      0.7519      0.0000      0.0000
      7980    -30.120369    -34.9575      4.8372      0.0000      9.3604    -44.3179      4.2818      0.5553      0.0000      0.0000
      7995    -29.551329    -36.4277      6.8764      0.0000     10.9829    -47.4106      6.5174      0.3589      0.0000      0.0000
      8010    -30.090404    -36.9899      6.8995      0.0000     11.0587    -48.0486      6.4132      0.4863      0.0000      0.0000
      8025    -31.293202    -34.5893      3.2961      0.0000      9.8442    -44.4335      2.7343      0.5618      0.0000      0.0000
      8040    -29.119797    -39.0804      9.9606      0.0000     10.9774    -50.0578      6.9130      3.0476      0.0000      0.0000
      8055    -30.348214    -34.1835      3.8353      0.0000     11.7791    -45.9627      1.9350      1.9003      0.0000      0.0000
      8070    -28.811744    -35.8571      7.0453      0.0000     12.1462    -48.0033      5.9472      1.0981      0.0000      0.0000
      8085    -28.571611    -35.3055      6.7339      0.0000     11.6345    -46.9400      5.8840      0.8499      0.0000      0.0000
      8100    -29.624617    -34.5360      4.9114      0.0000     13.1917    -47.7278      2.5969      2.3145      0.0000      0.0000
      8115    -27.122808    -38.0102     10.8874      0.0000     13.7879    -51.7981      6.9912      3.8962      0.0000      0.0000
      8130    -25.719787    -36.5479     10.8281      0.0000     13.5589    -50.1067      5.6913      5.1368      0.0000      0.0000
      8145    -27.020610    -36.2366      9.2160      0.0000     12.8236    -49.0602      4.6020      4.6141      0.0000      0.0000
      8160    -31.088549    -33.8847      2.7962      0.0000     13.3627    -47.2475      2.3502      0.4460      0.0000      0.0000
      8175    -30.428646    -35.4139      4.9853      0.0000     12.9275    -48.3415      3.5946      1.3907      0.0000      0.0000
      8190    -29.559015    -35.5150      5.9559      0.0000     13.5693    -49.0843      5.7102      0.2457      0.0000      0.0000
      8205    -29.110072    -33.6181      4.5080      0.0000     12.6434    -46.2615      2.3115      2.1965      0.0000      0.0000
      8220    -29.412109    -34.1570      4.7449      0.0000     11.9147    -46.0718      2.6567      2.0883      0.0000      0.0000
      8235    -27.910115    -34.4417      6.5316      0.0000     11.0560    -45.4978      3.9259      2.6057      0.0000      0.0000
      8250    -29.760196    -33.7360      3.9758      0.0000     13.2355    -46.9715      2.4767      1.4991      0.0000      0.0000
      8265    -27.344899    -31.8242      4.4793      0.0000     13.4978    -45.3220      1.0941      3.3852      0.0000      0.0000
      8280    -28.664577    -34.1043      5.4397      0.0000     12.2095    -46.3138      4.0468      1.3929      0.0000      0.0000
      8295    -27.853645    -37.3396      9.4860      0.0000     11.2023    -48.5419      7.1652      2.3207      0.0000      0.0000
      8310    -26.232643    -36.5797     10.3470      0.0000     11.2396    -47.8193      7.7722      2.5748      0.0000      0.0000
      8325    -26.116867    -34.5585      8.4416      0.0000     11.8483    -46.4068      5.9957      2.4460      0.0000      0.0000
      8340    -29.381336    -34.6980      5.3167      0.0000     11.3403    -46.0383      4.2671      1.0496      0.0000      0.0000
      8355    -29.125859    -34.7122      5.5864      0.0000     11.9040    -46.6163      2.9843      2.6021      0.0000      0.0000
      8370    -29.539128    -35.5228      5.9837      0.0000     13.3061    -48.8289      4.4335      1.5501      0.0000      0.0000
      8385    -28.779630    -35.8800      7.1004      0.0000     11.7179    -47.5979      5.7812      1.3192      0.0000      0.0000
      8400    -30.455197    -35.1458      4.6906      0.0000     11.9056    -47.0514      2.8655      1.8250      0.0000      0.0000
      8415    -30.270573    -33.6339      3.3633      0.0000     12.5476    -46.1815      2.0587      1.3046      0.0000      0.0000
      8430    -25.492677    -35.4505      9.9579      0.0000     12.3094    -47.7600      7.6273      2.3305      0.0000      0.0000
      8445    -27.424365    -36.0588      8.6344      0.0000     11.1669    -47.2257      6.4379      2.1965      0.0000      0.0000
      8460    -28.269299    -33.5493      5.2800      0.0000     11.5670    -45.1163      3.1924      2.0876      0.0000      0.0000
      8475    -28.692390    -34.2935      5.6011      0.0000     11.3451    -45.6385      3.3589      2.2422      0.0000      0.0000
      8490    -26.916980    -35.5581      8.6411      0.0000      9.6586    -45.2167      7.5345      1.1067      0.0000      0.0000
      8505    -25.917543    -34.0483      8.1307      0.0000      9.9465    -43.9947      7.3516      0.7791      0.0000      0.0000
      8520    -28.703870    -35.0106      6.3067      0.0000      9.9787    -44.9893      5.1200      1.1867      0.0000      0.0000
      8535    -26.934870    -35.6004      8.6655      0.0000     10.2436    -45.8440      6.5814      2.0841      0.0000      0.0000
      8550    -28.802947    -34.9364      6.1334      0.0000      9.9587    -44.8951      4.8598      1.2736      0.0000      0.0000
      8565    -29.318244    -34.3690      5.0508      0.0000     10.3475    -44.7165      4.4250      0.6258      0.0000      0.0000
      8580    -27.727686    -35.6029      7.8752      0.0000     10.1808    -45.7836      6.7452      1.1300      0.0000      0.0000
      8595    -27.652564    -32.9991      5.3466      0.0000     11.4831    -44.4822      4.5142      0.8324      0.0000      0.0000
      8610    -26.131994    -31.8731      5.7411      0.0000     10.1918    -42.0649      3.8467      1.8944      0.0000      0.0000
      8625    -26.439594    -31.6731      5.2335      0.0000     10.6772    -42.3503      4.1025      1.1310      0.0000      0.0000
      8640    -24.938337    -30.1048      5.1665      0.0000     10.3787    -40.4835      3.9642      1.2022      0.0000      0.0000
      8655    -27.767987    -31.2763      3.5083      0.0000      9.5394    -40.8157      2.7541      0.7543      0.0000      0.0000
      8670    -25.625488    -31.3836      5.7581      0.0000     10.3272    -41.7108      5.1734      0.5848      0.0000      0.0000
      8685    -25.550125    -32.4373      6.8872      0.0000     10.7235    -43.1608      6.0321      0.8551      0.0000      0.0000
      8700    -27.462745    -32.9301      5.4673      0.0000      9.7652    -42.6953      4.1794      1.2879      0.0000      0.0000
      8715    -27.693825    -32.4321      4.7383      0.0000     10.8802    -43.3123      2.7266      2.0116      0.0000      0.0000
      8730    -26.187665    -33.2411      7.0534      0.0000     12.7073    -45.9484      6.1076      0.9458      0.0000      0.0000
      8745    -28.853634    -34.4067      5.5530      0.0000     12.7736    -47.1803      3.2280      2.3251      0.0000      0.0000
      8760    -29.375231    -34.5842      5.2089      0.0000     10.6891    -45.2733      2.0099      3.1991      0.0000      0.0000
      8775    -27.028313    -36.5292      9.5009      0.0000     10.3708    -46.9000      5.5831      3.9178      0.0000      0.0000
      8790    -28.813708    -35.5035      6.6898      0.0000     11.7438    -47.2473      3.9566      2.7332      0.0000      0.0000
      8805    -27.592394    -36.2442      8.6518      0.0000     11.9758    -48.2200      3.8271      4.8246      0.0000      0.0000
      8820    -29.847846    -36.6185      6.7706      0.0000     10.1938    -46.8122      4.5316      2.2391      0.0000      0.0000
      8835    -29.374281    -34.2101      4.8358      0.0000     10.6082    -44.8183      2.3403      2.4955      0.0000      0.0000
      8850    -29.168678    -34.4766      5.3079      0.0000     11.1419    -45.6185      2.6997      2.6082      0.0000      0.0000
      8865    -26.673460    -34.7447      8.0712      0.0000     10.5663    -45.3110      3.8613      4.2099      0.0000      0.0000
      8880    -25.366334    -34.1757      8.8093      0.0000     10.4174    -44.5931      3.6071      5.2022      0.0000      0.0000
      8895    -28.083284    -33.8751      5.7918      0.0000      9.7556    -43.6307      2.4471      3.3448      0.0000      0.0000
      8910    -28.028849    -35.7327      7.7039      0.0000     10.4117    -46.1444      4.1690      3.5348      0.0000      0.0000
      8925    -28.249478    -33.5763      5.3269      0.0000     10.7966    -44.3729      2.7112      2.6157      0.0000      0.0000
      8940    -27.719264    -35.3256      7.6063      0.0000     10.3022    -45.6278      4.8276      2.7787      0.0000      0.0000
      8955    -28.352159    -33.4030      5.0508      0.0000     12.1010    -45.5040      3.0838      1.9670      0.0000      0.0000
      8970    -29.294364    -35.1271      5.8327      0.0000     11.5185    -46.6456      2.5256      3.3071      0.0000      0.0000
      8985    -30.496410    -33.9159      3.4194      0.0000     10.8456    -44.7614      2.8403      0.5791      0.0000      0.0000
      9000    -29.621602    -33.6974      4.0758      0.0000     13.7231    -47.4205      2.2209      1.8549      0.0000      0.0000
      9015    -28.877962    -33.9479      5.0699      0.0000     12.4358    -46.3837      4.6859      0.3841      0.0000      0.0000
      9030    -29.752187    -31.8974      2.1452      0.0000     13.0929    -44.9903      1.3832      0.7620      0.0000      0.0000
      9045    -27.779769    -31.7259      3.9461      0.0000     13.5462    -45.2721      2.6496      1.2965      0.0000      0.0000
      9060    -27.118258    -36.2409      9.1227      0.0000     12.5054    -48.7464      5.0627      4.0600      0.0000      0.0000
      9075    -27.259734    -37.1817      9.9220      0.0000     10.9317    -48.1134      6.1700      3.7519      0.0000      0.0000
      9090    -27.427561    -35.1033      7.6757      0.0000      9.2618    -44.3651      3.3195      4.3563      0.0000      0.0000
      9105    -28.911517    -35.4768      6.5652      0.0000      9.0804    -44.5571      3.2257      3.3395      0.0000      0.0000
      9120    -24.557509    -34.9245     10.3670      0.0000      8.5795    -43.5040      6.5793      3.7877      0.0000      0.0000
      9135    -28.920155    -33.1011      4.1810      0.0000      8.7830    -41.8841      2.6714      1.5096      0.0000      0.0000
      9150    -29.610726    -32.2488      2.6381      0.0000      9.7978    -42.0466      2.0073      0.6308      0.0000      0.0000
      9165    -29.891898    -32.9411      3.0492      0.0000      8.6633    -41.6043      2.0039      1.0453      0.0000      0.0000
      9180    -30.228072    -34.9593      4.7312      0.0000      8.9455    -43.9048      3.6145      1.1167      0.0000      0.0000
      9195    -30.432573    -36.9851      6.5525      0.0000      8.1643    -45.1494      5.6281      0.9244      0.0000      0.0000
      9210    -30.688390    -35.9625      5.2741      0.0000      8.3057    -44.2682      4.2316      1.0426      0.0000      0.0000
      9225    -32.237368    -36.5316      4.2943      0.0000      8.4505    -44.9821      3.2578      1.0364      0.0000      0.0000
      9240    -31.691095    -35.5497      3.8586      0.0000      8.5886    -44.1383      3.1861      0.6725      0.0000      0.0000
      9255    -31.561691    -36.3004      4.7387      0.0000      8.2724    -44.5729      2.9710      1.7678      0.0000      0.0000
      9270    -29.362763    -35.7266      6.3639      0.0000      8.1976    -43.9243      4.8686      1.4952      0.0000      0.0000
      9285    -28.409362    -35.8983      7.4889      0.0000      7.4238    -43.3220      6.0224      1.4665      0.0000      0.0000
      9300    -30.166514    -35.8138      5.6472      0.0000      7.4483    -43.2621      3.2810      2.3663      0.0000      0.0000
      9315    -30.287841    -35.9589      5.6710      0.0000      6.8827    -42.8416      3.8158      1.8553      0.0000      0.0000
      9330    -29.251009    -34.6663      5.4153      0.0000      7.5667    -42.2330      4.1196      1.2957      0.0000      0.0000
      9345    -28.558985    -34.2479      5.6889      0.0000      7.5416    -41.7895      3.3633      2.3256      0.0000      0.0000
      9360    -28.515819    -36.2227      7.7069      0.0000      7.1188    -43.3415      4.4107      3.2962      0.0000      0.0000
      9375    -31.385960    -38.0963      6.7103      0.0000      6.6508    -44.7471      4.2863      2.4241      0.0000      0.0000
      9390    -32.183453    -35.0846      2.9012      0.0000      7.2258    -42.3104      1.5432      1.3580      0.0000      0.0000
      9405    -29.993654    -34.8381      4.8445      0.0000      7.5836    -42.4217      4.2929      0.5516      0.0000      0.0000
      9420    -31.170168    -34.3320      3.1618      0.0000      8.3570    -42.6890      1.9374      1.2245      0.0000      0.0000
      9435    -29.896790    -34.7103      4.8135      0.0000      8.4310    -43.1413      2.2962      2.5173      0.0000      0.0000
      9450    -26.874241    -35.8555      8.9813      0.0000      8.1510    -44.0065      5.8324      3.1489      0.0000      0.0000
      9465    -26.001877    -34.2056      8.2037      0.0000      7.8109    -42.0164      5.6265      2.5772      0.0000      0.0000
      9480    -29.432787    -33.5483      4.1155      0.0000      7.8051    -41.3534      3.2652      0.8503      0.0000      0.0000
      9495    -31.187136    -34.6863      3.4991      0.0000      7.5573    -42.2436      2.3197      1.1794      0.0000      0.0000
      9510    -28.778634    -33.3200      4.5413      0.0000      6.8633    -40.1833      4.1458      0.3955      0.0000      0.0000
      9525    -27.146726    -33.0459      5.8992      0.0000      6.0535    -39.0994      5.1946      0.7046      0.0000      0.0000
      9540    -27.803750    -32.0923      4.2886      0.0000      6.6105    -38.7028      3.0998      1.1888      0.0000      0.0000
      9555    -27.331752    -33.3977      6.0660      0.0000      6.4350    -39.8328      4.9501      1.1159      0.0000      0.0000
      9570    -27.972607    -33.3302      5.3576      0.0000      6.5339    -39.8641      3.4496      1.9081      0.0000      0.0000
      9585    -29.816796    -34.0582      4.2414      0.0000      6.5690    -40.6272      3.3389      0.9025      0.0000      0.0000
      9600    -29.494074    -33.1994      3.7054      0.0000      6.1449    -39.3443      2.4040      1.3014      0.0000      0.0000
      9615    -25.915607    -32.6106      6.6950      0.0000      5.6469    -38.2575      6.3279      0.3671      0.0000      0.0000
      9630    -26.096381    -33.8943      7.7979      0.0000      5.2717    -39.1659      7.2347      0.5632      0.0000      0.0000
      9645    -25.561815    -33.0796      7.5178      0.0000      5.2510    -38.3306      6.9808      0.5370      0.0000      0.0000
      9660    -27.158055    -32.7213      5.5632      0.0000      5.3471    -38.0684      4.8268      0.7364      0.0000      0.0000
      9675    -26.837280    -31.8485      5.0112      0.0000      5.0946    -36.9431      2.8579      2.1533      0.0000      0.0000
      9690    -24.723396    -30.5925      5.8691      0.0000      5.8793    -36.4718      4.9081      0.9610      0.0000      0.0000
      9705    -28.281297    -33.7172      5.4359      0.0000      4.7364    -38.4536      4.0774      1.3585      0.0000      0.0000
      9720    -26.918791    -34.6387      7.7199      0.0000      5.0006    -39.6393      4.4793      3.2406      0.0000      0.0000
      9735    -25.093020    -33.3537      8.2606      0.0000      5.8347    -39.1883      3.0402      5.2204      0.0000      0.0000
      9750    -28.620832    -35.5598      6.9390      0.0000      6.0216    -41.5814      2.1452      4.7938      0.0000      0.0000
      9765    -28.674785    -32.6267      3.9519      0.0000      5.7594    -38.3861      1.1991      2.7528      0.0000      0.0000
      9780    -26.914772    -33.1770      6.2622      0.0000      6.2224    -39.3994      3.4912      2.7711      0.0000      0.0000
      9795    -27.775867    -34.7910      7.0152      0.0000      5.8795    -40.6706      5.3424      1.6728      0.0000      0.0000
      9810    -26.913886    -33.5692      6.6553      0.0000      6.5695    -40.1387      4.5876      2.0677      0.0000      0.0000
      9825    -27.544537    -30.7019      3.1574      0.0000      6.1073    -36.8092      1.5079      1.6495      0.0000      0.0000
      9840    -27.057574    -30.2900      3.2325      0.0000      5.3298    -35.6198      1.2725      1.9599      0.0000      0.0000
      9855    -29.051214    -32.9438      3.8926      0.0000      5.2321    -38.1759      2.5045      1.3880      0.0000      0.0000
      9870    -26.999676    -34.4413      7.4417      0.0000      5.4556    -39.8969      4.4537      2.9880      0.0000      0.0000
      9885    -23.229739    -33.9995     10.7697      0.0000      5.5172    -39.5167      4.9990      5.7708      0.0000      0.0000
      9900    -24.866620    -32.7153      7.8487      0.0000      5.6036    -38.3189      4.7839      3.0649      0.0000      0.0000
      9915    -26.925076    -31.7057      4.7806      0.0000      5.9208    -37.6264      0.9823      3.7983      0.0000      0.0000
      9930    -26.464788    -32.4737      6.0089      0.0000      6.6362    -39.1098      1.9033      4.1056      0.0000      0.0000
      9945    -27.426065    -32.2922      4.8662      0.0000      6.5233    -38.8155      2.7400      2.1262      0.0000      0.0000
      9960    -26.684323    -32.9663      6.2820      0.0000      7.4411    -40.4074      4.9492      1.3328      0.0000      0.0000
      9975    -29.050481    -34.4049      5.3545      0.0000      7.9113    -42.3162      3.8456      1.5089      0.0000      0.0000
      9990    -29.261110    -35.4172      6.1561      0.0000      7.2883    -42.7055      5.0216      1.1345      0.0000      0.0000
