# energy of he2
#      conf       e_totale_nonbond    e_bonded    e_boundary       e_vdw      e_elst      e_bond     e_angle   e_tors        e_oop         1      0.000000      0.0000      0.0000      0.0000      0.0000      0.0000      0.0000      0.0000      0.0000      0.0000
       100     -0.001137     -0.0011      0.0000      0.0000     -0.0011      0.0000      0.0000      0.0000      0.0000      0.0000
       200     -0.000014     -0.0000      0.0000      0.0000     -0.0000      0.0000      0.0000      0.0000      0.0000      0.0000
       300     -0.000002     -0.0000      0.0000      0.0000     -0.0000      0.0000      0.0000      0.0000      0.0000      0.0000
       400     -0.000000     -0.0000      0.0000      0.0000     -0.0000      0.0000      0.0000      0.0000      0.0000      0.0000
       500     -0.000000     -0.0000      0.0000      0.0000     -0.0000      0.0000      0.0000      0.0000      0.0000      0.0000
       600     -0.000000     -0.0000      0.0000      0.0000     -0.0000      0.0000      0.0000      0.0000      0.0000      0.0000
       700     -0.000000     -0.0000      0.0000      0.0000     -0.0000      0.0000      0.0000      0.0000      0.0000      0.0000
       800     -0.000000     -0.0000      0.0000      0.0000     -0.0000      0.0000      0.0000      0.0000      0.0000      0.0000
       900     -0.000000     -0.0000      0.0000      0.0000     -0.0000      0.0000      0.0000      0.0000      0.0000      0.0000
      1000     -0.000000     -0.0000      0.0000      0.0000     -0.0000      0.0000      0.0000      0.0000      0.0000      0.0000
      1100     -0.000000     -0.0000      0.0000      0.0000     -0.0000      0.0000      0.0000      0.0000      0.0000      0.0000
      1200     -0.000000     -0.0000      0.0000      0.0000     -0.0000      0.0000      0.0000      0.0000      0.0000      0.0000
      1300     -0.000001     -0.0000      0.0000      0.0000     -0.0000      0.0000      0.0000      0.0000      0.0000      0.0000
      1400     -0.000000     -0.0000      0.0000      0.0000     -0.0000      0.0000      0.0000      0.0000      0.0000      0.0000
      1500     -0.000000     -0.0000      0.0000      0.0000     -0.0000      0.0000      0.0000      0.0000      0.0000      0.0000
      1600     -0.000000     -0.0000      0.0000      0.0000     -0.0000      0.0000      0.0000      0.0000      0.0000      0.0000
      1700     -0.000000     -0.0000      0.0000      0.0000     -0.0000      0.0000      0.0000      0.0000      0.0000      0.0000
      1800     -0.000000     -0.0000      0.0000      0.0000     -0.0000      0.0000      0.0000      0.0000      0.0000      0.0000
      1900     -0.000000     -0.0000      0.0000      0.0000     -0.0000      0.0000      0.0000      0.0000      0.0000      0.0000
      2000     -0.000000     -0.0000      0.0000      0.0000     -0.0000      0.0000      0.0000      0.0000      0.0000      0.0000
      2100     -0.000000     -0.0000      0.0000      0.0000     -0.0000      0.0000      0.0000      0.0000      0.0000      0.0000
      2200     -0.000000     -0.0000      0.0000      0.0000     -0.0000      0.0000      0.0000      0.0000      0.0000      0.0000
      2300     -0.000000     -0.0000      0.0000      0.0000     -0.0000      0.0000      0.0000      0.0000      0.0000      0.0000
      2400     -0.000000     -0.0000      0.0000      0.0000     -0.0000      0.0000      0.0000      0.0000      0.0000      0.0000
      2500     -0.000000     -0.0000      0.0000      0.0000     -0.0000      0.0000      0.0000      0.0000      0.0000      0.0000
      2600     -0.000000     -0.0000      0.0000      0.0000     -0.0000      0.0000      0.0000      0.0000      0.0000      0.0000
      2700     -0.000000     -0.0000      0.0000      0.0000     -0.0000      0.0000      0.0000      0.0000      0.0000      0.0000
      2800     -0.000000     -0.0000      0.0000      0.0000     -0.0000      0.0000      0.0000      0.0000      0.0000      0.0000
      2900     -0.000001     -0.0000      0.0000      0.0000     -0.0000      0.0000      0.0000      0.0000      0.0000      0.0000
      3000     -0.000000     -0.0000      0.0000      0.0000     -0.0000      0.0000      0.0000      0.0000      0.0000      0.0000
      3100     -0.000030     -0.0000      0.0000      0.0000     -0.0000      0.0000      0.0000      0.0000      0.0000      0.0000
      3200     -0.000000     -0.0000      0.0000      0.0000     -0.0000      0.0000      0.0000      0.0000      0.0000      0.0000
      3300     -0.000000     -0.0000      0.0000      0.0000     -0.0000      0.0000      0.0000      0.0000      0.0000      0.0000
      3400      0.126033     -0.0000      0.0000      0.1260     -0.0000      0.0000      0.0000      0.0000      0.0000      0.0000
      3500     -0.000000     -0.0000      0.0000      0.0000     -0.0000      0.0000      0.0000      0.0000      0.0000      0.0000
      3600     -0.000002     -0.0000      0.0000      0.0000     -0.0000      0.0000      0.0000      0.0000      0.0000      0.0000
      3700     -0.000000     -0.0000      0.0000      0.0000     -0.0000      0.0000      0.0000      0.0000      0.0000      0.0000
      3800     -0.000000     -0.0000      0.0000      0.0000     -0.0000      0.0000      0.0000      0.0000      0.0000      0.0000
      3900     -0.000000     -0.0000      0.0000      0.0000     -0.0000      0.0000      0.0000      0.0000      0.0000      0.0000
      4000     -0.000000     -0.0000      0.0000      0.0000     -0.0000      0.0000      0.0000      0.0000      0.0000      0.0000
      4100     -0.000000     -0.0000      0.0000      0.0000     -0.0000      0.0000      0.0000      0.0000      0.0000      0.0000
      4200     -0.000000     -0.0000      0.0000      0.0000     -0.0000      0.0000      0.0000      0.0000      0.0000      0.0000
      4300     -0.000000     -0.0000      0.0000      0.0000     -0.0000      0.0000      0.0000      0.0000      0.0000      0.0000
      4400     -0.000000     -0.0000      0.0000      0.0000     -0.0000      0.0000      0.0000      0.0000      0.0000      0.0000
      4500     -0.000000     -0.0000      0.0000      0.0000     -0.0000      0.0000      0.0000      0.0000      0.0000      0.0000
      4600     -0.000000     -0.0000      0.0000      0.0000     -0.0000      0.0000      0.0000      0.0000      0.0000      0.0000
      4700     -0.000000     -0.0000      0.0000      0.0000     -0.0000      0.0000      0.0000      0.0000      0.0000      0.0000
      4800     -0.000000     -0.0000      0.0000      0.0000     -0.0000      0.0000      0.0000      0.0000      0.0000      0.0000
      4900     -0.000000     -0.0000      0.0000      0.0000     -0.0000      0.0000      0.0000      0.0000      0.0000      0.0000
      5000     -0.000005     -0.0000      0.0000      0.0000     -0.0000      0.0000      0.0000      0.0000      0.0000      0.0000
      5100     -0.000000     -0.0000      0.0000      0.0000     -0.0000      0.0000      0.0000      0.0000      0.0000      0.0000
      5200     -0.000008     -0.0000      0.0000      0.0000     -0.0000      0.0000      0.0000      0.0000      0.0000      0.0000
      5300     -0.000000     -0.0000      0.0000      0.0000     -0.0000      0.0000      0.0000      0.0000      0.0000      0.0000
      5400     -0.000000     -0.0000      0.0000      0.0000     -0.0000      0.0000      0.0000      0.0000      0.0000      0.0000
      5500     -0.000000     -0.0000      0.0000      0.0000     -0.0000      0.0000      0.0000      0.0000      0.0000      0.0000
      5600     -0.000001     -0.0000      0.0000      0.0000     -0.0000      0.0000      0.0000      0.0000      0.0000      0.0000
      5700     -0.000000     -0.0000      0.0000      0.0000     -0.0000      0.0000      0.0000      0.0000      0.0000      0.0000
      5800     -0.000000     -0.0000      0.0000      0.0000     -0.0000      0.0000      0.0000      0.0000      0.0000      0.0000
      5900     -0.000000     -0.0000      0.0000      0.0000     -0.0000      0.0000      0.0000      0.0000      0.0000      0.0000
      6000     -0.000000     -0.0000      0.0000      0.0000     -0.0000      0.0000      0.0000      0.0000      0.0000      0.0000
      6100     -0.000000     -0.0000      0.0000      0.0000     -0.0000      0.0000      0.0000      0.0000      0.0000      0.0000
      6200     -0.000001     -0.0000      0.0000      0.0000     -0.0000      0.0000      0.0000      0.0000      0.0000      0.0000
      6300     -0.000000     -0.0000      0.0000      0.0000     -0.0000      0.0000      0.0000      0.0000      0.0000      0.0000
      6400     -0.000001     -0.0000      0.0000      0.0000     -0.0000      0.0000      0.0000      0.0000      0.0000      0.0000
      6500     -0.000000     -0.0000      0.0000      0.0000     -0.0000      0.0000      0.0000      0.0000      0.0000      0.0000
      6600     -0.000000     -0.0000      0.0000      0.0000     -0.0000      0.0000      0.0000      0.0000      0.0000      0.0000
      6700     -0.000000     -0.0000      0.0000      0.0000     -0.0000      0.0000      0.0000      0.0000      0.0000      0.0000
      6800     -0.000047     -0.0000      0.0000      0.0000     -0.0000      0.0000      0.0000      0.0000      0.0000      0.0000
      6900     -0.000000     -0.0000      0.0000      0.0000     -0.0000      0.0000      0.0000      0.0000      0.0000      0.0000
      7000     -0.000000     -0.0000      0.0000      0.0000     -0.0000      0.0000      0.0000      0.0000      0.0000      0.0000
      7100     -0.000000     -0.0000      0.0000      0.0000     -0.0000      0.0000      0.0000      0.0000      0.0000      0.0000
      7200     -0.000000     -0.0000      0.0000      0.0000     -0.0000      0.0000      0.0000      0.0000      0.0000      0.0000
      7300     -0.000000     -0.0000      0.0000      0.0000     -0.0000      0.0000      0.0000      0.0000      0.0000      0.0000
      7400     -0.000000     -0.0000      0.0000      0.0000     -0.0000      0.0000      0.0000      0.0000      0.0000      0.0000
      7500     -0.000000     -0.0000      0.0000      0.0000     -0.0000      0.0000      0.0000      0.0000      0.0000      0.0000
      7600     -0.000003     -0.0000      0.0000      0.0000     -0.0000      0.0000      0.0000      0.0000      0.0000      0.0000
      7700     -0.000000     -0.0000      0.0000      0.0000     -0.0000      0.0000      0.0000      0.0000      0.0000      0.0000
      7800     -0.000000     -0.0000      0.0000      0.0000     -0.0000      0.0000      0.0000      0.0000      0.0000      0.0000
      7900     -0.000000     -0.0000      0.0000      0.0000     -0.0000      0.0000      0.0000      0.0000      0.0000      0.0000
      8000     -0.000000     -0.0000      0.0000      0.0000     -0.0000      0.0000      0.0000      0.0000      0.0000      0.0000
      8100     -0.000000     -0.0000      0.0000      0.0000     -0.0000      0.0000      0.0000      0.0000      0.0000      0.0000
      8200     -0.000000     -0.0000      0.0000      0.0000     -0.0000      0.0000      0.0000      0.0000      0.0000      0.0000
      8300     -0.000000     -0.0000      0.0000      0.0000     -0.0000      0.0000      0.0000      0.0000      0.0000      0.0000
      8400     -0.000000     -0.0000      0.0000      0.0000     -0.0000      0.0000      0.0000      0.0000      0.0000      0.0000
      8500     -0.000191     -0.0002      0.0000      0.0000     -0.0002      0.0000      0.0000      0.0000      0.0000      0.0000
      8600     -0.000000     -0.0000      0.0000      0.0000     -0.0000      0.0000      0.0000      0.0000      0.0000      0.0000
      8700     -0.000000     -0.0000      0.0000      0.0000     -0.0000      0.0000      0.0000      0.0000      0.0000      0.0000
      8800     -0.000000     -0.0000      0.0000      0.0000     -0.0000      0.0000      0.0000      0.0000      0.0000      0.0000
      8900     -0.000000     -0.0000      0.0000      0.0000     -0.0000      0.0000      0.0000      0.0000      0.0000      0.0000
      9000     -0.000000     -0.0000      0.0000      0.0000     -0.0000      0.0000      0.0000      0.0000      0.0000      0.0000
      9100     -0.000000     -0.0000      0.0000      0.0000     -0.0000      0.0000      0.0000      0.0000      0.0000      0.0000
      9200     -0.000005     -0.0000      0.0000      0.0000     -0.0000      0.0000      0.0000      0.0000      0.0000      0.0000
      9300     -0.000000     -0.0000      0.0000      0.0000     -0.0000      0.0000      0.0000      0.0000      0.0000      0.0000
      9400     -0.000427     -0.0004      0.0000      0.0000     -0.0004      0.0000      0.0000      0.0000      0.0000      0.0000
      9500     -0.000000     -0.0000      0.0000      0.0000     -0.0000      0.0000      0.0000      0.0000      0.0000      0.0000
      9600     -0.000000     -0.0000      0.0000      0.0000     -0.0000      0.0000      0.0000      0.0000      0.0000      0.0000
      9700     -0.000000     -0.0000      0.0000      0.0000     -0.0000      0.0000      0.0000      0.0000      0.0000      0.0000
      9800     -0.000000     -0.0000      0.0000      0.0000     -0.0000      0.0000      0.0000      0.0000      0.0000      0.0000
      9900     -0.000000     -0.0000      0.0000      0.0000     -0.0000      0.0000      0.0000      0.0000      0.0000      0.0000
     10000     -0.000000     -0.0000      0.0000      0.0000     -0.0000      0.0000      0.0000      0.0000      0.0000      0.0000
     10100     -0.000000     -0.0000      0.0000      0.0000     -0.0000      0.0000      0.0000      0.0000      0.0000      0.0000
     10200     -0.000000     -0.0000      0.0000      0.0000     -0.0000      0.0000      0.0000      0.0000      0.0000      0.0000
     10300     -0.000000     -0.0000      0.0000      0.0000     -0.0000      0.0000      0.0000      0.0000      0.0000      0.0000
     10400     -0.000000     -0.0000      0.0000      0.0000     -0.0000      0.0000      0.0000      0.0000      0.0000      0.0000
     10500     -0.000001     -0.0000      0.0000      0.0000     -0.0000      0.0000      0.0000      0.0000      0.0000      0.0000
     10600     -0.000002     -0.0000      0.0000      0.0000     -0.0000      0.0000      0.0000      0.0000      0.0000      0.0000
     10700     -0.000003     -0.0000      0.0000      0.0000     -0.0000      0.0000      0.0000      0.0000      0.0000      0.0000
     10800     -0.000000     -0.0000      0.0000      0.0000     -0.0000      0.0000      0.0000      0.0000      0.0000      0.0000
     10900     -0.000000     -0.0000      0.0000      0.0000     -0.0000      0.0000      0.0000      0.0000      0.0000      0.0000
     11000     -0.000258     -0.0003      0.0000      0.0000     -0.0003      0.0000      0.0000      0.0000      0.0000      0.0000
     11100     -0.000000     -0.0000      0.0000      0.0000     -0.0000      0.0000      0.0000      0.0000      0.0000      0.0000
     11200     -0.000000     -0.0000      0.0000      0.0000     -0.0000      0.0000      0.0000      0.0000      0.0000      0.0000
     11300     -0.000000     -0.0000      0.0000      0.0000     -0.0000      0.0000      0.0000      0.0000      0.0000      0.0000
     11400     -0.000000     -0.0000      0.0000      0.0000     -0.0000      0.0000      0.0000      0.0000      0.0000      0.0000
     11500     -0.000000     -0.0000      0.0000      0.0000     -0.0000      0.0000      0.0000      0.0000      0.0000      0.0000
     11600     -0.000000     -0.0000      0.0000      0.0000     -0.0000      0.0000      0.0000      0.0000      0.0000      0.0000
     11700     -0.000000     -0.0000      0.0000      0.0000     -0.0000      0.0000      0.0000      0.0000      0.0000      0.0000
     11800     -0.000000     -0.0000      0.0000      0.0000     -0.0000      0.0000      0.0000      0.0000      0.0000      0.0000
     11900     -0.000000     -0.0000      0.0000      0.0000     -0.0000      0.0000      0.0000      0.0000      0.0000      0.0000
     12000     -0.000000     -0.0000      0.0000      0.0000     -0.0000      0.0000      0.0000      0.0000      0.0000      0.0000
     12100     -0.001813     -0.0018      0.0000      0.0000     -0.0018      0.0000      0.0000      0.0000      0.0000      0.0000
     12200     -0.000002     -0.0000      0.0000      0.0000     -0.0000      0.0000      0.0000      0.0000      0.0000      0.0000
     12300     -0.000000     -0.0000      0.0000      0.0000     -0.0000      0.0000      0.0000      0.0000      0.0000      0.0000
     12400     -0.000000     -0.0000      0.0000      0.0000     -0.0000      0.0000      0.0000      0.0000      0.0000      0.0000
     12500     -0.000000     -0.0000      0.0000      0.0000     -0.0000      0.0000      0.0000      0.0000      0.0000      0.0000
     12600     -0.000001     -0.0000      0.0000      0.0000     -0.0000      0.0000      0.0000      0.0000      0.0000      0.0000
     12700     -0.000000     -0.0000      0.0000      0.0000     -0.0000      0.0000      0.0000      0.0000      0.0000      0.0000
     12800     -0.000000     -0.0000      0.0000      0.0000     -0.0000      0.0000      0.0000      0.0000      0.0000      0.0000
     12900     -0.000622     -0.0006      0.0000      0.0000     -0.0006      0.0000      0.0000      0.0000      0.0000      0.0000
     13000     -0.000000     -0.0000      0.0000      0.0000     -0.0000      0.0000      0.0000      0.0000      0.0000      0.0000
     13100     -0.000000     -0.0000      0.0000      0.0000     -0.0000      0.0000      0.0000      0.0000      0.0000      0.0000
     13200     -0.000001     -0.0000      0.0000      0.0000     -0.0000      0.0000      0.0000      0.0000      0.0000      0.0000
     13300     -0.000000     -0.0000      0.0000      0.0000     -0.0000      0.0000      0.0000      0.0000      0.0000      0.0000
     13400     -0.000000     -0.0000      0.0000      0.0000     -0.0000      0.0000      0.0000      0.0000      0.0000      0.0000
     13500     -0.000000     -0.0000      0.0000      0.0000     -0.0000      0.0000      0.0000      0.0000      0.0000      0.0000
     13600     -0.000000     -0.0000      0.0000      0.0000     -0.0000      0.0000      0.0000      0.0000      0.0000      0.0000
     13700     -0.000000     -0.0000      0.0000      0.0000     -0.0000      0.0000      0.0000      0.0000      0.0000      0.0000
     13800     -0.000000     -0.0000      0.0000      0.0000     -0.0000      0.0000      0.0000      0.0000      0.0000      0.0000
     13900     -0.000002     -0.0000      0.0000      0.0000     -0.0000      0.0000      0.0000      0.0000      0.0000      0.0000
     14000     -0.000001     -0.0000      0.0000      0.0000     -0.0000      0.0000      0.0000      0.0000      0.0000      0.0000
     14100     -0.000017     -0.0000      0.0000      0.0000     -0.0000      0.0000      0.0000      0.0000      0.0000      0.0000
     14200     -0.000000     -0.0000      0.0000      0.0000     -0.0000      0.0000      0.0000      0.0000      0.0000      0.0000
     14300     -0.000001     -0.0000      0.0000      0.0000     -0.0000      0.0000      0.0000      0.0000      0.0000      0.0000
     14400     -0.000000     -0.0000      0.0000      0.0000     -0.0000      0.0000      0.0000      0.0000      0.0000      0.0000
     14500     -0.000118     -0.0001      0.0000      0.0000     -0.0001      0.0000      0.0000      0.0000      0.0000      0.0000
     14600     -0.000003     -0.0000      0.0000      0.0000     -0.0000      0.0000      0.0000      0.0000      0.0000      0.0000
     14700     -0.000000     -0.0000      0.0000      0.0000     -0.0000      0.0000      0.0000      0.0000      0.0000      0.0000
     14800     -0.000000     -0.0000      0.0000      0.0000     -0.0000      0.0000      0.0000      0.0000      0.0000      0.0000
     14900     -0.000000     -0.0000      0.0000      0.0000     -0.0000      0.0000      0.0000      0.0000      0.0000      0.0000
     15000     -0.000000     -0.0000      0.0000      0.0000     -0.0000      0.0000      0.0000      0.0000      0.0000      0.0000
     15100     -0.000000     -0.0000      0.0000      0.0000     -0.0000      0.0000      0.0000      0.0000      0.0000      0.0000
     15200     -0.000000     -0.0000      0.0000      0.0000     -0.0000      0.0000      0.0000      0.0000      0.0000      0.0000
     15300     -0.000000     -0.0000      0.0000      0.0000     -0.0000      0.0000      0.0000      0.0000      0.0000      0.0000
     15400     -0.000000     -0.0000      0.0000      0.0000     -0.0000      0.0000      0.0000      0.0000      0.0000      0.0000
     15500     -0.000000     -0.0000      0.0000      0.0000     -0.0000      0.0000      0.0000      0.0000      0.0000      0.0000
     15600     -0.000000     -0.0000      0.0000      0.0000     -0.0000      0.0000      0.0000      0.0000      0.0000      0.0000
     15700     -0.000000     -0.0000      0.0000      0.0000     -0.0000      0.0000      0.0000      0.0000      0.0000      0.0000
     15800     -0.000000     -0.0000      0.0000      0.0000     -0.0000      0.0000      0.0000      0.0000      0.0000      0.0000
     15900     -0.000009     -0.0000      0.0000      0.0000     -0.0000      0.0000      0.0000      0.0000      0.0000      0.0000
     16000     -0.000000     -0.0000      0.0000      0.0000     -0.0000      0.0000      0.0000      0.0000      0.0000      0.0000
     16100     -0.000001     -0.0000      0.0000      0.0000     -0.0000      0.0000      0.0000      0.0000      0.0000      0.0000
     16200     -0.000000     -0.0000      0.0000      0.0000     -0.0000      0.0000      0.0000      0.0000      0.0000      0.0000
     16300     -0.000581     -0.0006      0.0000      0.0000     -0.0006      0.0000      0.0000      0.0000      0.0000      0.0000
     16400     -0.000000     -0.0000      0.0000      0.0000     -0.0000      0.0000      0.0000      0.0000      0.0000      0.0000
     16500     -0.000000     -0.0000      0.0000      0.0000     -0.0000      0.0000      0.0000      0.0000      0.0000      0.0000
     16600     -0.000015     -0.0000      0.0000      0.0000     -0.0000      0.0000      0.0000      0.0000      0.0000      0.0000
     16700     -0.000000     -0.0000      0.0000      0.0000     -0.0000      0.0000      0.0000      0.0000      0.0000      0.0000
     16800     -0.000000     -0.0000      0.0000      0.0000     -0.0000      0.0000      0.0000      0.0000      0.0000      0.0000
     16900     -0.000000     -0.0000      0.0000      0.0000     -0.0000      0.0000      0.0000      0.0000      0.0000      0.0000
     17000     -0.000000     -0.0000      0.0000      0.0000     -0.0000      0.0000      0.0000      0.0000      0.0000      0.0000
     17100     -0.000000     -0.0000      0.0000      0.0000     -0.0000      0.0000      0.0000      0.0000      0.0000      0.0000
     17200     -0.000000     -0.0000      0.0000      0.0000     -0.0000      0.0000      0.0000      0.0000      0.0000      0.0000
     17300     -0.000019     -0.0000      0.0000      0.0000     -0.0000      0.0000      0.0000      0.0000      0.0000      0.0000
     17400     -0.000000     -0.0000      0.0000      0.0000     -0.0000      0.0000      0.0000      0.0000      0.0000      0.0000
     17500     -0.000004     -0.0000      0.0000      0.0000     -0.0000      0.0000      0.0000      0.0000      0.0000      0.0000
     17600     -0.000000     -0.0000      0.0000      0.0000     -0.0000      0.0000      0.0000      0.0000      0.0000      0.0000
     17700     -0.000000     -0.0000      0.0000      0.0000     -0.0000      0.0000      0.0000      0.0000      0.0000      0.0000
     17800     -0.000000     -0.0000      0.0000      0.0000     -0.0000      0.0000      0.0000      0.0000      0.0000      0.0000
     17900     -0.000000     -0.0000      0.0000      0.0000     -0.0000      0.0000      0.0000      0.0000      0.0000      0.0000
     18000     -0.000000     -0.0000      0.0000      0.0000     -0.0000      0.0000      0.0000      0.0000      0.0000      0.0000
     18100     -0.000000     -0.0000      0.0000      0.0000     -0.0000      0.0000      0.0000      0.0000      0.0000      0.0000
     18200     -0.000004     -0.0000      0.0000      0.0000     -0.0000      0.0000      0.0000      0.0000      0.0000      0.0000
     18300     -0.000000     -0.0000      0.0000      0.0000     -0.0000      0.0000      0.0000      0.0000      0.0000      0.0000
     18400     -0.000003     -0.0000      0.0000      0.0000     -0.0000      0.0000      0.0000      0.0000      0.0000      0.0000
     18500     -0.000000     -0.0000      0.0000      0.0000     -0.0000      0.0000      0.0000      0.0000      0.0000      0.0000
     18600     -0.000000     -0.0000      0.0000      0.0000     -0.0000      0.0000      0.0000      0.0000      0.0000      0.0000
     18700     -0.000000     -0.0000      0.0000      0.0000     -0.0000      0.0000      0.0000      0.0000      0.0000      0.0000
     18800     -0.000000     -0.0000      0.0000      0.0000     -0.0000      0.0000      0.0000      0.0000      0.0000      0.0000
     18900     -0.000000     -0.0000      0.0000      0.0000     -0.0000      0.0000      0.0000      0.0000      0.0000      0.0000
     19000     -0.000001     -0.0000      0.0000      0.0000     -0.0000      0.0000      0.0000      0.0000      0.0000      0.0000
     19100     -0.000000     -0.0000      0.0000      0.0000     -0.0000      0.0000      0.0000      0.0000      0.0000      0.0000
     19200     -0.000000     -0.0000      0.0000      0.0000     -0.0000      0.0000      0.0000      0.0000      0.0000      0.0000
     19300     -0.000000     -0.0000      0.0000      0.0000     -0.0000      0.0000      0.0000      0.0000      0.0000      0.0000
     19400     -0.000000     -0.0000      0.0000      0.0000     -0.0000      0.0000      0.0000      0.0000      0.0000      0.0000
     19500     -0.000000     -0.0000      0.0000      0.0000     -0.0000      0.0000      0.0000      0.0000      0.0000      0.0000
     19600     -0.000003     -0.0000      0.0000      0.0000     -0.0000      0.0000      0.0000      0.0000      0.0000      0.0000
     19700     -0.000000     -0.0000      0.0000      0.0000     -0.0000      0.0000      0.0000      0.0000      0.0000      0.0000
     19800     -0.000000     -0.0000      0.0000      0.0000     -0.0000      0.0000      0.0000      0.0000      0.0000      0.0000
     19900     -0.000000     -0.0000      0.0000      0.0000     -0.0000      0.0000      0.0000      0.0000      0.0000      0.0000
     20000     -0.000000     -0.0000      0.0000      0.0000     -0.0000      0.0000      0.0000      0.0000      0.0000      0.0000
     20100     -0.000000     -0.0000      0.0000      0.0000     -0.0000      0.0000      0.0000      0.0000      0.0000      0.0000
     20200     -0.000000     -0.0000      0.0000      0.0000     -0.0000      0.0000      0.0000      0.0000      0.0000      0.0000
     20300     -0.000000     -0.0000      0.0000      0.0000     -0.0000      0.0000      0.0000      0.0000      0.0000      0.0000
     20400     -0.000000     -0.0000      0.0000      0.0000     -0.0000      0.0000      0.0000      0.0000      0.0000      0.0000
     20500     -0.000001     -0.0000      0.0000      0.0000     -0.0000      0.0000      0.0000      0.0000      0.0000      0.0000
     20600      0.076510     -0.0000      0.0000      0.0765     -0.0000      0.0000      0.0000      0.0000      0.0000      0.0000
     20700     -0.000000     -0.0000      0.0000      0.0000     -0.0000      0.0000      0.0000      0.0000      0.0000      0.0000
     20800     -0.000000     -0.0000      0.0000      0.0000     -0.0000      0.0000      0.0000      0.0000      0.0000      0.0000
     20900     -0.000000     -0.0000      0.0000      0.0000     -0.0000      0.0000      0.0000      0.0000      0.0000      0.0000
     21000     -0.000000     -0.0000      0.0000      0.0000     -0.0000      0.0000      0.0000      0.0000      0.0000      0.0000
     21100     -0.000000     -0.0000      0.0000      0.0000     -0.0000      0.0000      0.0000      0.0000      0.0000      0.0000
     21200     -0.000000     -0.0000      0.0000      0.0000     -0.0000      0.0000      0.0000      0.0000      0.0000      0.0000
     21300     -0.000000     -0.0000      0.0000      0.0000     -0.0000      0.0000      0.0000      0.0000      0.0000      0.0000
     21400     -0.000000     -0.0000      0.0000      0.0000     -0.0000      0.0000      0.0000      0.0000      0.0000      0.0000
     21500     -0.000000     -0.0000      0.0000      0.0000     -0.0000      0.0000      0.0000      0.0000      0.0000      0.0000
     21600     -0.000000     -0.0000      0.0000      0.0000     -0.0000      0.0000      0.0000      0.0000      0.0000      0.0000
     21700     -0.000000     -0.0000      0.0000      0.0000     -0.0000      0.0000      0.0000      0.0000      0.0000      0.0000
     21800     -0.000000     -0.0000      0.0000      0.0000     -0.0000      0.0000      0.0000      0.0000      0.0000      0.0000
     21900     -0.000000     -0.0000      0.0000      0.0000     -0.0000      0.0000      0.0000      0.0000      0.0000      0.0000
     22000     -0.000000     -0.0000      0.0000      0.0000     -0.0000      0.0000      0.0000      0.0000      0.0000      0.0000
     22100     -0.000000     -0.0000      0.0000      0.0000     -0.0000      0.0000      0.0000      0.0000      0.0000      0.0000
     22200     -0.000000     -0.0000      0.0000      0.0000     -0.0000      0.0000      0.0000      0.0000      0.0000      0.0000
     22300     -0.000000     -0.0000      0.0000      0.0000     -0.0000      0.0000      0.0000      0.0000      0.0000      0.0000
     22400     -0.000000     -0.0000      0.0000      0.0000     -0.0000      0.0000      0.0000      0.0000      0.0000      0.0000
     22500     -0.000000     -0.0000      0.0000      0.0000     -0.0000      0.0000      0.0000      0.0000      0.0000      0.0000
     22600     -0.000000     -0.0000      0.0000      0.0000     -0.0000      0.0000      0.0000      0.0000      0.0000      0.0000
     22700     -0.000000     -0.0000      0.0000      0.0000     -0.0000      0.0000      0.0000      0.0000      0.0000      0.0000
     22800     -0.000000     -0.0000      0.0000      0.0000     -0.0000      0.0000      0.0000      0.0000      0.0000      0.0000
     22900     -0.000000     -0.0000      0.0000      0.0000     -0.0000      0.0000      0.0000      0.0000      0.0000      0.0000
     23000     -0.000000     -0.0000      0.0000      0.0000     -0.0000      0.0000      0.0000      0.0000      0.0000      0.0000
     23100     -0.000000     -0.0000      0.0000      0.0000     -0.0000      0.0000      0.0000      0.0000      0.0000      0.0000
     23200     -0.000000     -0.0000      0.0000      0.0000     -0.0000      0.0000      0.0000      0.0000      0.0000      0.0000
     23300     -0.000000     -0.0000      0.0000      0.0000     -0.0000      0.0000      0.0000      0.0000      0.0000      0.0000
     23400     -0.000020     -0.0000      0.0000      0.0000     -0.0000      0.0000      0.0000      0.0000      0.0000      0.0000
     23500     -0.000000     -0.0000      0.0000      0.0000     -0.0000      0.0000      0.0000      0.0000      0.0000      0.0000
     23600     -0.000000     -0.0000      0.0000      0.0000     -0.0000      0.0000      0.0000      0.0000      0.0000      0.0000
     23700     -0.000000     -0.0000      0.0000      0.0000     -0.0000      0.0000      0.0000      0.0000      0.0000      0.0000
     23800     -0.000000     -0.0000      0.0000      0.0000     -0.0000      0.0000      0.0000      0.0000      0.0000      0.0000
     23900     -0.000000     -0.0000      0.0000      0.0000     -0.0000      0.0000      0.0000      0.0000      0.0000      0.0000
     24000     -0.000000     -0.0000      0.0000      0.0000     -0.0000      0.0000      0.0000      0.0000      0.0000      0.0000
     24100     -0.000001     -0.0000      0.0000      0.0000     -0.0000      0.0000      0.0000      0.0000      0.0000      0.0000
     24200     -0.000000     -0.0000      0.0000      0.0000     -0.0000      0.0000      0.0000      0.0000      0.0000      0.0000
     24300     -0.000000     -0.0000      0.0000      0.0000     -0.0000      0.0000      0.0000      0.0000      0.0000      0.0000
     24400     -0.000307     -0.0003      0.0000      0.0000     -0.0003      0.0000      0.0000      0.0000      0.0000      0.0000
     24500     -0.000000     -0.0000      0.0000      0.0000     -0.0000      0.0000      0.0000      0.0000      0.0000      0.0000
     24600     -0.000000     -0.0000      0.0000      0.0000     -0.0000      0.0000      0.0000      0.0000      0.0000      0.0000
     24700     -0.000000     -0.0000      0.0000      0.0000     -0.0000      0.0000      0.0000      0.0000      0.0000      0.0000
     24800     -0.000000     -0.0000      0.0000      0.0000     -0.0000      0.0000      0.0000      0.0000      0.0000      0.0000
     24900     -0.000000     -0.0000      0.0000      0.0000     -0.0000      0.0000      0.0000      0.0000      0.0000      0.0000
     25000     -0.000000     -0.0000      0.0000      0.0000     -0.0000      0.0000      0.0000      0.0000      0.0000      0.0000
     25100     -0.000000     -0.0000      0.0000      0.0000     -0.0000      0.0000      0.0000      0.0000      0.0000      0.0000
     25200     -0.000000     -0.0000      0.0000      0.0000     -0.0000      0.0000      0.0000      0.0000      0.0000      0.0000
     25300     -0.000000     -0.0000      0.0000      0.0000     -0.0000      0.0000      0.0000      0.0000      0.0000      0.0000
     25400     -0.000000     -0.0000      0.0000      0.0000     -0.0000      0.0000      0.0000      0.0000      0.0000      0.0000
     25500     -0.000000     -0.0000      0.0000      0.0000     -0.0000      0.0000      0.0000      0.0000      0.0000      0.0000
     25600     -0.000000     -0.0000      0.0000      0.0000     -0.0000      0.0000      0.0000      0.0000      0.0000      0.0000
     25700     -0.000000     -0.0000      0.0000      0.0000     -0.0000      0.0000      0.0000      0.0000      0.0000      0.0000
     25800     -0.000000     -0.0000      0.0000      0.0000     -0.0000      0.0000      0.0000      0.0000      0.0000      0.0000
     25900      0.086191     -0.0000      0.0000      0.0862     -0.0000      0.0000      0.0000      0.0000      0.0000      0.0000
     26000     -0.000007     -0.0000      0.0000      0.0000     -0.0000      0.0000      0.0000      0.0000      0.0000      0.0000
     26100     -0.000000     -0.0000      0.0000      0.0000     -0.0000      0.0000      0.0000      0.0000      0.0000      0.0000
     26200     -0.000000     -0.0000      0.0000      0.0000     -0.0000      0.0000      0.0000      0.0000      0.0000      0.0000
     26300     -0.000001     -0.0000      0.0000      0.0000     -0.0000      0.0000      0.0000      0.0000      0.0000      0.0000
     26400     -0.000000     -0.0000      0.0000      0.0000     -0.0000      0.0000      0.0000      0.0000      0.0000      0.0000
     26500     -0.000000     -0.0000      0.0000      0.0000     -0.0000      0.0000      0.0000      0.0000      0.0000      0.0000
     26600     -0.000000     -0.0000      0.0000      0.0000     -0.0000      0.0000      0.0000      0.0000      0.0000      0.0000
     26700     -0.000000     -0.0000      0.0000      0.0000     -0.0000      0.0000      0.0000      0.0000      0.0000      0.0000
     26800     -0.000000     -0.0000      0.0000      0.0000     -0.0000      0.0000      0.0000      0.0000      0.0000      0.0000
     26900     -0.000000     -0.0000      0.0000      0.0000     -0.0000      0.0000      0.0000      0.0000      0.0000      0.0000
     27000     -0.000000     -0.0000      0.0000      0.0000     -0.0000      0.0000      0.0000      0.0000      0.0000      0.0000
     27100     -0.000000     -0.0000      0.0000      0.0000     -0.0000      0.0000      0.0000      0.0000      0.0000      0.0000
     27200     -0.000004     -0.0000      0.0000      0.0000     -0.0000      0.0000      0.0000      0.0000      0.0000      0.0000
     27300     -0.000000     -0.0000      0.0000      0.0000     -0.0000      0.0000      0.0000      0.0000      0.0000      0.0000
     27400     -0.000000     -0.0000      0.0000      0.0000     -0.0000      0.0000      0.0000      0.0000      0.0000      0.0000
     27500     -0.000000     -0.0000      0.0000      0.0000     -0.0000      0.0000      0.0000      0.0000      0.0000      0.0000
     27600     -0.000000     -0.0000      0.0000      0.0000     -0.0000      0.0000      0.0000      0.0000      0.0000      0.0000
     27700     -0.002856     -0.0029      0.0000      0.0000     -0.0029      0.0000      0.0000      0.0000      0.0000      0.0000
     27800     -0.000000     -0.0000      0.0000      0.0000     -0.0000      0.0000      0.0000      0.0000      0.0000      0.0000
     27900     -0.000000     -0.0000      0.0000      0.0000     -0.0000      0.0000      0.0000      0.0000      0.0000      0.0000
     28000     -0.000000     -0.0000      0.0000      0.0000     -0.0000      0.0000      0.0000      0.0000      0.0000      0.0000
     28100     -0.000000     -0.0000      0.0000      0.0000     -0.0000      0.0000      0.0000      0.0000      0.0000      0.0000
     28200     -0.000000     -0.0000      0.0000      0.0000     -0.0000      0.0000      0.0000      0.0000      0.0000      0.0000
     28300     -0.000000     -0.0000      0.0000      0.0000     -0.0000      0.0000      0.0000      0.0000      0.0000      0.0000
     28400     -0.000000     -0.0000      0.0000      0.0000     -0.0000      0.0000      0.0000      0.0000      0.0000      0.0000
     28500     -0.000000     -0.0000      0.0000      0.0000     -0.0000      0.0000      0.0000      0.0000      0.0000      0.0000
     28600     -0.000004     -0.0000      0.0000      0.0000     -0.0000      0.0000      0.0000      0.0000      0.0000      0.0000
     28700     -0.000000     -0.0000      0.0000      0.0000     -0.0000      0.0000      0.0000      0.0000      0.0000      0.0000
     28800     -0.000000     -0.0000      0.0000      0.0000     -0.0000      0.0000      0.0000      0.0000      0.0000      0.0000
     28900     -0.000000     -0.0000      0.0000      0.0000     -0.0000      0.0000      0.0000      0.0000      0.0000      0.0000
     29000     -0.000000     -0.0000      0.0000      0.0000     -0.0000      0.0000      0.0000      0.0000      0.0000      0.0000
     29100     -0.000000     -0.0000      0.0000      0.0000     -0.0000      0.0000      0.0000      0.0000      0.0000      0.0000
     29200     -0.000000     -0.0000      0.0000      0.0000     -0.0000      0.0000      0.0000      0.0000      0.0000      0.0000
     29300     -0.000000     -0.0000      0.0000      0.0000     -0.0000      0.0000      0.0000      0.0000      0.0000      0.0000
     29400     -0.000000     -0.0000      0.0000      0.0000     -0.0000      0.0000      0.0000      0.0000      0.0000      0.0000
     29500     -0.000000     -0.0000      0.0000      0.0000     -0.0000      0.0000      0.0000      0.0000      0.0000      0.0000
     29600     -0.000003     -0.0000      0.0000      0.0000     -0.0000      0.0000      0.0000      0.0000      0.0000      0.0000
     29700     -0.000000     -0.0000      0.0000      0.0000     -0.0000      0.0000      0.0000      0.0000      0.0000      0.0000
     29800     -0.000000     -0.0000      0.0000      0.0000     -0.0000      0.0000      0.0000      0.0000      0.0000      0.0000
     29900     -0.000000     -0.0000      0.0000      0.0000     -0.0000      0.0000      0.0000      0.0000      0.0000      0.0000
     30000     -0.000000     -0.0000      0.0000      0.0000     -0.0000      0.0000      0.0000      0.0000      0.0000      0.0000
     30100     -0.000000     -0.0000      0.0000      0.0000     -0.0000      0.0000      0.0000      0.0000      0.0000      0.0000
     30200     -0.000000     -0.0000      0.0000      0.0000     -0.0000      0.0000      0.0000      0.0000      0.0000      0.0000
     30300     -0.000000     -0.0000      0.0000      0.0000     -0.0000      0.0000      0.0000      0.0000      0.0000      0.0000
     30400     -0.000000     -0.0000      0.0000      0.0000     -0.0000      0.0000      0.0000      0.0000      0.0000      0.0000
     30500     -0.000000     -0.0000      0.0000      0.0000     -0.0000      0.0000      0.0000      0.0000      0.0000      0.0000
     30600     -0.000000     -0.0000      0.0000      0.0000     -0.0000      0.0000      0.0000      0.0000      0.0000      0.0000
     30700     -0.000000     -0.0000      0.0000      0.0000     -0.0000      0.0000      0.0000      0.0000      0.0000      0.0000
     30800     -0.000000     -0.0000      0.0000      0.0000     -0.0000      0.0000      0.0000      0.0000      0.0000      0.0000
     30900     -0.000000     -0.0000      0.0000      0.0000     -0.0000      0.0000      0.0000      0.0000      0.0000      0.0000
     31000     -0.000000     -0.0000      0.0000      0.0000     -0.0000      0.0000      0.0000      0.0000      0.0000      0.0000
     31100     -0.000000     -0.0000      0.0000      0.0000     -0.0000      0.0000      0.0000      0.0000      0.0000      0.0000
     31200     -0.000000     -0.0000      0.0000      0.0000     -0.0000      0.0000      0.0000      0.0000      0.0000      0.0000
     31300     -0.000000     -0.0000      0.0000      0.0000     -0.0000      0.0000      0.0000      0.0000      0.0000      0.0000
     31400     -0.000000     -0.0000      0.0000      0.0000     -0.0000      0.0000      0.0000      0.0000      0.0000      0.0000
     31500     -0.000000     -0.0000      0.0000      0.0000     -0.0000      0.0000      0.0000      0.0000      0.0000      0.0000
     31600     -0.000000     -0.0000      0.0000      0.0000     -0.0000      0.0000      0.0000      0.0000      0.0000      0.0000
     31700     -0.000000     -0.0000      0.0000      0.0000     -0.0000      0.0000      0.0000      0.0000      0.0000      0.0000
     31800     -0.000030     -0.0000      0.0000      0.0000     -0.0000      0.0000      0.0000      0.0000      0.0000      0.0000
     31900     -0.000006     -0.0000      0.0000      0.0000     -0.0000      0.0000      0.0000      0.0000      0.0000      0.0000
     32000     -0.000000     -0.0000      0.0000      0.0000     -0.0000      0.0000      0.0000      0.0000      0.0000      0.0000
     32100     -0.000000     -0.0000      0.0000      0.0000     -0.0000      0.0000      0.0000      0.0000      0.0000      0.0000
     32200     -0.000000     -0.0000      0.0000      0.0000     -0.0000      0.0000      0.0000      0.0000      0.0000      0.0000
     32300     -0.000000     -0.0000      0.0000      0.0000     -0.0000      0.0000      0.0000      0.0000      0.0000      0.0000
     32400     -0.000000     -0.0000      0.0000      0.0000     -0.0000      0.0000      0.0000      0.0000      0.0000      0.0000
     32500     -0.000003     -0.0000      0.0000      0.0000     -0.0000      0.0000      0.0000      0.0000      0.0000      0.0000
     32600     -0.000000     -0.0000      0.0000      0.0000     -0.0000      0.0000      0.0000      0.0000      0.0000      0.0000
     32700     -0.000000     -0.0000      0.0000      0.0000     -0.0000      0.0000      0.0000      0.0000      0.0000      0.0000
     32800     -0.000052     -0.0001      0.0000      0.0000     -0.0001      0.0000      0.0000      0.0000      0.0000      0.0000
     32900     -0.000001     -0.0000      0.0000      0.0000     -0.0000      0.0000      0.0000      0.0000      0.0000      0.0000
     33000     -0.000001     -0.0000      0.0000      0.0000     -0.0000      0.0000      0.0000      0.0000      0.0000      0.0000
     33100     -0.000000     -0.0000      0.0000      0.0000     -0.0000      0.0000      0.0000      0.0000      0.0000      0.0000
     33200     -0.000000     -0.0000      0.0000      0.0000     -0.0000      0.0000      0.0000      0.0000      0.0000      0.0000
     33300     -0.000000     -0.0000      0.0000      0.0000     -0.0000      0.0000      0.0000      0.0000      0.0000      0.0000
     33400     -0.000001     -0.0000      0.0000      0.0000     -0.0000      0.0000      0.0000      0.0000      0.0000      0.0000
     33500     -0.000000     -0.0000      0.0000      0.0000     -0.0000      0.0000      0.0000      0.0000      0.0000      0.0000
     33600     -0.000001     -0.0000      0.0000      0.0000     -0.0000      0.0000      0.0000      0.0000      0.0000      0.0000
     33700     -0.000000     -0.0000      0.0000      0.0000     -0.0000      0.0000      0.0000      0.0000      0.0000      0.0000
     33800     -0.000000     -0.0000      0.0000      0.0000     -0.0000      0.0000      0.0000      0.0000      0.0000      0.0000
     33900     -0.000000     -0.0000      0.0000      0.0000     -0.0000      0.0000      0.0000      0.0000      0.0000      0.0000
     34000     -0.000000     -0.0000      0.0000      0.0000     -0.0000      0.0000      0.0000      0.0000      0.0000      0.0000
     34100     -0.000000     -0.0000      0.0000      0.0000     -0.0000      0.0000      0.0000      0.0000      0.0000      0.0000
     34200     -0.000000     -0.0000      0.0000      0.0000     -0.0000      0.0000      0.0000      0.0000      0.0000      0.0000
     34300     -0.000000     -0.0000      0.0000      0.0000     -0.0000      0.0000      0.0000      0.0000      0.0000      0.0000
     34400     -0.000000     -0.0000      0.0000      0.0000     -0.0000      0.0000      0.0000      0.0000      0.0000      0.0000
     34500     -0.000000     -0.0000      0.0000      0.0000     -0.0000      0.0000      0.0000      0.0000      0.0000      0.0000
     34600     -0.000000     -0.0000      0.0000      0.0000     -0.0000      0.0000      0.0000      0.0000      0.0000      0.0000
     34700     -0.000000     -0.0000      0.0000      0.0000     -0.0000      0.0000      0.0000      0.0000      0.0000      0.0000
     34800     -0.000000     -0.0000      0.0000      0.0000     -0.0000      0.0000      0.0000      0.0000      0.0000      0.0000
     34900     -0.000000     -0.0000      0.0000      0.0000     -0.0000      0.0000      0.0000      0.0000      0.0000      0.0000
     35000     -0.000000     -0.0000      0.0000      0.0000     -0.0000      0.0000      0.0000      0.0000      0.0000      0.0000
     35100     -0.000000     -0.0000      0.0000      0.0000     -0.0000      0.0000      0.0000      0.0000      0.0000      0.0000
     35200     -0.000000     -0.0000      0.0000      0.0000     -0.0000      0.0000      0.0000      0.0000      0.0000      0.0000
     35300     -0.000000     -0.0000      0.0000      0.0000     -0.0000      0.0000      0.0000      0.0000      0.0000      0.0000
     35400     -0.000000     -0.0000      0.0000      0.0000     -0.0000      0.0000      0.0000      0.0000      0.0000      0.0000
     35500     -0.000000     -0.0000      0.0000      0.0000     -0.0000      0.0000      0.0000      0.0000      0.0000      0.0000
     35600     -0.000000     -0.0000      0.0000      0.0000     -0.0000      0.0000      0.0000      0.0000      0.0000      0.0000
     35700     -0.000000     -0.0000      0.0000      0.0000     -0.0000      0.0000      0.0000      0.0000      0.0000      0.0000
     35800     -0.000000     -0.0000      0.0000      0.0000     -0.0000      0.0000      0.0000      0.0000      0.0000      0.0000
     35900     -0.000000     -0.0000      0.0000      0.0000     -0.0000      0.0000      0.0000      0.0000      0.0000      0.0000
     36000     -0.000002     -0.0000      0.0000      0.0000     -0.0000      0.0000      0.0000      0.0000      0.0000      0.0000
     36100     -0.000000     -0.0000      0.0000      0.0000     -0.0000      0.0000      0.0000      0.0000      0.0000      0.0000
     36200     -0.000040     -0.0000      0.0000      0.0000     -0.0000      0.0000      0.0000      0.0000      0.0000      0.0000
     36300     -0.000001     -0.0000      0.0000      0.0000     -0.0000      0.0000      0.0000      0.0000      0.0000      0.0000
     36400     -0.000000     -0.0000      0.0000      0.0000     -0.0000      0.0000      0.0000      0.0000      0.0000      0.0000
     36500     -0.000000     -0.0000      0.0000      0.0000     -0.0000      0.0000      0.0000      0.0000      0.0000      0.0000
     36600     -0.000000     -0.0000      0.0000      0.0000     -0.0000      0.0000      0.0000      0.0000      0.0000      0.0000
     36700     -0.000000     -0.0000      0.0000      0.0000     -0.0000      0.0000      0.0000      0.0000      0.0000      0.0000
     36800     -0.000004     -0.0000      0.0000      0.0000     -0.0000      0.0000      0.0000      0.0000      0.0000      0.0000
     36900     -0.000000     -0.0000      0.0000      0.0000     -0.0000      0.0000      0.0000      0.0000      0.0000      0.0000
     37000     -0.000000     -0.0000      0.0000      0.0000     -0.0000      0.0000      0.0000      0.0000      0.0000      0.0000
     37100     -0.000000     -0.0000      0.0000      0.0000     -0.0000      0.0000      0.0000      0.0000      0.0000      0.0000
     37200     -0.000000     -0.0000      0.0000      0.0000     -0.0000      0.0000      0.0000      0.0000      0.0000      0.0000
     37300     -0.000000     -0.0000      0.0000      0.0000     -0.0000      0.0000      0.0000      0.0000      0.0000      0.0000
     37400     -0.000000     -0.0000      0.0000      0.0000     -0.0000      0.0000      0.0000      0.0000      0.0000      0.0000
     37500     -0.000001     -0.0000      0.0000      0.0000     -0.0000      0.0000      0.0000      0.0000      0.0000      0.0000
     37600     -0.000000     -0.0000      0.0000      0.0000     -0.0000      0.0000      0.0000      0.0000      0.0000      0.0000
     37700     -0.000000     -0.0000      0.0000      0.0000     -0.0000      0.0000      0.0000      0.0000      0.0000      0.0000
     37800     -0.000000     -0.0000      0.0000      0.0000     -0.0000      0.0000      0.0000      0.0000      0.0000      0.0000
     37900     -0.000000     -0.0000      0.0000      0.0000     -0.0000      0.0000      0.0000      0.0000      0.0000      0.0000
     38000     -0.000000     -0.0000      0.0000      0.0000     -0.0000      0.0000      0.0000      0.0000      0.0000      0.0000
     38100     -0.000001     -0.0000      0.0000      0.0000     -0.0000      0.0000      0.0000      0.0000      0.0000      0.0000
     38200     -0.000001     -0.0000      0.0000      0.0000     -0.0000      0.0000      0.0000      0.0000      0.0000      0.0000
     38300     -0.000000     -0.0000      0.0000      0.0000     -0.0000      0.0000      0.0000      0.0000      0.0000      0.0000
     38400     -0.000007     -0.0000      0.0000      0.0000     -0.0000      0.0000      0.0000      0.0000      0.0000      0.0000
     38500     -0.000000     -0.0000      0.0000      0.0000     -0.0000      0.0000      0.0000      0.0000      0.0000      0.0000
     38600     -0.000001     -0.0000      0.0000      0.0000     -0.0000      0.0000      0.0000      0.0000      0.0000      0.0000
     38700     -0.000000     -0.0000      0.0000      0.0000     -0.0000      0.0000      0.0000      0.0000      0.0000      0.0000
     38800     -0.000000     -0.0000      0.0000      0.0000     -0.0000      0.0000      0.0000      0.0000      0.0000      0.0000
     38900     -0.000003     -0.0000      0.0000      0.0000     -0.0000      0.0000      0.0000      0.0000      0.0000      0.0000
     39000     -0.000002     -0.0000      0.0000      0.0000     -0.0000      0.0000      0.0000      0.0000      0.0000      0.0000
     39100     -0.000002     -0.0000      0.0000      0.0000     -0.0000      0.0000      0.0000      0.0000      0.0000      0.0000
     39200     -0.000000     -0.0000      0.0000      0.0000     -0.0000      0.0000      0.0000      0.0000      0.0000      0.0000
     39300     -0.000008     -0.0000      0.0000      0.0000     -0.0000      0.0000      0.0000      0.0000      0.0000      0.0000
     39400     -0.000001     -0.0000      0.0000      0.0000     -0.0000      0.0000      0.0000      0.0000      0.0000      0.0000
     39500     -0.000000     -0.0000      0.0000      0.0000     -0.0000      0.0000      0.0000      0.0000      0.0000      0.0000
     39600     -0.000000     -0.0000      0.0000      0.0000     -0.0000      0.0000      0.0000      0.0000      0.0000      0.0000
     39700     -0.000000     -0.0000      0.0000      0.0000     -0.0000      0.0000      0.0000      0.0000      0.0000      0.0000
     39800     -0.000000     -0.0000      0.0000      0.0000     -0.0000      0.0000      0.0000      0.0000      0.0000      0.0000
     39900     -0.000000     -0.0000      0.0000      0.0000     -0.0000      0.0000      0.0000      0.0000      0.0000      0.0000
     40000     -0.000001     -0.0000      0.0000      0.0000     -0.0000      0.0000      0.0000      0.0000      0.0000      0.0000
     40100     -0.000000     -0.0000      0.0000      0.0000     -0.0000      0.0000      0.0000      0.0000      0.0000      0.0000
     40200     -0.000000     -0.0000      0.0000      0.0000     -0.0000      0.0000      0.0000      0.0000      0.0000      0.0000
     40300     -0.000000     -0.0000      0.0000      0.0000     -0.0000      0.0000      0.0000      0.0000      0.0000      0.0000
     40400     -0.000001     -0.0000      0.0000      0.0000     -0.0000      0.0000      0.0000      0.0000      0.0000      0.0000
     40500     -0.000001     -0.0000      0.0000      0.0000     -0.0000      0.0000      0.0000      0.0000      0.0000      0.0000
     40600     -0.000000     -0.0000      0.0000      0.0000     -0.0000      0.0000      0.0000      0.0000      0.0000      0.0000
     40700     -0.000000     -0.0000      0.0000      0.0000     -0.0000      0.0000      0.0000      0.0000      0.0000      0.0000
     40800     -0.000000     -0.0000      0.0000      0.0000     -0.0000      0.0000      0.0000      0.0000      0.0000      0.0000
     40900     -0.000000     -0.0000      0.0000      0.0000     -0.0000      0.0000      0.0000      0.0000      0.0000      0.0000
     41000     -0.000000     -0.0000      0.0000      0.0000     -0.0000      0.0000      0.0000      0.0000      0.0000      0.0000
     41100     -0.000000     -0.0000      0.0000      0.0000     -0.0000      0.0000      0.0000      0.0000      0.0000      0.0000
     41200     -0.000000     -0.0000      0.0000      0.0000     -0.0000      0.0000      0.0000      0.0000      0.0000      0.0000
     41300     -0.000000     -0.0000      0.0000      0.0000     -0.0000      0.0000      0.0000      0.0000      0.0000      0.0000
     41400     -0.000000     -0.0000      0.0000      0.0000     -0.0000      0.0000      0.0000      0.0000      0.0000      0.0000
     41500     -0.000000     -0.0000      0.0000      0.0000     -0.0000      0.0000      0.0000      0.0000      0.0000      0.0000
     41600     -0.000000     -0.0000      0.0000      0.0000     -0.0000      0.0000      0.0000      0.0000      0.0000      0.0000
     41700     -0.000000     -0.0000      0.0000      0.0000     -0.0000      0.0000      0.0000      0.0000      0.0000      0.0000
     41800     -0.000000     -0.0000      0.0000      0.0000     -0.0000      0.0000      0.0000      0.0000      0.0000      0.0000
     41900     -0.000000     -0.0000      0.0000      0.0000     -0.0000      0.0000      0.0000      0.0000      0.0000      0.0000
     42000     -0.000000     -0.0000      0.0000      0.0000     -0.0000      0.0000      0.0000      0.0000      0.0000      0.0000
     42100     -0.000000     -0.0000      0.0000      0.0000     -0.0000      0.0000      0.0000      0.0000      0.0000      0.0000
     42200     -0.000000     -0.0000      0.0000      0.0000     -0.0000      0.0000      0.0000      0.0000      0.0000      0.0000
     42300     -0.000124     -0.0001      0.0000      0.0000     -0.0001      0.0000      0.0000      0.0000      0.0000      0.0000
     42400     -0.000000     -0.0000      0.0000      0.0000     -0.0000      0.0000      0.0000      0.0000      0.0000      0.0000
     42500     -0.000000     -0.0000      0.0000      0.0000     -0.0000      0.0000      0.0000      0.0000      0.0000      0.0000
     42600     -0.000000     -0.0000      0.0000      0.0000     -0.0000      0.0000      0.0000      0.0000      0.0000      0.0000
     42700     -0.000000     -0.0000      0.0000      0.0000     -0.0000      0.0000      0.0000      0.0000      0.0000      0.0000
     42800     -0.000000     -0.0000      0.0000      0.0000     -0.0000      0.0000      0.0000      0.0000      0.0000      0.0000
     42900     -0.000000     -0.0000      0.0000      0.0000     -0.0000      0.0000      0.0000      0.0000      0.0000      0.0000
     43000     -0.000000     -0.0000      0.0000      0.0000     -0.0000      0.0000      0.0000      0.0000      0.0000      0.0000
     43100     -0.000000     -0.0000      0.0000      0.0000     -0.0000      0.0000      0.0000      0.0000      0.0000      0.0000
     43200     -0.000000     -0.0000      0.0000      0.0000     -0.0000      0.0000      0.0000      0.0000      0.0000      0.0000
     43300     -0.000000     -0.0000      0.0000      0.0000     -0.0000      0.0000      0.0000      0.0000      0.0000      0.0000
     43400     -0.000000     -0.0000      0.0000      0.0000     -0.0000      0.0000      0.0000      0.0000      0.0000      0.0000
     43500     -0.000000     -0.0000      0.0000      0.0000     -0.0000      0.0000      0.0000      0.0000      0.0000      0.0000
     43600     -0.000000     -0.0000      0.0000      0.0000     -0.0000      0.0000      0.0000      0.0000      0.0000      0.0000
     43700     -0.000000     -0.0000      0.0000      0.0000     -0.0000      0.0000      0.0000      0.0000      0.0000      0.0000
     43800     -0.000000     -0.0000      0.0000      0.0000     -0.0000      0.0000      0.0000      0.0000      0.0000      0.0000
     43900     -0.000015     -0.0000      0.0000      0.0000     -0.0000      0.0000      0.0000      0.0000      0.0000      0.0000
     44000     -0.000000     -0.0000      0.0000      0.0000     -0.0000      0.0000      0.0000      0.0000      0.0000      0.0000
     44100     -0.000000     -0.0000      0.0000      0.0000     -0.0000      0.0000      0.0000      0.0000      0.0000      0.0000
     44200     -0.000000     -0.0000      0.0000      0.0000     -0.0000      0.0000      0.0000      0.0000      0.0000      0.0000
     44300     -0.000000     -0.0000      0.0000      0.0000     -0.0000      0.0000      0.0000      0.0000      0.0000      0.0000
     44400     -0.000000     -0.0000      0.0000      0.0000     -0.0000      0.0000      0.0000      0.0000      0.0000      0.0000
     44500     -0.000000     -0.0000      0.0000      0.0000     -0.0000      0.0000      0.0000      0.0000      0.0000      0.0000
     44600     -0.000000     -0.0000      0.0000      0.0000     -0.0000      0.0000      0.0000      0.0000      0.0000      0.0000
     44700     -0.000003     -0.0000      0.0000      0.0000     -0.0000      0.0000      0.0000      0.0000      0.0000      0.0000
     44800     -0.000000     -0.0000      0.0000      0.0000     -0.0000      0.0000      0.0000      0.0000      0.0000      0.0000
     44900     -0.000037     -0.0000      0.0000      0.0000     -0.0000      0.0000      0.0000      0.0000      0.0000      0.0000
     45000     -0.000000     -0.0000      0.0000      0.0000     -0.0000      0.0000      0.0000      0.0000      0.0000      0.0000
     45100     -0.000000     -0.0000      0.0000      0.0000     -0.0000      0.0000      0.0000      0.0000      0.0000      0.0000
     45200     -0.000016     -0.0000      0.0000      0.0000     -0.0000      0.0000      0.0000      0.0000      0.0000      0.0000
     45300     -0.000000     -0.0000      0.0000      0.0000     -0.0000      0.0000      0.0000      0.0000      0.0000      0.0000
     45400     -0.000001     -0.0000      0.0000      0.0000     -0.0000      0.0000      0.0000      0.0000      0.0000      0.0000
     45500     -0.000000     -0.0000      0.0000      0.0000     -0.0000      0.0000      0.0000      0.0000      0.0000      0.0000
     45600     -0.000000     -0.0000      0.0000      0.0000     -0.0000      0.0000      0.0000      0.0000      0.0000      0.0000
     45700     -0.000000     -0.0000      0.0000      0.0000     -0.0000      0.0000      0.0000      0.0000      0.0000      0.0000
     45800     -0.000000     -0.0000      0.0000      0.0000     -0.0000      0.0000      0.0000      0.0000      0.0000      0.0000
     45900     -0.000000     -0.0000      0.0000      0.0000     -0.0000      0.0000      0.0000      0.0000      0.0000      0.0000
     46000     -0.000001     -0.0000      0.0000      0.0000     -0.0000      0.0000      0.0000      0.0000      0.0000      0.0000
     46100     -0.000000     -0.0000      0.0000      0.0000     -0.0000      0.0000      0.0000      0.0000      0.0000      0.0000
     46200     -0.000000     -0.0000      0.0000      0.0000     -0.0000      0.0000      0.0000      0.0000      0.0000      0.0000
     46300     -0.001522     -0.0015      0.0000      0.0000     -0.0015      0.0000      0.0000      0.0000      0.0000      0.0000
     46400     -0.000005     -0.0000      0.0000      0.0000     -0.0000      0.0000      0.0000      0.0000      0.0000      0.0000
     46500     -0.000000     -0.0000      0.0000      0.0000     -0.0000      0.0000      0.0000      0.0000      0.0000      0.0000
     46600     -0.000000     -0.0000      0.0000      0.0000     -0.0000      0.0000      0.0000      0.0000      0.0000      0.0000
     46700     -0.000000     -0.0000      0.0000      0.0000     -0.0000      0.0000      0.0000      0.0000      0.0000      0.0000
     46800     -0.000000     -0.0000      0.0000      0.0000     -0.0000      0.0000      0.0000      0.0000      0.0000      0.0000
     46900     -0.000000     -0.0000      0.0000      0.0000     -0.0000      0.0000      0.0000      0.0000      0.0000      0.0000
     47000     -0.000000     -0.0000      0.0000      0.0000     -0.0000      0.0000      0.0000      0.0000      0.0000      0.0000
     47100     -0.000000     -0.0000      0.0000      0.0000     -0.0000      0.0000      0.0000      0.0000      0.0000      0.0000
     47200     -0.000000     -0.0000      0.0000      0.0000     -0.0000      0.0000      0.0000      0.0000      0.0000      0.0000
     47300     -0.000000     -0.0000      0.0000      0.0000     -0.0000      0.0000      0.0000      0.0000      0.0000      0.0000
     47400     -0.000001     -0.0000      0.0000      0.0000     -0.0000      0.0000      0.0000      0.0000      0.0000      0.0000
     47500     -0.000001     -0.0000      0.0000      0.0000     -0.0000      0.0000      0.0000      0.0000      0.0000      0.0000
     47600     -0.000000     -0.0000      0.0000      0.0000     -0.0000      0.0000      0.0000      0.0000      0.0000      0.0000
     47700     -0.000000     -0.0000      0.0000      0.0000     -0.0000      0.0000      0.0000      0.0000      0.0000      0.0000
     47800     -0.000000     -0.0000      0.0000      0.0000     -0.0000      0.0000      0.0000      0.0000      0.0000      0.0000
     47900     -0.000000     -0.0000      0.0000      0.0000     -0.0000      0.0000      0.0000      0.0000      0.0000      0.0000
     48000     -0.000000     -0.0000      0.0000      0.0000     -0.0000      0.0000      0.0000      0.0000      0.0000      0.0000
     48100     -0.000000     -0.0000      0.0000      0.0000     -0.0000      0.0000      0.0000      0.0000      0.0000      0.0000
     48200     -0.000000     -0.0000      0.0000      0.0000     -0.0000      0.0000      0.0000      0.0000      0.0000      0.0000
     48300     -0.000000     -0.0000      0.0000      0.0000     -0.0000      0.0000      0.0000      0.0000      0.0000      0.0000
     48400     -0.000000     -0.0000      0.0000      0.0000     -0.0000      0.0000      0.0000      0.0000      0.0000      0.0000
     48500     -0.000000     -0.0000      0.0000      0.0000     -0.0000      0.0000      0.0000      0.0000      0.0000      0.0000
     48600     -0.000000     -0.0000      0.0000      0.0000     -0.0000      0.0000      0.0000      0.0000      0.0000      0.0000
     48700     -0.000000     -0.0000      0.0000      0.0000     -0.0000      0.0000      0.0000      0.0000      0.0000      0.0000
     48800     -0.000000     -0.0000      0.0000      0.0000     -0.0000      0.0000      0.0000      0.0000      0.0000      0.0000
     48900     -0.000000     -0.0000      0.0000      0.0000     -0.0000      0.0000      0.0000      0.0000      0.0000      0.0000
     49000     -0.000000     -0.0000      0.0000      0.0000     -0.0000      0.0000      0.0000      0.0000      0.0000      0.0000
     49100     -0.000000     -0.0000      0.0000      0.0000     -0.0000      0.0000      0.0000      0.0000      0.0000      0.0000
     49200     -0.000000     -0.0000      0.0000      0.0000     -0.0000      0.0000      0.0000      0.0000      0.0000      0.0000
     49300     -0.000000     -0.0000      0.0000      0.0000     -0.0000      0.0000      0.0000      0.0000      0.0000      0.0000
     49400     -0.000000     -0.0000      0.0000      0.0000     -0.0000      0.0000      0.0000      0.0000      0.0000      0.0000
     49500     -0.000000     -0.0000      0.0000      0.0000     -0.0000      0.0000      0.0000      0.0000      0.0000      0.0000
     49600     -0.000000     -0.0000      0.0000      0.0000     -0.0000      0.0000      0.0000      0.0000      0.0000      0.0000
     49700     -0.000000     -0.0000      0.0000      0.0000     -0.0000      0.0000      0.0000      0.0000      0.0000      0.0000
     49800     -0.000000     -0.0000      0.0000      0.0000     -0.0000      0.0000      0.0000      0.0000      0.0000      0.0000
     49900     -0.000000     -0.0000      0.0000      0.0000     -0.0000      0.0000      0.0000      0.0000      0.0000      0.0000
     50000     -0.000000     -0.0000      0.0000      0.0000     -0.0000      0.0000      0.0000      0.0000      0.0000      0.0000
