# energy of lif
#      conf       e_totale_nonbond    e_bonded    e_boundary       e_vdw      e_elst      e_bond     e_angle   e_tors        e_oop         1      0.000000      0.0000      0.0000      0.0000      0.0000      0.0000      0.0000      0.0000      0.0000      0.0000
         2    -91.626383    -91.6264      0.0000      0.0000     -0.0149    -91.6115      0.0000      0.0000      0.0000      0.0000
         4    -95.646733    -95.6467      0.0000      0.0000     -0.0184    -95.6283      0.0000      0.0000      0.0000      0.0000
         6    -97.501401    -97.5014      0.0000      0.0000     -0.0202    -97.4812      0.0000      0.0000      0.0000      0.0000
         8    -98.880738    -98.8807      0.0000      0.0000     -0.0215    -98.8592      0.0000      0.0000      0.0000      0.0000
        10   -107.478789   -107.4788      0.0000      0.0000     -0.0297   -107.4491      0.0000      0.0000      0.0000      0.0000
        12   -114.454569   -114.4546      0.0000      0.0000     -0.0334   -114.4212      0.0000      0.0000      0.0000      0.0000
        14   -128.677463   -128.6775      0.0000      0.0000     -0.0026   -128.6749      0.0000      0.0000      0.0000      0.0000
        16   -136.500464   -136.5005      0.0000      0.0000      0.0752   -136.5756      0.0000      0.0000      0.0000      0.0000
        18   -140.989756   -140.9898      0.0000      0.0000      0.1615   -141.1513      0.0000      0.0000      0.0000      0.0000
        20   -150.999136   -150.9991      0.0000      0.0000      0.5659   -151.5651      0.0000      0.0000      0.0000      0.0000
        22   -165.928094   -165.9281      0.0000      0.0000      2.6123   -168.5404      0.0000      0.0000      0.0000      0.0000
        24   -173.426456   -173.4265      0.0000      0.0000      5.9561   -179.3826      0.0000      0.0000      0.0000      0.0000
        26   -177.823548   -177.8235      0.0000      0.0000     16.2756   -194.0991      0.0000      0.0000      0.0000      0.0000
        28   -177.847601   -177.8476      0.0000      0.0000     15.2987   -193.1463      0.0000      0.0000      0.0000      0.0000
        30   -177.847677   -177.8477      0.0000      0.0000     15.3477   -193.1954      0.0000      0.0000      0.0000      0.0000
        32   -177.847677   -177.8477      0.0000      0.0000     15.3494   -193.1971      0.0000      0.0000      0.0000      0.0000
        34   -177.847677   -177.8477      0.0000      0.0000     15.3494   -193.1971      0.0000      0.0000      0.0000      0.0000
        36   -177.847677   -177.8477      0.0000      0.0000     15.3494   -193.1971      0.0000      0.0000      0.0000      0.0000
        38   -177.847677   -177.8477      0.0000      0.0000     15.3494   -193.1971      0.0000      0.0000      0.0000      0.0000
        40   -177.847677   -177.8477      0.0000      0.0000     15.3494   -193.1971      0.0000      0.0000      0.0000      0.0000
        42   -177.847677   -177.8477      0.0000      0.0000     15.3494   -193.1971      0.0000      0.0000      0.0000      0.0000
        44   -177.847677   -177.8477      0.0000      0.0000     15.3494   -193.1971      0.0000      0.0000      0.0000      0.0000
        46   -177.847677   -177.8477      0.0000      0.0000     15.3494   -193.1971      0.0000      0.0000      0.0000      0.0000
        48   -177.847677   -177.8477      0.0000      0.0000     15.3494   -193.1971      0.0000      0.0000      0.0000      0.0000
        50   -177.847677   -177.8477      0.0000      0.0000     15.3494   -193.1971      0.0000      0.0000      0.0000      0.0000
        52   -177.847677   -177.8477      0.0000      0.0000     15.3494   -193.1971      0.0000      0.0000      0.0000      0.0000
        54   -177.847677   -177.8477      0.0000      0.0000     15.3494   -193.1971      0.0000      0.0000      0.0000      0.0000
        56   -177.847677   -177.8477      0.0000      0.0000     15.3494   -193.1971      0.0000      0.0000      0.0000      0.0000
        58   -177.847677   -177.8477      0.0000      0.0000     15.3494   -193.1971      0.0000      0.0000      0.0000      0.0000
        60   -177.847677   -177.8477      0.0000      0.0000     15.3494   -193.1971      0.0000      0.0000      0.0000      0.0000
        62   -177.847677   -177.8477      0.0000      0.0000     15.3494   -193.1971      0.0000      0.0000      0.0000      0.0000
        64   -177.847677   -177.8477      0.0000      0.0000     15.3494   -193.1971      0.0000      0.0000      0.0000      0.0000
        66   -177.847677   -177.8477      0.0000      0.0000     15.3494   -193.1971      0.0000      0.0000      0.0000      0.0000
        68   -177.847677   -177.8477      0.0000      0.0000     15.3494   -193.1971      0.0000      0.0000      0.0000      0.0000
        70   -177.847677   -177.8477      0.0000      0.0000     15.3494   -193.1971      0.0000      0.0000      0.0000      0.0000
        72   -177.847677   -177.8477      0.0000      0.0000     15.3494   -193.1971      0.0000      0.0000      0.0000      0.0000
        74   -177.847677   -177.8477      0.0000      0.0000     15.3494   -193.1971      0.0000      0.0000      0.0000      0.0000
        76   -177.847677   -177.8477      0.0000      0.0000     15.3494   -193.1971      0.0000      0.0000      0.0000      0.0000
        78   -177.847677   -177.8477      0.0000      0.0000     15.3494   -193.1971      0.0000      0.0000      0.0000      0.0000
        80   -177.847677   -177.8477      0.0000      0.0000     15.3494   -193.1971      0.0000      0.0000      0.0000      0.0000
        82   -177.847677   -177.8477      0.0000      0.0000     15.3494   -193.1971      0.0000      0.0000      0.0000      0.0000
        84   -177.847677   -177.8477      0.0000      0.0000     15.3494   -193.1971      0.0000      0.0000      0.0000      0.0000
        86   -177.847677   -177.8477      0.0000      0.0000     15.3494   -193.1971      0.0000      0.0000      0.0000      0.0000
        88   -177.847677   -177.8477      0.0000      0.0000     15.3494   -193.1971      0.0000      0.0000      0.0000      0.0000
        90   -177.847677   -177.8477      0.0000      0.0000     15.3494   -193.1971      0.0000      0.0000      0.0000      0.0000
        92   -177.847677   -177.8477      0.0000      0.0000     15.3494   -193.1971      0.0000      0.0000      0.0000      0.0000
        94   -177.847677   -177.8477      0.0000      0.0000     15.3494   -193.1971      0.0000      0.0000      0.0000      0.0000
        96   -177.847677   -177.8477      0.0000      0.0000     15.3494   -193.1971      0.0000      0.0000      0.0000      0.0000
        98   -177.847677   -177.8477      0.0000      0.0000     15.3494   -193.1971      0.0000      0.0000      0.0000      0.0000
       100   -177.847677   -177.8477      0.0000      0.0000     15.3494   -193.1971      0.0000      0.0000      0.0000      0.0000
       102   -177.847677   -177.8477      0.0000      0.0000     15.3494   -193.1971      0.0000      0.0000      0.0000      0.0000
       104   -177.847677   -177.8477      0.0000      0.0000     15.3494   -193.1971      0.0000      0.0000      0.0000      0.0000
       106   -177.847677   -177.8477      0.0000      0.0000     15.3494   -193.1971      0.0000      0.0000      0.0000      0.0000
       108   -177.847677   -177.8477      0.0000      0.0000     15.3494   -193.1971      0.0000      0.0000      0.0000      0.0000
       110   -177.847677   -177.8477      0.0000      0.0000     15.3494   -193.1971      0.0000      0.0000      0.0000      0.0000
       112   -177.847677   -177.8477      0.0000      0.0000     15.3494   -193.1971      0.0000      0.0000      0.0000      0.0000
       114   -177.847677   -177.8477      0.0000      0.0000     15.3494   -193.1971      0.0000      0.0000      0.0000      0.0000
       116   -177.847677   -177.8477      0.0000      0.0000     15.3494   -193.1971      0.0000      0.0000      0.0000      0.0000
       118   -177.847677   -177.8477      0.0000      0.0000     15.3494   -193.1971      0.0000      0.0000      0.0000      0.0000
       120   -177.847677   -177.8477      0.0000      0.0000     15.3494   -193.1971      0.0000      0.0000      0.0000      0.0000
       122   -177.847677   -177.8477      0.0000      0.0000     15.3494   -193.1971      0.0000      0.0000      0.0000      0.0000
       124   -177.847677   -177.8477      0.0000      0.0000     15.3494   -193.1971      0.0000      0.0000      0.0000      0.0000
       126   -177.847677   -177.8477      0.0000      0.0000     15.3494   -193.1971      0.0000      0.0000      0.0000      0.0000
       128   -177.847677   -177.8477      0.0000      0.0000     15.3494   -193.1971      0.0000      0.0000      0.0000      0.0000
       130   -177.847677   -177.8477      0.0000      0.0000     15.3494   -193.1971      0.0000      0.0000      0.0000      0.0000
       132   -177.847677   -177.8477      0.0000      0.0000     15.3494   -193.1971      0.0000      0.0000      0.0000      0.0000
       134   -177.847677   -177.8477      0.0000      0.0000     15.3494   -193.1971      0.0000      0.0000      0.0000      0.0000
       136   -177.847677   -177.8477      0.0000      0.0000     15.3494   -193.1971      0.0000      0.0000      0.0000      0.0000
       138   -177.847677   -177.8477      0.0000      0.0000     15.3494   -193.1971      0.0000      0.0000      0.0000      0.0000
       140   -177.847677   -177.8477      0.0000      0.0000     15.3494   -193.1971      0.0000      0.0000      0.0000      0.0000
       142   -177.847677   -177.8477      0.0000      0.0000     15.3494   -193.1971      0.0000      0.0000      0.0000      0.0000
       144   -177.847677   -177.8477      0.0000      0.0000     15.3494   -193.1971      0.0000      0.0000      0.0000      0.0000
       146   -177.847677   -177.8477      0.0000      0.0000     15.3494   -193.1971      0.0000      0.0000      0.0000      0.0000
       148   -177.847677   -177.8477      0.0000      0.0000     15.3494   -193.1971      0.0000      0.0000      0.0000      0.0000
       150   -177.847677   -177.8477      0.0000      0.0000     15.3494   -193.1971      0.0000      0.0000      0.0000      0.0000
       152   -177.847677   -177.8477      0.0000      0.0000     15.3494   -193.1971      0.0000      0.0000      0.0000      0.0000
       154   -177.847677   -177.8477      0.0000      0.0000     15.3494   -193.1971      0.0000      0.0000      0.0000      0.0000
       156   -177.847677   -177.8477      0.0000      0.0000     15.3494   -193.1971      0.0000      0.0000      0.0000      0.0000
       158   -177.847677   -177.8477      0.0000      0.0000     15.3494   -193.1971      0.0000      0.0000      0.0000      0.0000
       160   -177.847677   -177.8477      0.0000      0.0000     15.3494   -193.1971      0.0000      0.0000      0.0000      0.0000
       162   -177.847677   -177.8477      0.0000      0.0000     15.3494   -193.1971      0.0000      0.0000      0.0000      0.0000
       164   -177.847677   -177.8477      0.0000      0.0000     15.3494   -193.1971      0.0000      0.0000      0.0000      0.0000
       166   -177.847677   -177.8477      0.0000      0.0000     15.3494   -193.1971      0.0000      0.0000      0.0000      0.0000
       168   -177.847677   -177.8477      0.0000      0.0000     15.3494   -193.1971      0.0000      0.0000      0.0000      0.0000
       170   -177.847677   -177.8477      0.0000      0.0000     15.3494   -193.1971      0.0000      0.0000      0.0000      0.0000
       172   -177.847677   -177.8477      0.0000      0.0000     15.3494   -193.1971      0.0000      0.0000      0.0000      0.0000
       174   -177.847677   -177.8477      0.0000      0.0000     15.3494   -193.1971      0.0000      0.0000      0.0000      0.0000
       176   -177.847677   -177.8477      0.0000      0.0000     15.3494   -193.1971      0.0000      0.0000      0.0000      0.0000
       178   -177.847677   -177.8477      0.0000      0.0000     15.3494   -193.1971      0.0000      0.0000      0.0000      0.0000
       180   -177.847677   -177.8477      0.0000      0.0000     15.3494   -193.1971      0.0000      0.0000      0.0000      0.0000
       182   -177.847677   -177.8477      0.0000      0.0000     15.3494   -193.1971      0.0000      0.0000      0.0000      0.0000
       184   -177.847677   -177.8477      0.0000      0.0000     15.3494   -193.1971      0.0000      0.0000      0.0000      0.0000
       186   -177.847677   -177.8477      0.0000      0.0000     15.3494   -193.1971      0.0000      0.0000      0.0000      0.0000
       188   -177.847677   -177.8477      0.0000      0.0000     15.3494   -193.1971      0.0000      0.0000      0.0000      0.0000
       190   -177.847677   -177.8477      0.0000      0.0000     15.3494   -193.1971      0.0000      0.0000      0.0000      0.0000
       192   -177.847677   -177.8477      0.0000      0.0000     15.3494   -193.1971      0.0000      0.0000      0.0000      0.0000
       194   -177.847677   -177.8477      0.0000      0.0000     15.3494   -193.1971      0.0000      0.0000      0.0000      0.0000
       196   -177.847677   -177.8477      0.0000      0.0000     15.3494   -193.1971      0.0000      0.0000      0.0000      0.0000
       198   -177.847677   -177.8477      0.0000      0.0000     15.3494   -193.1971      0.0000      0.0000      0.0000      0.0000
       200   -177.847677   -177.8477      0.0000      0.0000     15.3494   -193.1971      0.0000      0.0000      0.0000      0.0000
       202   -177.847677   -177.8477      0.0000      0.0000     15.3494   -193.1971      0.0000      0.0000      0.0000      0.0000
       204   -177.847677   -177.8477      0.0000      0.0000     15.3494   -193.1971      0.0000      0.0000      0.0000      0.0000
       206   -177.847677   -177.8477      0.0000      0.0000     15.3494   -193.1971      0.0000      0.0000      0.0000      0.0000
       208   -177.847677   -177.8477      0.0000      0.0000     15.3494   -193.1971      0.0000      0.0000      0.0000      0.0000
       210   -177.847677   -177.8477      0.0000      0.0000     15.3494   -193.1971      0.0000      0.0000      0.0000      0.0000
       212   -177.847677   -177.8477      0.0000      0.0000     15.3494   -193.1971      0.0000      0.0000      0.0000      0.0000
       214   -177.847677   -177.8477      0.0000      0.0000     15.3494   -193.1971      0.0000      0.0000      0.0000      0.0000
       216   -177.847677   -177.8477      0.0000      0.0000     15.3494   -193.1971      0.0000      0.0000      0.0000      0.0000
       218   -177.847677   -177.8477      0.0000      0.0000     15.3494   -193.1971      0.0000      0.0000      0.0000      0.0000
       220   -177.847677   -177.8477      0.0000      0.0000     15.3494   -193.1971      0.0000      0.0000      0.0000      0.0000
       222   -177.847677   -177.8477      0.0000      0.0000     15.3494   -193.1971      0.0000      0.0000      0.0000      0.0000
       224   -177.847677   -177.8477      0.0000      0.0000     15.3494   -193.1971      0.0000      0.0000      0.0000      0.0000
       226   -177.847677   -177.8477      0.0000      0.0000     15.3494   -193.1971      0.0000      0.0000      0.0000      0.0000
       228   -177.847677   -177.8477      0.0000      0.0000     15.3494   -193.1971      0.0000      0.0000      0.0000      0.0000
       230   -177.847677   -177.8477      0.0000      0.0000     15.3494   -193.1971      0.0000      0.0000      0.0000      0.0000
       232   -177.847677   -177.8477      0.0000      0.0000     15.3494   -193.1971      0.0000      0.0000      0.0000      0.0000
       234   -177.847677   -177.8477      0.0000      0.0000     15.3494   -193.1971      0.0000      0.0000      0.0000      0.0000
       236   -177.847677   -177.8477      0.0000      0.0000     15.3494   -193.1971      0.0000      0.0000      0.0000      0.0000
       238   -177.847677   -177.8477      0.0000      0.0000     15.3494   -193.1971      0.0000      0.0000      0.0000      0.0000
       240   -177.847677   -177.8477      0.0000      0.0000     15.3494   -193.1971      0.0000      0.0000      0.0000      0.0000
       242   -177.847677   -177.8477      0.0000      0.0000     15.3494   -193.1971      0.0000      0.0000      0.0000      0.0000
       244   -177.847677   -177.8477      0.0000      0.0000     15.3494   -193.1971      0.0000      0.0000      0.0000      0.0000
       246   -177.847677   -177.8477      0.0000      0.0000     15.3494   -193.1971      0.0000      0.0000      0.0000      0.0000
       248   -177.847677   -177.8477      0.0000      0.0000     15.3494   -193.1971      0.0000      0.0000      0.0000      0.0000
       250   -177.847677   -177.8477      0.0000      0.0000     15.3494   -193.1971      0.0000      0.0000      0.0000      0.0000
       252   -177.847677   -177.8477      0.0000      0.0000     15.3494   -193.1971      0.0000      0.0000      0.0000      0.0000
       254   -177.847677   -177.8477      0.0000      0.0000     15.3494   -193.1971      0.0000      0.0000      0.0000      0.0000
       256   -177.847677   -177.8477      0.0000      0.0000     15.3494   -193.1971      0.0000      0.0000      0.0000      0.0000
       258   -177.847677   -177.8477      0.0000      0.0000     15.3494   -193.1971      0.0000      0.0000      0.0000      0.0000
       260   -177.847677   -177.8477      0.0000      0.0000     15.3494   -193.1971      0.0000      0.0000      0.0000      0.0000
       262   -177.847677   -177.8477      0.0000      0.0000     15.3494   -193.1971      0.0000      0.0000      0.0000      0.0000
       264   -177.847677   -177.8477      0.0000      0.0000     15.3494   -193.1971      0.0000      0.0000      0.0000      0.0000
       266   -177.847677   -177.8477      0.0000      0.0000     15.3494   -193.1971      0.0000      0.0000      0.0000      0.0000
       268   -177.847677   -177.8477      0.0000      0.0000     15.3494   -193.1971      0.0000      0.0000      0.0000      0.0000
       270   -177.847677   -177.8477      0.0000      0.0000     15.3494   -193.1971      0.0000      0.0000      0.0000      0.0000
       272   -177.847677   -177.8477      0.0000      0.0000     15.3494   -193.1971      0.0000      0.0000      0.0000      0.0000
       274   -177.847677   -177.8477      0.0000      0.0000     15.3494   -193.1971      0.0000      0.0000      0.0000      0.0000
       276   -177.847677   -177.8477      0.0000      0.0000     15.3494   -193.1971      0.0000      0.0000      0.0000      0.0000
       278   -177.847677   -177.8477      0.0000      0.0000     15.3494   -193.1971      0.0000      0.0000      0.0000      0.0000
       280   -177.847677   -177.8477      0.0000      0.0000     15.3494   -193.1971      0.0000      0.0000      0.0000      0.0000
       282   -177.847677   -177.8477      0.0000      0.0000     15.3494   -193.1971      0.0000      0.0000      0.0000      0.0000
       284   -177.847677   -177.8477      0.0000      0.0000     15.3494   -193.1971      0.0000      0.0000      0.0000      0.0000
       286   -177.847677   -177.8477      0.0000      0.0000     15.3494   -193.1971      0.0000      0.0000      0.0000      0.0000
       288   -177.847677   -177.8477      0.0000      0.0000     15.3494   -193.1971      0.0000      0.0000      0.0000      0.0000
       290   -177.847677   -177.8477      0.0000      0.0000     15.3494   -193.1971      0.0000      0.0000      0.0000      0.0000
       292   -177.847677   -177.8477      0.0000      0.0000     15.3494   -193.1971      0.0000      0.0000      0.0000      0.0000
       294   -177.847677   -177.8477      0.0000      0.0000     15.3494   -193.1971      0.0000      0.0000      0.0000      0.0000
       296   -177.847677   -177.8477      0.0000      0.0000     15.3494   -193.1971      0.0000      0.0000      0.0000      0.0000
       298   -177.847677   -177.8477      0.0000      0.0000     15.3494   -193.1971      0.0000      0.0000      0.0000      0.0000
       300   -177.847677   -177.8477      0.0000      0.0000     15.3494   -193.1971      0.0000      0.0000      0.0000      0.0000
       302   -177.847677   -177.8477      0.0000      0.0000     15.3494   -193.1971      0.0000      0.0000      0.0000      0.0000
       304   -177.847677   -177.8477      0.0000      0.0000     15.3494   -193.1971      0.0000      0.0000      0.0000      0.0000
       306   -177.847677   -177.8477      0.0000      0.0000     15.3494   -193.1971      0.0000      0.0000      0.0000      0.0000
       308   -177.847677   -177.8477      0.0000      0.0000     15.3494   -193.1971      0.0000      0.0000      0.0000      0.0000
       310   -177.847677   -177.8477      0.0000      0.0000     15.3494   -193.1971      0.0000      0.0000      0.0000      0.0000
       312   -177.847677   -177.8477      0.0000      0.0000     15.3494   -193.1971      0.0000      0.0000      0.0000      0.0000
       314   -177.847677   -177.8477      0.0000      0.0000     15.3494   -193.1971      0.0000      0.0000      0.0000      0.0000
       316   -177.847677   -177.8477      0.0000      0.0000     15.3494   -193.1971      0.0000      0.0000      0.0000      0.0000
       318   -177.847677   -177.8477      0.0000      0.0000     15.3494   -193.1971      0.0000      0.0000      0.0000      0.0000
       320   -177.847677   -177.8477      0.0000      0.0000     15.3494   -193.1971      0.0000      0.0000      0.0000      0.0000
       322   -177.847677   -177.8477      0.0000      0.0000     15.3494   -193.1971      0.0000      0.0000      0.0000      0.0000
       324   -177.847677   -177.8477      0.0000      0.0000     15.3494   -193.1971      0.0000      0.0000      0.0000      0.0000
       326   -177.847677   -177.8477      0.0000      0.0000     15.3494   -193.1971      0.0000      0.0000      0.0000      0.0000
       328   -177.847677   -177.8477      0.0000      0.0000     15.3494   -193.1971      0.0000      0.0000      0.0000      0.0000
       330   -177.847677   -177.8477      0.0000      0.0000     15.3494   -193.1971      0.0000      0.0000      0.0000      0.0000
       332   -177.847677   -177.8477      0.0000      0.0000     15.3494   -193.1971      0.0000      0.0000      0.0000      0.0000
       334   -177.847677   -177.8477      0.0000      0.0000     15.3494   -193.1971      0.0000      0.0000      0.0000      0.0000
       336   -177.847677   -177.8477      0.0000      0.0000     15.3494   -193.1971      0.0000      0.0000      0.0000      0.0000
       338   -177.847677   -177.8477      0.0000      0.0000     15.3494   -193.1971      0.0000      0.0000      0.0000      0.0000
       340   -177.847677   -177.8477      0.0000      0.0000     15.3494   -193.1971      0.0000      0.0000      0.0000      0.0000
       342   -177.847677   -177.8477      0.0000      0.0000     15.3494   -193.1971      0.0000      0.0000      0.0000      0.0000
       344   -177.847677   -177.8477      0.0000      0.0000     15.3494   -193.1971      0.0000      0.0000      0.0000      0.0000
       346   -177.847677   -177.8477      0.0000      0.0000     15.3494   -193.1971      0.0000      0.0000      0.0000      0.0000
       348   -177.847677   -177.8477      0.0000      0.0000     15.3494   -193.1971      0.0000      0.0000      0.0000      0.0000
       350   -177.847677   -177.8477      0.0000      0.0000     15.3494   -193.1971      0.0000      0.0000      0.0000      0.0000
       352   -177.847677   -177.8477      0.0000      0.0000     15.3494   -193.1971      0.0000      0.0000      0.0000      0.0000
       354   -177.847677   -177.8477      0.0000      0.0000     15.3494   -193.1971      0.0000      0.0000      0.0000      0.0000
       356   -177.847677   -177.8477      0.0000      0.0000     15.3494   -193.1971      0.0000      0.0000      0.0000      0.0000
       358   -177.847677   -177.8477      0.0000      0.0000     15.3494   -193.1971      0.0000      0.0000      0.0000      0.0000
       360   -177.847677   -177.8477      0.0000      0.0000     15.3494   -193.1971      0.0000      0.0000      0.0000      0.0000
       362   -177.847677   -177.8477      0.0000      0.0000     15.3494   -193.1971      0.0000      0.0000      0.0000      0.0000
       364   -177.847677   -177.8477      0.0000      0.0000     15.3494   -193.1971      0.0000      0.0000      0.0000      0.0000
       366   -177.847677   -177.8477      0.0000      0.0000     15.3494   -193.1971      0.0000      0.0000      0.0000      0.0000
       368   -177.847677   -177.8477      0.0000      0.0000     15.3494   -193.1971      0.0000      0.0000      0.0000      0.0000
       370   -177.847677   -177.8477      0.0000      0.0000     15.3494   -193.1971      0.0000      0.0000      0.0000      0.0000
       372   -177.847677   -177.8477      0.0000      0.0000     15.3494   -193.1971      0.0000      0.0000      0.0000      0.0000
       374   -177.847677   -177.8477      0.0000      0.0000     15.3494   -193.1971      0.0000      0.0000      0.0000      0.0000
       376   -177.847677   -177.8477      0.0000      0.0000     15.3494   -193.1971      0.0000      0.0000      0.0000      0.0000
       378   -177.847677   -177.8477      0.0000      0.0000     15.3494   -193.1971      0.0000      0.0000      0.0000      0.0000
       380   -177.847677   -177.8477      0.0000      0.0000     15.3494   -193.1971      0.0000      0.0000      0.0000      0.0000
       382   -177.847677   -177.8477      0.0000      0.0000     15.3494   -193.1971      0.0000      0.0000      0.0000      0.0000
       384   -177.847677   -177.8477      0.0000      0.0000     15.3494   -193.1971      0.0000      0.0000      0.0000      0.0000
       386   -177.847677   -177.8477      0.0000      0.0000     15.3494   -193.1971      0.0000      0.0000      0.0000      0.0000
       388   -177.847677   -177.8477      0.0000      0.0000     15.3494   -193.1971      0.0000      0.0000      0.0000      0.0000
       390   -177.847677   -177.8477      0.0000      0.0000     15.3494   -193.1971      0.0000      0.0000      0.0000      0.0000
       392   -177.847677   -177.8477      0.0000      0.0000     15.3494   -193.1971      0.0000      0.0000      0.0000      0.0000
       394   -177.847677   -177.8477      0.0000      0.0000     15.3494   -193.1971      0.0000      0.0000      0.0000      0.0000
       396   -177.847677   -177.8477      0.0000      0.0000     15.3494   -193.1971      0.0000      0.0000      0.0000      0.0000
       398   -177.847677   -177.8477      0.0000      0.0000     15.3494   -193.1971      0.0000      0.0000      0.0000      0.0000
       400   -177.847677   -177.8477      0.0000      0.0000     15.3494   -193.1971      0.0000      0.0000      0.0000      0.0000
       402   -177.847677   -177.8477      0.0000      0.0000     15.3494   -193.1971      0.0000      0.0000      0.0000      0.0000
       404   -177.847677   -177.8477      0.0000      0.0000     15.3494   -193.1971      0.0000      0.0000      0.0000      0.0000
       406   -177.847677   -177.8477      0.0000      0.0000     15.3494   -193.1971      0.0000      0.0000      0.0000      0.0000
       408   -177.847677   -177.8477      0.0000      0.0000     15.3494   -193.1971      0.0000      0.0000      0.0000      0.0000
       410   -177.847677   -177.8477      0.0000      0.0000     15.3494   -193.1971      0.0000      0.0000      0.0000      0.0000
       412   -177.847677   -177.8477      0.0000      0.0000     15.3494   -193.1971      0.0000      0.0000      0.0000      0.0000
       414   -177.847677   -177.8477      0.0000      0.0000     15.3494   -193.1971      0.0000      0.0000      0.0000      0.0000
       416   -177.847677   -177.8477      0.0000      0.0000     15.3494   -193.1971      0.0000      0.0000      0.0000      0.0000
       418   -177.847677   -177.8477      0.0000      0.0000     15.3494   -193.1971      0.0000      0.0000      0.0000      0.0000
       420   -177.847677   -177.8477      0.0000      0.0000     15.3494   -193.1971      0.0000      0.0000      0.0000      0.0000
       422   -177.847677   -177.8477      0.0000      0.0000     15.3494   -193.1971      0.0000      0.0000      0.0000      0.0000
       424   -177.847677   -177.8477      0.0000      0.0000     15.3494   -193.1971      0.0000      0.0000      0.0000      0.0000
       426   -177.847677   -177.8477      0.0000      0.0000     15.3494   -193.1971      0.0000      0.0000      0.0000      0.0000
       428   -177.847677   -177.8477      0.0000      0.0000     15.3494   -193.1971      0.0000      0.0000      0.0000      0.0000
       430   -177.847677   -177.8477      0.0000      0.0000     15.3494   -193.1971      0.0000      0.0000      0.0000      0.0000
       432   -177.847677   -177.8477      0.0000      0.0000     15.3494   -193.1971      0.0000      0.0000      0.0000      0.0000
       434   -177.847677   -177.8477      0.0000      0.0000     15.3494   -193.1971      0.0000      0.0000      0.0000      0.0000
       436   -177.847677   -177.8477      0.0000      0.0000     15.3494   -193.1971      0.0000      0.0000      0.0000      0.0000
       438   -177.847677   -177.8477      0.0000      0.0000     15.3494   -193.1971      0.0000      0.0000      0.0000      0.0000
       440   -177.847677   -177.8477      0.0000      0.0000     15.3494   -193.1971      0.0000      0.0000      0.0000      0.0000
       442   -177.847677   -177.8477      0.0000      0.0000     15.3494   -193.1971      0.0000      0.0000      0.0000      0.0000
       444   -177.847677   -177.8477      0.0000      0.0000     15.3494   -193.1971      0.0000      0.0000      0.0000      0.0000
       446   -177.847677   -177.8477      0.0000      0.0000     15.3494   -193.1971      0.0000      0.0000      0.0000      0.0000
       448   -177.847677   -177.8477      0.0000      0.0000     15.3494   -193.1971      0.0000      0.0000      0.0000      0.0000
       450   -177.847677   -177.8477      0.0000      0.0000     15.3494   -193.1971      0.0000      0.0000      0.0000      0.0000
       452   -177.847677   -177.8477      0.0000      0.0000     15.3494   -193.1971      0.0000      0.0000      0.0000      0.0000
       454   -177.847677   -177.8477      0.0000      0.0000     15.3494   -193.1971      0.0000      0.0000      0.0000      0.0000
       456   -177.847677   -177.8477      0.0000      0.0000     15.3494   -193.1971      0.0000      0.0000      0.0000      0.0000
       458   -177.847677   -177.8477      0.0000      0.0000     15.3494   -193.1971      0.0000      0.0000      0.0000      0.0000
       460   -177.847677   -177.8477      0.0000      0.0000     15.3494   -193.1971      0.0000      0.0000      0.0000      0.0000
       462   -177.847677   -177.8477      0.0000      0.0000     15.3494   -193.1971      0.0000      0.0000      0.0000      0.0000
       464   -177.847677   -177.8477      0.0000      0.0000     15.3494   -193.1971      0.0000      0.0000      0.0000      0.0000
       466   -177.847677   -177.8477      0.0000      0.0000     15.3494   -193.1971      0.0000      0.0000      0.0000      0.0000
       468   -177.847677   -177.8477      0.0000      0.0000     15.3494   -193.1971      0.0000      0.0000      0.0000      0.0000
       470   -177.847677   -177.8477      0.0000      0.0000     15.3494   -193.1971      0.0000      0.0000      0.0000      0.0000
       472   -177.847677   -177.8477      0.0000      0.0000     15.3494   -193.1971      0.0000      0.0000      0.0000      0.0000
       474   -177.847677   -177.8477      0.0000      0.0000     15.3494   -193.1971      0.0000      0.0000      0.0000      0.0000
       476   -177.847677   -177.8477      0.0000      0.0000     15.3494   -193.1971      0.0000      0.0000      0.0000      0.0000
       478   -177.847677   -177.8477      0.0000      0.0000     15.3494   -193.1971      0.0000      0.0000      0.0000      0.0000
       480   -177.847677   -177.8477      0.0000      0.0000     15.3494   -193.1971      0.0000      0.0000      0.0000      0.0000
       482   -177.847677   -177.8477      0.0000      0.0000     15.3494   -193.1971      0.0000      0.0000      0.0000      0.0000
       484   -177.847677   -177.8477      0.0000      0.0000     15.3494   -193.1971      0.0000      0.0000      0.0000      0.0000
       486   -177.847677   -177.8477      0.0000      0.0000     15.3494   -193.1971      0.0000      0.0000      0.0000      0.0000
       488   -177.847677   -177.8477      0.0000      0.0000     15.3494   -193.1971      0.0000      0.0000      0.0000      0.0000
       490   -177.847677   -177.8477      0.0000      0.0000     15.3494   -193.1971      0.0000      0.0000      0.0000      0.0000
       492   -177.847677   -177.8477      0.0000      0.0000     15.3494   -193.1971      0.0000      0.0000      0.0000      0.0000
       494   -177.847677   -177.8477      0.0000      0.0000     15.3494   -193.1971      0.0000      0.0000      0.0000      0.0000
       496   -177.847677   -177.8477      0.0000      0.0000     15.3494   -193.1971      0.0000      0.0000      0.0000      0.0000
       498   -177.847677   -177.8477      0.0000      0.0000     15.3494   -193.1971      0.0000      0.0000      0.0000      0.0000
       500   -177.847677   -177.8477      0.0000      0.0000     15.3494   -193.1971      0.0000      0.0000      0.0000      0.0000
       502   -177.847677   -177.8477      0.0000      0.0000     15.3494   -193.1971      0.0000      0.0000      0.0000      0.0000
       504   -177.847677   -177.8477      0.0000      0.0000     15.3494   -193.1971      0.0000      0.0000      0.0000      0.0000
       506   -177.847677   -177.8477      0.0000      0.0000     15.3494   -193.1971      0.0000      0.0000      0.0000      0.0000
       508   -177.847677   -177.8477      0.0000      0.0000     15.3494   -193.1971      0.0000      0.0000      0.0000      0.0000
       510   -177.847677   -177.8477      0.0000      0.0000     15.3494   -193.1971      0.0000      0.0000      0.0000      0.0000
       512   -177.847677   -177.8477      0.0000      0.0000     15.3494   -193.1971      0.0000      0.0000      0.0000      0.0000
       514   -177.847677   -177.8477      0.0000      0.0000     15.3494   -193.1971      0.0000      0.0000      0.0000      0.0000
       516   -177.847677   -177.8477      0.0000      0.0000     15.3494   -193.1971      0.0000      0.0000      0.0000      0.0000
       518   -177.847677   -177.8477      0.0000      0.0000     15.3494   -193.1971      0.0000      0.0000      0.0000      0.0000
       520   -177.847677   -177.8477      0.0000      0.0000     15.3494   -193.1971      0.0000      0.0000      0.0000      0.0000
       522   -177.847677   -177.8477      0.0000      0.0000     15.3494   -193.1971      0.0000      0.0000      0.0000      0.0000
       524   -177.847677   -177.8477      0.0000      0.0000     15.3494   -193.1971      0.0000      0.0000      0.0000      0.0000
       526   -177.847677   -177.8477      0.0000      0.0000     15.3494   -193.1971      0.0000      0.0000      0.0000      0.0000
       528   -177.847677   -177.8477      0.0000      0.0000     15.3494   -193.1971      0.0000      0.0000      0.0000      0.0000
       530   -177.847677   -177.8477      0.0000      0.0000     15.3494   -193.1971      0.0000      0.0000      0.0000      0.0000
       532   -177.847677   -177.8477      0.0000      0.0000     15.3494   -193.1971      0.0000      0.0000      0.0000      0.0000
       534   -177.847677   -177.8477      0.0000      0.0000     15.3494   -193.1971      0.0000      0.0000      0.0000      0.0000
       536   -177.847677   -177.8477      0.0000      0.0000     15.3494   -193.1971      0.0000      0.0000      0.0000      0.0000
       538   -177.847677   -177.8477      0.0000      0.0000     15.3494   -193.1971      0.0000      0.0000      0.0000      0.0000
       540   -177.847677   -177.8477      0.0000      0.0000     15.3494   -193.1971      0.0000      0.0000      0.0000      0.0000
       542   -177.847677   -177.8477      0.0000      0.0000     15.3494   -193.1971      0.0000      0.0000      0.0000      0.0000
       544   -177.847677   -177.8477      0.0000      0.0000     15.3494   -193.1971      0.0000      0.0000      0.0000      0.0000
       546   -177.847677   -177.8477      0.0000      0.0000     15.3494   -193.1971      0.0000      0.0000      0.0000      0.0000
       548   -177.847677   -177.8477      0.0000      0.0000     15.3494   -193.1971      0.0000      0.0000      0.0000      0.0000
       550   -177.847677   -177.8477      0.0000      0.0000     15.3494   -193.1971      0.0000      0.0000      0.0000      0.0000
       552   -177.847677   -177.8477      0.0000      0.0000     15.3494   -193.1971      0.0000      0.0000      0.0000      0.0000
       554   -177.847677   -177.8477      0.0000      0.0000     15.3494   -193.1971      0.0000      0.0000      0.0000      0.0000
       556   -177.847677   -177.8477      0.0000      0.0000     15.3494   -193.1971      0.0000      0.0000      0.0000      0.0000
       558   -177.847677   -177.8477      0.0000      0.0000     15.3494   -193.1971      0.0000      0.0000      0.0000      0.0000
       560   -177.847677   -177.8477      0.0000      0.0000     15.3494   -193.1971      0.0000      0.0000      0.0000      0.0000
       562   -177.847677   -177.8477      0.0000      0.0000     15.3494   -193.1971      0.0000      0.0000      0.0000      0.0000
       564   -177.847677   -177.8477      0.0000      0.0000     15.3494   -193.1971      0.0000      0.0000      0.0000      0.0000
       566   -177.847677   -177.8477      0.0000      0.0000     15.3494   -193.1971      0.0000      0.0000      0.0000      0.0000
       568   -177.847677   -177.8477      0.0000      0.0000     15.3494   -193.1971      0.0000      0.0000      0.0000      0.0000
       570   -177.847677   -177.8477      0.0000      0.0000     15.3494   -193.1971      0.0000      0.0000      0.0000      0.0000
       572   -177.847677   -177.8477      0.0000      0.0000     15.3494   -193.1971      0.0000      0.0000      0.0000      0.0000
       574   -177.847677   -177.8477      0.0000      0.0000     15.3494   -193.1971      0.0000      0.0000      0.0000      0.0000
       576   -177.847677   -177.8477      0.0000      0.0000     15.3494   -193.1971      0.0000      0.0000      0.0000      0.0000
       578   -177.847677   -177.8477      0.0000      0.0000     15.3494   -193.1971      0.0000      0.0000      0.0000      0.0000
       580   -177.847677   -177.8477      0.0000      0.0000     15.3494   -193.1971      0.0000      0.0000      0.0000      0.0000
       582   -177.847677   -177.8477      0.0000      0.0000     15.3494   -193.1971      0.0000      0.0000      0.0000      0.0000
       584   -177.847677   -177.8477      0.0000      0.0000     15.3494   -193.1971      0.0000      0.0000      0.0000      0.0000
       586   -177.847677   -177.8477      0.0000      0.0000     15.3494   -193.1971      0.0000      0.0000      0.0000      0.0000
       588   -177.847677   -177.8477      0.0000      0.0000     15.3494   -193.1971      0.0000      0.0000      0.0000      0.0000
       590   -177.847677   -177.8477      0.0000      0.0000     15.3494   -193.1971      0.0000      0.0000      0.0000      0.0000
       592   -177.847677   -177.8477      0.0000      0.0000     15.3494   -193.1971      0.0000      0.0000      0.0000      0.0000
       594   -177.847677   -177.8477      0.0000      0.0000     15.3494   -193.1971      0.0000      0.0000      0.0000      0.0000
       596   -177.847677   -177.8477      0.0000      0.0000     15.3494   -193.1971      0.0000      0.0000      0.0000      0.0000
       598   -177.847677   -177.8477      0.0000      0.0000     15.3494   -193.1971      0.0000      0.0000      0.0000      0.0000
       600   -177.847677   -177.8477      0.0000      0.0000     15.3494   -193.1971      0.0000      0.0000      0.0000      0.0000
       602   -177.847677   -177.8477      0.0000      0.0000     15.3494   -193.1971      0.0000      0.0000      0.0000      0.0000
       604   -177.847677   -177.8477      0.0000      0.0000     15.3494   -193.1971      0.0000      0.0000      0.0000      0.0000
       606   -177.847677   -177.8477      0.0000      0.0000     15.3494   -193.1971      0.0000      0.0000      0.0000      0.0000
       608   -177.847677   -177.8477      0.0000      0.0000     15.3494   -193.1971      0.0000      0.0000      0.0000      0.0000
       610   -177.847677   -177.8477      0.0000      0.0000     15.3494   -193.1971      0.0000      0.0000      0.0000      0.0000
       612   -177.847677   -177.8477      0.0000      0.0000     15.3494   -193.1971      0.0000      0.0000      0.0000      0.0000
       614   -177.847677   -177.8477      0.0000      0.0000     15.3494   -193.1971      0.0000      0.0000      0.0000      0.0000
       616   -177.847677   -177.8477      0.0000      0.0000     15.3494   -193.1971      0.0000      0.0000      0.0000      0.0000
       618   -177.847677   -177.8477      0.0000      0.0000     15.3494   -193.1971      0.0000      0.0000      0.0000      0.0000
       620   -177.847677   -177.8477      0.0000      0.0000     15.3494   -193.1971      0.0000      0.0000      0.0000      0.0000
       622   -177.847677   -177.8477      0.0000      0.0000     15.3494   -193.1971      0.0000      0.0000      0.0000      0.0000
       624   -177.847677   -177.8477      0.0000      0.0000     15.3494   -193.1971      0.0000      0.0000      0.0000      0.0000
       626   -177.847677   -177.8477      0.0000      0.0000     15.3494   -193.1971      0.0000      0.0000      0.0000      0.0000
       628   -177.847677   -177.8477      0.0000      0.0000     15.3494   -193.1971      0.0000      0.0000      0.0000      0.0000
       630   -177.847677   -177.8477      0.0000      0.0000     15.3494   -193.1971      0.0000      0.0000      0.0000      0.0000
       632   -177.847677   -177.8477      0.0000      0.0000     15.3494   -193.1971      0.0000      0.0000      0.0000      0.0000
       634   -177.847677   -177.8477      0.0000      0.0000     15.3494   -193.1971      0.0000      0.0000      0.0000      0.0000
       636   -177.847677   -177.8477      0.0000      0.0000     15.3494   -193.1971      0.0000      0.0000      0.0000      0.0000
       638   -177.847677   -177.8477      0.0000      0.0000     15.3494   -193.1971      0.0000      0.0000      0.0000      0.0000
       640   -177.847677   -177.8477      0.0000      0.0000     15.3494   -193.1971      0.0000      0.0000      0.0000      0.0000
       642   -177.847677   -177.8477      0.0000      0.0000     15.3494   -193.1971      0.0000      0.0000      0.0000      0.0000
       644   -177.847677   -177.8477      0.0000      0.0000     15.3494   -193.1971      0.0000      0.0000      0.0000      0.0000
       646   -177.847677   -177.8477      0.0000      0.0000     15.3494   -193.1971      0.0000      0.0000      0.0000      0.0000
       648   -177.847677   -177.8477      0.0000      0.0000     15.3494   -193.1971      0.0000      0.0000      0.0000      0.0000
       650   -177.847677   -177.8477      0.0000      0.0000     15.3494   -193.1971      0.0000      0.0000      0.0000      0.0000
       652   -177.847677   -177.8477      0.0000      0.0000     15.3494   -193.1971      0.0000      0.0000      0.0000      0.0000
       654   -177.847677   -177.8477      0.0000      0.0000     15.3494   -193.1971      0.0000      0.0000      0.0000      0.0000
       656   -177.847677   -177.8477      0.0000      0.0000     15.3494   -193.1971      0.0000      0.0000      0.0000      0.0000
       658   -177.847677   -177.8477      0.0000      0.0000     15.3494   -193.1971      0.0000      0.0000      0.0000      0.0000
       660   -177.847677   -177.8477      0.0000      0.0000     15.3494   -193.1971      0.0000      0.0000      0.0000      0.0000
       662   -177.847677   -177.8477      0.0000      0.0000     15.3494   -193.1971      0.0000      0.0000      0.0000      0.0000
       664   -177.847677   -177.8477      0.0000      0.0000     15.3494   -193.1971      0.0000      0.0000      0.0000      0.0000
       666   -177.847677   -177.8477      0.0000      0.0000     15.3494   -193.1971      0.0000      0.0000      0.0000      0.0000
       668   -177.847677   -177.8477      0.0000      0.0000     15.3494   -193.1971      0.0000      0.0000      0.0000      0.0000
       670   -177.847677   -177.8477      0.0000      0.0000     15.3494   -193.1971      0.0000      0.0000      0.0000      0.0000
       672   -177.847677   -177.8477      0.0000      0.0000     15.3494   -193.1971      0.0000      0.0000      0.0000      0.0000
       674   -177.847677   -177.8477      0.0000      0.0000     15.3494   -193.1971      0.0000      0.0000      0.0000      0.0000
       676   -177.847677   -177.8477      0.0000      0.0000     15.3494   -193.1971      0.0000      0.0000      0.0000      0.0000
       678   -177.847677   -177.8477      0.0000      0.0000     15.3494   -193.1971      0.0000      0.0000      0.0000      0.0000
       680   -177.847677   -177.8477      0.0000      0.0000     15.3494   -193.1971      0.0000      0.0000      0.0000      0.0000
       682   -177.847677   -177.8477      0.0000      0.0000     15.3494   -193.1971      0.0000      0.0000      0.0000      0.0000
       684   -177.847677   -177.8477      0.0000      0.0000     15.3494   -193.1971      0.0000      0.0000      0.0000      0.0000
       686   -177.847677   -177.8477      0.0000      0.0000     15.3494   -193.1971      0.0000      0.0000      0.0000      0.0000
       688   -177.847677   -177.8477      0.0000      0.0000     15.3494   -193.1971      0.0000      0.0000      0.0000      0.0000
       690   -177.847677   -177.8477      0.0000      0.0000     15.3494   -193.1971      0.0000      0.0000      0.0000      0.0000
       692   -177.847677   -177.8477      0.0000      0.0000     15.3494   -193.1971      0.0000      0.0000      0.0000      0.0000
       694   -177.847677   -177.8477      0.0000      0.0000     15.3494   -193.1971      0.0000      0.0000      0.0000      0.0000
       696   -177.847677   -177.8477      0.0000      0.0000     15.3494   -193.1971      0.0000      0.0000      0.0000      0.0000
       698   -177.847677   -177.8477      0.0000      0.0000     15.3494   -193.1971      0.0000      0.0000      0.0000      0.0000
       700   -177.847677   -177.8477      0.0000      0.0000     15.3494   -193.1971      0.0000      0.0000      0.0000      0.0000
       702   -177.847677   -177.8477      0.0000      0.0000     15.3494   -193.1971      0.0000      0.0000      0.0000      0.0000
       704   -177.847677   -177.8477      0.0000      0.0000     15.3494   -193.1971      0.0000      0.0000      0.0000      0.0000
       706   -177.847677   -177.8477      0.0000      0.0000     15.3494   -193.1971      0.0000      0.0000      0.0000      0.0000
       708   -177.847677   -177.8477      0.0000      0.0000     15.3494   -193.1971      0.0000      0.0000      0.0000      0.0000
       710   -177.847677   -177.8477      0.0000      0.0000     15.3494   -193.1971      0.0000      0.0000      0.0000      0.0000
       712   -177.847677   -177.8477      0.0000      0.0000     15.3494   -193.1971      0.0000      0.0000      0.0000      0.0000
       714   -177.847677   -177.8477      0.0000      0.0000     15.3494   -193.1971      0.0000      0.0000      0.0000      0.0000
       716   -177.847677   -177.8477      0.0000      0.0000     15.3494   -193.1971      0.0000      0.0000      0.0000      0.0000
       718   -177.847677   -177.8477      0.0000      0.0000     15.3494   -193.1971      0.0000      0.0000      0.0000      0.0000
       720   -177.847677   -177.8477      0.0000      0.0000     15.3494   -193.1971      0.0000      0.0000      0.0000      0.0000
       722   -177.847677   -177.8477      0.0000      0.0000     15.3494   -193.1971      0.0000      0.0000      0.0000      0.0000
       724   -177.847677   -177.8477      0.0000      0.0000     15.3494   -193.1971      0.0000      0.0000      0.0000      0.0000
       726   -177.847677   -177.8477      0.0000      0.0000     15.3494   -193.1971      0.0000      0.0000      0.0000      0.0000
       728   -177.847677   -177.8477      0.0000      0.0000     15.3494   -193.1971      0.0000      0.0000      0.0000      0.0000
       730   -177.847677   -177.8477      0.0000      0.0000     15.3494   -193.1971      0.0000      0.0000      0.0000      0.0000
       732   -177.847677   -177.8477      0.0000      0.0000     15.3494   -193.1971      0.0000      0.0000      0.0000      0.0000
       734   -177.847677   -177.8477      0.0000      0.0000     15.3494   -193.1971      0.0000      0.0000      0.0000      0.0000
       736   -177.847677   -177.8477      0.0000      0.0000     15.3494   -193.1971      0.0000      0.0000      0.0000      0.0000
       738   -177.847677   -177.8477      0.0000      0.0000     15.3494   -193.1971      0.0000      0.0000      0.0000      0.0000
       740   -177.847677   -177.8477      0.0000      0.0000     15.3494   -193.1971      0.0000      0.0000      0.0000      0.0000
       742   -177.847677   -177.8477      0.0000      0.0000     15.3494   -193.1971      0.0000      0.0000      0.0000      0.0000
       744   -177.847677   -177.8477      0.0000      0.0000     15.3494   -193.1971      0.0000      0.0000      0.0000      0.0000
       746   -177.847677   -177.8477      0.0000      0.0000     15.3494   -193.1971      0.0000      0.0000      0.0000      0.0000
       748   -177.847677   -177.8477      0.0000      0.0000     15.3494   -193.1971      0.0000      0.0000      0.0000      0.0000
       750   -177.847677   -177.8477      0.0000      0.0000     15.3494   -193.1971      0.0000      0.0000      0.0000      0.0000
       752   -177.847677   -177.8477      0.0000      0.0000     15.3494   -193.1971      0.0000      0.0000      0.0000      0.0000
       754   -177.847677   -177.8477      0.0000      0.0000     15.3494   -193.1971      0.0000      0.0000      0.0000      0.0000
       756   -177.847677   -177.8477      0.0000      0.0000     15.3494   -193.1971      0.0000      0.0000      0.0000      0.0000
       758   -177.847677   -177.8477      0.0000      0.0000     15.3494   -193.1971      0.0000      0.0000      0.0000      0.0000
       760   -177.847677   -177.8477      0.0000      0.0000     15.3494   -193.1971      0.0000      0.0000      0.0000      0.0000
       762   -177.847677   -177.8477      0.0000      0.0000     15.3494   -193.1971      0.0000      0.0000      0.0000      0.0000
       764   -177.847677   -177.8477      0.0000      0.0000     15.3494   -193.1971      0.0000      0.0000      0.0000      0.0000
       766   -177.847677   -177.8477      0.0000      0.0000     15.3494   -193.1971      0.0000      0.0000      0.0000      0.0000
       768   -177.847677   -177.8477      0.0000      0.0000     15.3494   -193.1971      0.0000      0.0000      0.0000      0.0000
       770   -177.847677   -177.8477      0.0000      0.0000     15.3494   -193.1971      0.0000      0.0000      0.0000      0.0000
       772   -177.847677   -177.8477      0.0000      0.0000     15.3494   -193.1971      0.0000      0.0000      0.0000      0.0000
       774   -177.847677   -177.8477      0.0000      0.0000     15.3494   -193.1971      0.0000      0.0000      0.0000      0.0000
       776   -177.847677   -177.8477      0.0000      0.0000     15.3494   -193.1971      0.0000      0.0000      0.0000      0.0000
       778   -177.847677   -177.8477      0.0000      0.0000     15.3494   -193.1971      0.0000      0.0000      0.0000      0.0000
       780   -177.847677   -177.8477      0.0000      0.0000     15.3494   -193.1971      0.0000      0.0000      0.0000      0.0000
       782   -177.847677   -177.8477      0.0000      0.0000     15.3494   -193.1971      0.0000      0.0000      0.0000      0.0000
       784   -177.847677   -177.8477      0.0000      0.0000     15.3494   -193.1971      0.0000      0.0000      0.0000      0.0000
       786   -177.847677   -177.8477      0.0000      0.0000     15.3494   -193.1971      0.0000      0.0000      0.0000      0.0000
       788   -177.847677   -177.8477      0.0000      0.0000     15.3494   -193.1971      0.0000      0.0000      0.0000      0.0000
       790   -177.847677   -177.8477      0.0000      0.0000     15.3494   -193.1971      0.0000      0.0000      0.0000      0.0000
       792   -177.847677   -177.8477      0.0000      0.0000     15.3494   -193.1971      0.0000      0.0000      0.0000      0.0000
       794   -177.847677   -177.8477      0.0000      0.0000     15.3494   -193.1971      0.0000      0.0000      0.0000      0.0000
       796   -177.847677   -177.8477      0.0000      0.0000     15.3494   -193.1971      0.0000      0.0000      0.0000      0.0000
       798   -177.847677   -177.8477      0.0000      0.0000     15.3494   -193.1971      0.0000      0.0000      0.0000      0.0000
       800   -177.847677   -177.8477      0.0000      0.0000     15.3494   -193.1971      0.0000      0.0000      0.0000      0.0000
       802   -177.847677   -177.8477      0.0000      0.0000     15.3494   -193.1971      0.0000      0.0000      0.0000      0.0000
       804   -177.847677   -177.8477      0.0000      0.0000     15.3494   -193.1971      0.0000      0.0000      0.0000      0.0000
       806   -177.847677   -177.8477      0.0000      0.0000     15.3494   -193.1971      0.0000      0.0000      0.0000      0.0000
       808   -177.847677   -177.8477      0.0000      0.0000     15.3494   -193.1971      0.0000      0.0000      0.0000      0.0000
       810   -177.847677   -177.8477      0.0000      0.0000     15.3494   -193.1971      0.0000      0.0000      0.0000      0.0000
       812   -177.847677   -177.8477      0.0000      0.0000     15.3494   -193.1971      0.0000      0.0000      0.0000      0.0000
       814   -177.847677   -177.8477      0.0000      0.0000     15.3494   -193.1971      0.0000      0.0000      0.0000      0.0000
       816   -177.847677   -177.8477      0.0000      0.0000     15.3494   -193.1971      0.0000      0.0000      0.0000      0.0000
       818   -177.847677   -177.8477      0.0000      0.0000     15.3494   -193.1971      0.0000      0.0000      0.0000      0.0000
       820   -177.847677   -177.8477      0.0000      0.0000     15.3494   -193.1971      0.0000      0.0000      0.0000      0.0000
       822   -177.847677   -177.8477      0.0000      0.0000     15.3494   -193.1971      0.0000      0.0000      0.0000      0.0000
       824   -177.847677   -177.8477      0.0000      0.0000     15.3494   -193.1971      0.0000      0.0000      0.0000      0.0000
       826   -177.847677   -177.8477      0.0000      0.0000     15.3494   -193.1971      0.0000      0.0000      0.0000      0.0000
       828   -177.847677   -177.8477      0.0000      0.0000     15.3494   -193.1971      0.0000      0.0000      0.0000      0.0000
       830   -177.847677   -177.8477      0.0000      0.0000     15.3494   -193.1971      0.0000      0.0000      0.0000      0.0000
       832   -177.847677   -177.8477      0.0000      0.0000     15.3494   -193.1971      0.0000      0.0000      0.0000      0.0000
       834   -177.847677   -177.8477      0.0000      0.0000     15.3494   -193.1971      0.0000      0.0000      0.0000      0.0000
       836   -177.847677   -177.8477      0.0000      0.0000     15.3494   -193.1971      0.0000      0.0000      0.0000      0.0000
       838   -177.847677   -177.8477      0.0000      0.0000     15.3494   -193.1971      0.0000      0.0000      0.0000      0.0000
       840   -177.847677   -177.8477      0.0000      0.0000     15.3494   -193.1971      0.0000      0.0000      0.0000      0.0000
       842   -177.847677   -177.8477      0.0000      0.0000     15.3494   -193.1971      0.0000      0.0000      0.0000      0.0000
       844   -177.847677   -177.8477      0.0000      0.0000     15.3494   -193.1971      0.0000      0.0000      0.0000      0.0000
       846   -177.847677   -177.8477      0.0000      0.0000     15.3494   -193.1971      0.0000      0.0000      0.0000      0.0000
       848   -177.847677   -177.8477      0.0000      0.0000     15.3494   -193.1971      0.0000      0.0000      0.0000      0.0000
       850   -177.847677   -177.8477      0.0000      0.0000     15.3494   -193.1971      0.0000      0.0000      0.0000      0.0000
       852   -177.847677   -177.8477      0.0000      0.0000     15.3494   -193.1971      0.0000      0.0000      0.0000      0.0000
       854   -177.847677   -177.8477      0.0000      0.0000     15.3494   -193.1971      0.0000      0.0000      0.0000      0.0000
       856   -177.847677   -177.8477      0.0000      0.0000     15.3494   -193.1971      0.0000      0.0000      0.0000      0.0000
       858   -177.847677   -177.8477      0.0000      0.0000     15.3494   -193.1971      0.0000      0.0000      0.0000      0.0000
       860   -177.847677   -177.8477      0.0000      0.0000     15.3494   -193.1971      0.0000      0.0000      0.0000      0.0000
       862   -177.847677   -177.8477      0.0000      0.0000     15.3494   -193.1971      0.0000      0.0000      0.0000      0.0000
       864   -177.847677   -177.8477      0.0000      0.0000     15.3494   -193.1971      0.0000      0.0000      0.0000      0.0000
       866   -177.847677   -177.8477      0.0000      0.0000     15.3494   -193.1971      0.0000      0.0000      0.0000      0.0000
       868   -177.847677   -177.8477      0.0000      0.0000     15.3494   -193.1971      0.0000      0.0000      0.0000      0.0000
       870   -177.847677   -177.8477      0.0000      0.0000     15.3494   -193.1971      0.0000      0.0000      0.0000      0.0000
       872   -177.847677   -177.8477      0.0000      0.0000     15.3494   -193.1971      0.0000      0.0000      0.0000      0.0000
       874   -177.847677   -177.8477      0.0000      0.0000     15.3494   -193.1971      0.0000      0.0000      0.0000      0.0000
       876   -177.847677   -177.8477      0.0000      0.0000     15.3494   -193.1971      0.0000      0.0000      0.0000      0.0000
       878   -177.847677   -177.8477      0.0000      0.0000     15.3494   -193.1971      0.0000      0.0000      0.0000      0.0000
       880   -177.847677   -177.8477      0.0000      0.0000     15.3494   -193.1971      0.0000      0.0000      0.0000      0.0000
       882   -177.847677   -177.8477      0.0000      0.0000     15.3494   -193.1971      0.0000      0.0000      0.0000      0.0000
       884   -177.847677   -177.8477      0.0000      0.0000     15.3494   -193.1971      0.0000      0.0000      0.0000      0.0000
       886   -177.847677   -177.8477      0.0000      0.0000     15.3494   -193.1971      0.0000      0.0000      0.0000      0.0000
       888   -177.847677   -177.8477      0.0000      0.0000     15.3494   -193.1971      0.0000      0.0000      0.0000      0.0000
       890   -177.847677   -177.8477      0.0000      0.0000     15.3494   -193.1971      0.0000      0.0000      0.0000      0.0000
       892   -177.847677   -177.8477      0.0000      0.0000     15.3494   -193.1971      0.0000      0.0000      0.0000      0.0000
       894   -177.847677   -177.8477      0.0000      0.0000     15.3494   -193.1971      0.0000      0.0000      0.0000      0.0000
       896   -177.847677   -177.8477      0.0000      0.0000     15.3494   -193.1971      0.0000      0.0000      0.0000      0.0000
       898   -177.847677   -177.8477      0.0000      0.0000     15.3494   -193.1971      0.0000      0.0000      0.0000      0.0000
       900   -177.847677   -177.8477      0.0000      0.0000     15.3494   -193.1971      0.0000      0.0000      0.0000      0.0000
       902   -177.847677   -177.8477      0.0000      0.0000     15.3494   -193.1971      0.0000      0.0000      0.0000      0.0000
       904   -177.847677   -177.8477      0.0000      0.0000     15.3494   -193.1971      0.0000      0.0000      0.0000      0.0000
       906   -177.847677   -177.8477      0.0000      0.0000     15.3494   -193.1971      0.0000      0.0000      0.0000      0.0000
       908   -177.847677   -177.8477      0.0000      0.0000     15.3494   -193.1971      0.0000      0.0000      0.0000      0.0000
       910   -177.847677   -177.8477      0.0000      0.0000     15.3494   -193.1971      0.0000      0.0000      0.0000      0.0000
       912   -177.847677   -177.8477      0.0000      0.0000     15.3494   -193.1971      0.0000      0.0000      0.0000      0.0000
       914   -177.847677   -177.8477      0.0000      0.0000     15.3494   -193.1971      0.0000      0.0000      0.0000      0.0000
       916   -177.847677   -177.8477      0.0000      0.0000     15.3494   -193.1971      0.0000      0.0000      0.0000      0.0000
       918   -177.847677   -177.8477      0.0000      0.0000     15.3494   -193.1971      0.0000      0.0000      0.0000      0.0000
       920   -177.847677   -177.8477      0.0000      0.0000     15.3494   -193.1971      0.0000      0.0000      0.0000      0.0000
       922   -177.847677   -177.8477      0.0000      0.0000     15.3494   -193.1971      0.0000      0.0000      0.0000      0.0000
       924   -177.847677   -177.8477      0.0000      0.0000     15.3494   -193.1971      0.0000      0.0000      0.0000      0.0000
       926   -177.847677   -177.8477      0.0000      0.0000     15.3494   -193.1971      0.0000      0.0000      0.0000      0.0000
       928   -177.847677   -177.8477      0.0000      0.0000     15.3494   -193.1971      0.0000      0.0000      0.0000      0.0000
       930   -177.847677   -177.8477      0.0000      0.0000     15.3494   -193.1971      0.0000      0.0000      0.0000      0.0000
       932   -177.847677   -177.8477      0.0000      0.0000     15.3494   -193.1971      0.0000      0.0000      0.0000      0.0000
       934   -177.847677   -177.8477      0.0000      0.0000     15.3494   -193.1971      0.0000      0.0000      0.0000      0.0000
       936   -177.847677   -177.8477      0.0000      0.0000     15.3494   -193.1971      0.0000      0.0000      0.0000      0.0000
       938   -177.847677   -177.8477      0.0000      0.0000     15.3494   -193.1971      0.0000      0.0000      0.0000      0.0000
       940   -177.847677   -177.8477      0.0000      0.0000     15.3494   -193.1971      0.0000      0.0000      0.0000      0.0000
       942   -177.847677   -177.8477      0.0000      0.0000     15.3494   -193.1971      0.0000      0.0000      0.0000      0.0000
       944   -177.847677   -177.8477      0.0000      0.0000     15.3494   -193.1971      0.0000      0.0000      0.0000      0.0000
       946   -177.847677   -177.8477      0.0000      0.0000     15.3494   -193.1971      0.0000      0.0000      0.0000      0.0000
       948   -177.847677   -177.8477      0.0000      0.0000     15.3494   -193.1971      0.0000      0.0000      0.0000      0.0000
       950   -177.847677   -177.8477      0.0000      0.0000     15.3494   -193.1971      0.0000      0.0000      0.0000      0.0000
       952   -177.847677   -177.8477      0.0000      0.0000     15.3494   -193.1971      0.0000      0.0000      0.0000      0.0000
       954   -177.847677   -177.8477      0.0000      0.0000     15.3494   -193.1971      0.0000      0.0000      0.0000      0.0000
       956   -177.847677   -177.8477      0.0000      0.0000     15.3494   -193.1971      0.0000      0.0000      0.0000      0.0000
       958   -177.847677   -177.8477      0.0000      0.0000     15.3494   -193.1971      0.0000      0.0000      0.0000      0.0000
       960   -177.847677   -177.8477      0.0000      0.0000     15.3494   -193.1971      0.0000      0.0000      0.0000      0.0000
       962   -177.847677   -177.8477      0.0000      0.0000     15.3494   -193.1971      0.0000      0.0000      0.0000      0.0000
       964   -177.847677   -177.8477      0.0000      0.0000     15.3494   -193.1971      0.0000      0.0000      0.0000      0.0000
       966   -177.847677   -177.8477      0.0000      0.0000     15.3494   -193.1971      0.0000      0.0000      0.0000      0.0000
       968   -177.847677   -177.8477      0.0000      0.0000     15.3494   -193.1971      0.0000      0.0000      0.0000      0.0000
       970   -177.847677   -177.8477      0.0000      0.0000     15.3494   -193.1971      0.0000      0.0000      0.0000      0.0000
       972   -177.847677   -177.8477      0.0000      0.0000     15.3494   -193.1971      0.0000      0.0000      0.0000      0.0000
       974   -177.847677   -177.8477      0.0000      0.0000     15.3494   -193.1971      0.0000      0.0000      0.0000      0.0000
       976   -177.847677   -177.8477      0.0000      0.0000     15.3494   -193.1971      0.0000      0.0000      0.0000      0.0000
       978   -177.847677   -177.8477      0.0000      0.0000     15.3494   -193.1971      0.0000      0.0000      0.0000      0.0000
       980   -177.847677   -177.8477      0.0000      0.0000     15.3494   -193.1971      0.0000      0.0000      0.0000      0.0000
       982   -177.847677   -177.8477      0.0000      0.0000     15.3494   -193.1971      0.0000      0.0000      0.0000      0.0000
       984   -177.847677   -177.8477      0.0000      0.0000     15.3494   -193.1971      0.0000      0.0000      0.0000      0.0000
       986   -177.847677   -177.8477      0.0000      0.0000     15.3494   -193.1971      0.0000      0.0000      0.0000      0.0000
       988   -177.847677   -177.8477      0.0000      0.0000     15.3494   -193.1971      0.0000      0.0000      0.0000      0.0000
       990   -177.847677   -177.8477      0.0000      0.0000     15.3494   -193.1971      0.0000      0.0000      0.0000      0.0000
       992   -177.847677   -177.8477      0.0000      0.0000     15.3494   -193.1971      0.0000      0.0000      0.0000      0.0000
       994   -177.847677   -177.8477      0.0000      0.0000     15.3494   -193.1971      0.0000      0.0000      0.0000      0.0000
       996   -177.847677   -177.8477      0.0000      0.0000     15.3494   -193.1971      0.0000      0.0000      0.0000      0.0000
       998   -177.847677   -177.8477      0.0000      0.0000     15.3494   -193.1971      0.0000      0.0000      0.0000      0.0000
      1000   -177.847677   -177.8477      0.0000      0.0000     15.3494   -193.1971      0.0000      0.0000      0.0000      0.0000
