# energy [kcal/mol] of benzene_2
#  conf     e_total  e_nonbond   e_bonded  e_boundary      e_vdw     e_elst     e_bond    e_angle     e_tors      e_oop
      0  1.29069e+01  1.284e+00  1.162e+01  0.000e+00 -6.197e-01  1.904e+00  9.870e+00  1.752e+00  4.658e-09  0.000e+00
     25  8.45598e+00  1.295e+00  7.161e+00  0.000e+00 -6.283e-01  1.923e+00  5.444e+00  1.501e+00  2.163e-01  0.000e+00
     50  5.79758e+00  1.305e+00  4.493e+00  0.000e+00 -6.308e-01  1.936e+00  2.657e+00  1.684e+00  1.517e-01  0.000e+00
     75  4.41368e+00  1.308e+00  3.105e+00  0.000e+00 -6.343e-01  1.943e+00  1.556e+00  1.303e+00  2.463e-01  0.000e+00
    100  3.39451e+00  1.307e+00  2.088e+00  0.000e+00 -6.364e-01  1.943e+00  9.884e-01  9.443e-01  1.550e-01  0.000e+00
    125  3.05328e+00  1.303e+00  1.750e+00  0.000e+00 -6.349e-01  1.938e+00  9.155e-01  6.697e-01  1.646e-01  0.000e+00
    150  2.91892e+00  1.310e+00  1.609e+00  0.000e+00 -6.347e-01  1.945e+00  5.276e-01  8.938e-01  1.877e-01  0.000e+00
    175  3.11174e+00  1.312e+00  1.800e+00  0.000e+00 -6.352e-01  1.947e+00  6.825e-01  8.985e-01  2.187e-01  0.000e+00
    200  2.78410e+00  1.313e+00  1.471e+00  0.000e+00 -6.341e-01  1.947e+00  4.764e-01  8.252e-01  1.692e-01  0.000e+00
    225  2.83697e+00  1.313e+00  1.524e+00  0.000e+00 -6.330e-01  1.946e+00  5.515e-01  8.093e-01  1.628e-01  0.000e+00
    250  2.78591e+00  1.317e+00  1.469e+00  0.000e+00 -6.336e-01  1.951e+00  4.781e-01  8.426e-01  1.479e-01  0.000e+00
    275  2.71339e+00  1.317e+00  1.396e+00  0.000e+00 -6.343e-01  1.952e+00  4.412e-01  7.993e-01  1.555e-01  0.000e+00
    300  2.65060e+00  1.315e+00  1.336e+00  0.000e+00 -6.359e-01  1.950e+00  2.536e-01  9.133e-01  1.692e-01  0.000e+00
    325  2.45640e+00  1.315e+00  1.141e+00  0.000e+00 -6.362e-01  1.951e+00  3.949e-01  5.872e-01  1.591e-01  0.000e+00
    350  2.67024e+00  1.313e+00  1.357e+00  0.000e+00 -6.357e-01  1.949e+00  5.604e-01  5.145e-01  2.820e-01  0.000e+00
    375  2.88213e+00  1.313e+00  1.569e+00  0.000e+00 -6.344e-01  1.948e+00  4.774e-01  6.761e-01  4.154e-01  0.000e+00
    400  2.63885e+00  1.315e+00  1.324e+00  0.000e+00 -6.338e-01  1.948e+00  2.466e-01  7.107e-01  3.669e-01  0.000e+00
    425  2.64560e+00  1.314e+00  1.332e+00  0.000e+00 -6.324e-01  1.946e+00  2.562e-01  6.274e-01  4.483e-01  0.000e+00
    450  2.45467e+00  1.311e+00  1.144e+00  0.000e+00 -6.337e-01  1.945e+00  3.026e-01  5.177e-01  3.235e-01  0.000e+00
    475  2.36137e+00  1.315e+00  1.046e+00  0.000e+00 -6.345e-01  1.950e+00  3.346e-01  4.794e-01  2.321e-01  0.000e+00
    500  2.32276e+00  1.311e+00  1.012e+00  0.000e+00 -6.337e-01  1.944e+00  3.691e-01  4.029e-01  2.403e-01  0.000e+00
    525  2.18602e+00  1.314e+00  8.718e-01  0.000e+00 -6.338e-01  1.948e+00  2.232e-01  3.752e-01  2.733e-01  0.000e+00
    550  2.37786e+00  1.315e+00  1.063e+00  0.000e+00 -6.355e-01  1.950e+00  2.903e-01  4.643e-01  3.087e-01  0.000e+00
    575  2.35400e+00  1.314e+00  1.040e+00  0.000e+00 -6.353e-01  1.949e+00  3.803e-01  3.237e-01  3.364e-01  0.000e+00
    600  2.41075e+00  1.315e+00  1.096e+00  0.000e+00 -6.362e-01  1.951e+00  4.875e-01  3.072e-01  3.011e-01  0.000e+00
    625  2.45364e+00  1.311e+00  1.143e+00  0.000e+00 -6.359e-01  1.946e+00  4.681e-01  4.100e-01  2.650e-01  0.000e+00
    650  2.27919e+00  1.311e+00  9.678e-01  0.000e+00 -6.349e-01  1.946e+00  3.567e-01  3.289e-01  2.822e-01  0.000e+00
    675  2.18445e+00  1.309e+00  8.751e-01  0.000e+00 -6.330e-01  1.942e+00  2.957e-01  2.187e-01  3.607e-01  0.000e+00
    700  2.31478e+00  1.315e+00  1.000e+00  0.000e+00 -6.337e-01  1.948e+00  4.088e-01  2.735e-01  3.178e-01  0.000e+00
    725  2.47620e+00  1.321e+00  1.155e+00  0.000e+00 -6.331e-01  1.954e+00  5.470e-01  2.666e-01  3.417e-01  0.000e+00
    750  2.62176e+00  1.316e+00  1.306e+00  0.000e+00 -6.333e-01  1.949e+00  5.332e-01  4.016e-01  3.710e-01  0.000e+00
    775  2.38723e+00  1.314e+00  1.073e+00  0.000e+00 -6.321e-01  1.946e+00  3.778e-01  3.059e-01  3.895e-01  0.000e+00
    800  2.39569e+00  1.317e+00  1.079e+00  0.000e+00 -6.328e-01  1.950e+00  3.284e-01  2.998e-01  4.505e-01  0.000e+00
    825  2.48548e+00  1.320e+00  1.166e+00  0.000e+00 -6.305e-01  1.950e+00  4.668e-01  3.942e-01  3.048e-01  0.000e+00
    850  2.47926e+00  1.323e+00  1.156e+00  0.000e+00 -6.294e-01  1.953e+00  3.677e-01  4.759e-01  3.122e-01  0.000e+00
    875  2.50453e+00  1.319e+00  1.185e+00  0.000e+00 -6.293e-01  1.949e+00  3.044e-01  5.383e-01  3.424e-01  0.000e+00
    900  2.41684e+00  1.319e+00  1.098e+00  0.000e+00 -6.273e-01  1.946e+00  3.652e-01  3.622e-01  3.706e-01  0.000e+00
    925  2.55588e+00  1.312e+00  1.244e+00  0.000e+00 -6.259e-01  1.938e+00  5.314e-01  4.190e-01  2.938e-01  0.000e+00
    950  2.41004e+00  1.319e+00  1.091e+00  0.000e+00 -6.255e-01  1.944e+00  4.763e-01  3.406e-01  2.743e-01  0.000e+00
    975  2.36817e+00  1.316e+00  1.052e+00  0.000e+00 -6.255e-01  1.942e+00  4.294e-01  3.063e-01  3.161e-01  0.000e+00
   1000  2.33414e+00  1.324e+00  1.010e+00  0.000e+00 -6.248e-01  1.949e+00  3.849e-01  3.441e-01  2.814e-01  0.000e+00
   1025  2.23796e+00  1.320e+00  9.183e-01  0.000e+00 -6.260e-01  1.946e+00  3.252e-01  3.394e-01  2.537e-01  0.000e+00
   1050  2.21250e+00  1.322e+00  8.900e-01  0.000e+00 -6.269e-01  1.949e+00  2.559e-01  3.306e-01  3.035e-01  0.000e+00
   1075  2.30985e+00  1.322e+00  9.878e-01  0.000e+00 -6.269e-01  1.949e+00  3.283e-01  3.108e-01  3.488e-01  0.000e+00
   1100  2.22950e+00  1.326e+00  9.035e-01  0.000e+00 -6.266e-01  1.953e+00  2.494e-01  3.284e-01  3.257e-01  0.000e+00
   1125  2.15848e+00  1.317e+00  8.410e-01  0.000e+00 -6.255e-01  1.943e+00  2.682e-01  3.121e-01  2.606e-01  0.000e+00
   1150  2.24746e+00  1.319e+00  9.284e-01  0.000e+00 -6.258e-01  1.945e+00  3.082e-01  3.248e-01  2.954e-01  0.000e+00
   1175  2.17631e+00  1.320e+00  8.559e-01  0.000e+00 -6.265e-01  1.947e+00  2.597e-01  3.288e-01  2.673e-01  0.000e+00
   1200  2.09309e+00  1.321e+00  7.719e-01  0.000e+00 -6.267e-01  1.948e+00  3.390e-01  1.940e-01  2.389e-01  0.000e+00
   1225  2.00972e+00  1.319e+00  6.911e-01  0.000e+00 -6.272e-01  1.946e+00  2.933e-01  1.440e-01  2.539e-01  0.000e+00
   1250  1.98434e+00  1.320e+00  6.644e-01  0.000e+00 -6.262e-01  1.946e+00  2.286e-01  1.499e-01  2.860e-01  0.000e+00
   1275  2.02718e+00  1.316e+00  7.111e-01  0.000e+00 -6.255e-01  1.942e+00  3.320e-01  1.551e-01  2.239e-01  0.000e+00
   1300  2.04628e+00  1.321e+00  7.257e-01  0.000e+00 -6.269e-01  1.947e+00  3.200e-01  2.004e-01  2.052e-01  0.000e+00
   1325  2.07418e+00  1.318e+00  7.559e-01  0.000e+00 -6.272e-01  1.945e+00  3.210e-01  2.001e-01  2.348e-01  0.000e+00
   1350  2.17353e+00  1.312e+00  8.615e-01  0.000e+00 -6.277e-01  1.940e+00  3.977e-01  2.499e-01  2.138e-01  0.000e+00
   1375  1.95531e+00  1.312e+00  6.428e-01  0.000e+00 -6.299e-01  1.942e+00  2.609e-01  1.282e-01  2.537e-01  0.000e+00
   1400  2.03661e+00  1.310e+00  7.270e-01  0.000e+00 -6.295e-01  1.939e+00  4.129e-01  1.051e-01  2.090e-01  0.000e+00
   1425  1.87118e+00  1.312e+00  5.590e-01  0.000e+00 -6.307e-01  1.943e+00  2.158e-01  1.147e-01  2.285e-01  0.000e+00
   1450  1.87983e+00  1.317e+00  5.632e-01  0.000e+00 -6.302e-01  1.947e+00  2.072e-01  1.214e-01  2.346e-01  0.000e+00
   1475  2.00943e+00  1.315e+00  6.942e-01  0.000e+00 -6.320e-01  1.947e+00  3.121e-01  1.267e-01  2.553e-01  0.000e+00
   1500  1.91663e+00  1.315e+00  6.016e-01  0.000e+00 -6.317e-01  1.947e+00  2.091e-01  9.185e-02  3.006e-01  0.000e+00
   1525  1.93422e+00  1.314e+00  6.199e-01  0.000e+00 -6.314e-01  1.946e+00  2.684e-01  1.020e-01  2.496e-01  0.000e+00
   1550  2.11443e+00  1.314e+00  8.003e-01  0.000e+00 -6.305e-01  1.945e+00  2.801e-01  2.188e-01  3.014e-01  0.000e+00
   1575  2.14820e+00  1.313e+00  8.349e-01  0.000e+00 -6.318e-01  1.945e+00  3.988e-01  1.974e-01  2.388e-01  0.000e+00
   1600  2.18078e+00  1.310e+00  8.706e-01  0.000e+00 -6.304e-01  1.941e+00  3.824e-01  2.680e-01  2.203e-01  0.000e+00
   1625  2.14442e+00  1.310e+00  8.345e-01  0.000e+00 -6.302e-01  1.940e+00  4.080e-01  1.804e-01  2.461e-01  0.000e+00
   1650  2.25482e+00  1.314e+00  9.407e-01  0.000e+00 -6.307e-01  1.945e+00  5.175e-01  2.512e-01  1.719e-01  0.000e+00
   1675  2.01139e+00  1.314e+00  6.976e-01  0.000e+00 -6.303e-01  1.944e+00  3.342e-01  1.792e-01  1.843e-01  0.000e+00
   1700  2.07945e+00  1.315e+00  7.646e-01  0.000e+00 -6.310e-01  1.946e+00  4.005e-01  1.724e-01  1.917e-01  0.000e+00
   1725  1.95585e+00  1.316e+00  6.394e-01  0.000e+00 -6.316e-01  1.948e+00  3.066e-01  1.601e-01  1.727e-01  0.000e+00
   1750  2.23432e+00  1.315e+00  9.193e-01  0.000e+00 -6.325e-01  1.948e+00  5.318e-01  2.064e-01  1.810e-01  0.000e+00
   1775  1.91207e+00  1.313e+00  5.989e-01  0.000e+00 -6.323e-01  1.945e+00  6.576e-02  3.175e-01  2.156e-01  0.000e+00
   1800  2.04491e+00  1.313e+00  7.319e-01  0.000e+00 -6.321e-01  1.945e+00  2.884e-01  2.152e-01  2.282e-01  0.000e+00
   1825  2.32127e+00  1.311e+00  1.010e+00  0.000e+00 -6.319e-01  1.943e+00  4.356e-01  3.075e-01  2.672e-01  0.000e+00
   1850  2.23227e+00  1.315e+00  9.175e-01  0.000e+00 -6.321e-01  1.947e+00  3.946e-01  2.470e-01  2.759e-01  0.000e+00
   1875  2.19537e+00  1.317e+00  8.783e-01  0.000e+00 -6.308e-01  1.948e+00  2.115e-01  3.822e-01  2.846e-01  0.000e+00
   1900  2.38863e+00  1.316e+00  1.073e+00  0.000e+00 -6.324e-01  1.948e+00  5.106e-01  2.954e-01  2.668e-01  0.000e+00
   1925  2.13203e+00  1.315e+00  8.174e-01  0.000e+00 -6.315e-01  1.946e+00  2.570e-01  2.350e-01  3.255e-01  0.000e+00
   1950  2.18596e+00  1.319e+00  8.673e-01  0.000e+00 -6.317e-01  1.950e+00  3.981e-01  2.413e-01  2.278e-01  0.000e+00
   1975  2.14011e+00  1.317e+00  8.228e-01  0.000e+00 -6.304e-01  1.948e+00  2.762e-01  3.498e-01  1.968e-01  0.000e+00
   2000  2.18232e+00  1.317e+00  8.655e-01  0.000e+00 -6.317e-01  1.948e+00  2.207e-01  3.724e-01  2.725e-01  0.000e+00
   2025  2.15841e+00  1.314e+00  8.447e-01  0.000e+00 -6.304e-01  1.944e+00  3.121e-01  2.674e-01  2.653e-01  0.000e+00
   2050  2.13374e+00  1.312e+00  8.218e-01  0.000e+00 -6.313e-01  1.943e+00  3.710e-01  2.349e-01  2.159e-01  0.000e+00
   2075  2.16516e+00  1.316e+00  8.494e-01  0.000e+00 -6.308e-01  1.947e+00  3.440e-01  2.534e-01  2.521e-01  0.000e+00
   2100  1.90941e+00  1.315e+00  5.940e-01  0.000e+00 -6.316e-01  1.947e+00  2.347e-01  1.642e-01  1.951e-01  0.000e+00
   2125  2.05469e+00  1.321e+00  7.339e-01  0.000e+00 -6.312e-01  1.952e+00  3.380e-01  2.059e-01  1.900e-01  0.000e+00
   2150  2.06784e+00  1.315e+00  7.529e-01  0.000e+00 -6.314e-01  1.946e+00  3.073e-01  2.348e-01  2.108e-01  0.000e+00
   2175  1.94084e+00  1.316e+00  6.245e-01  0.000e+00 -6.314e-01  1.948e+00  3.165e-01  1.575e-01  1.505e-01  0.000e+00
   2200  2.17977e+00  1.317e+00  8.633e-01  0.000e+00 -6.339e-01  1.950e+00  5.407e-01  1.804e-01  1.422e-01  0.000e+00
   2225  2.07484e+00  1.316e+00  7.586e-01  0.000e+00 -6.362e-01  1.952e+00  4.629e-01  1.673e-01  1.284e-01  0.000e+00
   2250  2.17057e+00  1.321e+00  8.497e-01  0.000e+00 -6.354e-01  1.956e+00  4.707e-01  1.926e-01  1.864e-01  0.000e+00
   2275  2.21909e+00  1.317e+00  9.019e-01  0.000e+00 -6.357e-01  1.953e+00  4.578e-01  2.213e-01  2.229e-01  0.000e+00
   2300  2.21692e+00  1.317e+00  8.996e-01  0.000e+00 -6.354e-01  1.953e+00  4.470e-01  2.311e-01  2.216e-01  0.000e+00
   2325  2.32624e+00  1.320e+00  1.007e+00  0.000e+00 -6.340e-01  1.954e+00  5.070e-01  2.112e-01  2.885e-01  0.000e+00
   2350  2.26447e+00  1.317e+00  9.471e-01  0.000e+00 -6.353e-01  1.953e+00  4.333e-01  3.208e-01  1.930e-01  0.000e+00
   2375  2.34935e+00  1.320e+00  1.030e+00  0.000e+00 -6.359e-01  1.955e+00  5.798e-01  2.453e-01  2.047e-01  0.000e+00
   2400  2.15961e+00  1.317e+00  8.428e-01  0.000e+00 -6.350e-01  1.952e+00  3.354e-01  2.422e-01  2.652e-01  0.000e+00
   2425  2.19743e+00  1.316e+00  8.811e-01  0.000e+00 -6.340e-01  1.950e+00  3.665e-01  3.259e-01  1.888e-01  0.000e+00
   2450  2.10158e+00  1.316e+00  7.857e-01  0.000e+00 -6.325e-01  1.948e+00  2.642e-01  3.263e-01  1.953e-01  0.000e+00
   2475  2.10240e+00  1.320e+00  7.826e-01  0.000e+00 -6.314e-01  1.951e+00  2.721e-01  2.723e-01  2.381e-01  0.000e+00
   2500  2.00217e+00  1.316e+00  6.857e-01  0.000e+00 -6.316e-01  1.948e+00  2.252e-01  2.142e-01  2.464e-01  0.000e+00
   2525  2.20514e+00  1.319e+00  8.860e-01  0.000e+00 -6.323e-01  1.951e+00  4.923e-01  1.807e-01  2.130e-01  0.000e+00
   2550  2.10458e+00  1.316e+00  7.888e-01  0.000e+00 -6.320e-01  1.948e+00  3.863e-01  2.077e-01  1.948e-01  0.000e+00
   2575  2.03418e+00  1.316e+00  7.178e-01  0.000e+00 -6.330e-01  1.949e+00  3.445e-01  1.379e-01  2.353e-01  0.000e+00
   2600  2.01891e+00  1.313e+00  7.061e-01  0.000e+00 -6.324e-01  1.945e+00  2.076e-01  2.257e-01  2.728e-01  0.000e+00
   2625  2.15185e+00  1.314e+00  8.383e-01  0.000e+00 -6.315e-01  1.945e+00  3.010e-01  2.671e-01  2.701e-01  0.000e+00
   2650  2.11905e+00  1.313e+00  8.060e-01  0.000e+00 -6.312e-01  1.944e+00  2.942e-01  3.339e-01  1.779e-01  0.000e+00
   2675  2.09234e+00  1.313e+00  7.795e-01  0.000e+00 -6.320e-01  1.945e+00  3.068e-01  2.792e-01  1.934e-01  0.000e+00
   2700  2.03770e+00  1.316e+00  7.212e-01  0.000e+00 -6.323e-01  1.949e+00  2.604e-01  2.387e-01  2.221e-01  0.000e+00
   2725  2.12582e+00  1.314e+00  8.121e-01  0.000e+00 -6.329e-01  1.947e+00  3.147e-01  2.785e-01  2.189e-01  0.000e+00
   2750  2.07987e+00  1.315e+00  7.652e-01  0.000e+00 -6.322e-01  1.947e+00  3.417e-01  2.845e-01  1.390e-01  0.000e+00
   2775  2.06461e+00  1.316e+00  7.490e-01  0.000e+00 -6.316e-01  1.947e+00  3.931e-01  2.261e-01  1.298e-01  0.000e+00
   2800  2.09952e+00  1.311e+00  7.884e-01  0.000e+00 -6.304e-01  1.942e+00  3.497e-01  2.166e-01  2.222e-01  0.000e+00
   2825  2.09360e+00  1.315e+00  7.786e-01  0.000e+00 -6.310e-01  1.946e+00  3.254e-01  1.911e-01  2.622e-01  0.000e+00
   2850  2.15870e+00  1.313e+00  8.458e-01  0.000e+00 -6.320e-01  1.945e+00  3.082e-01  3.055e-01  2.321e-01  0.000e+00
   2875  2.07397e+00  1.313e+00  7.605e-01  0.000e+00 -6.329e-01  1.946e+00  2.139e-01  2.482e-01  2.984e-01  0.000e+00
   2900  2.18798e+00  1.313e+00  8.752e-01  0.000e+00 -6.332e-01  1.946e+00  3.578e-01  2.295e-01  2.879e-01  0.000e+00
   2925  1.98613e+00  1.311e+00  6.756e-01  0.000e+00 -6.332e-01  1.944e+00  1.884e-01  2.000e-01  2.872e-01  0.000e+00
   2950  2.07301e+00  1.314e+00  7.594e-01  0.000e+00 -6.322e-01  1.946e+00  2.534e-01  2.193e-01  2.868e-01  0.000e+00
   2975  2.09105e+00  1.315e+00  7.762e-01  0.000e+00 -6.324e-01  1.947e+00  2.721e-01  2.177e-01  2.864e-01  0.000e+00
   3000  2.00755e+00  1.317e+00  6.903e-01  0.000e+00 -6.332e-01  1.950e+00  2.189e-01  2.093e-01  2.621e-01  0.000e+00
   3025  2.14428e+00  1.318e+00  8.267e-01  0.000e+00 -6.336e-01  1.951e+00  4.380e-01  1.989e-01  1.898e-01  0.000e+00
   3050  1.97292e+00  1.313e+00  6.601e-01  0.000e+00 -6.333e-01  1.946e+00  2.347e-01  2.210e-01  2.044e-01  0.000e+00
   3075  1.93763e+00  1.312e+00  6.261e-01  0.000e+00 -6.346e-01  1.946e+00  2.552e-01  1.680e-01  2.029e-01  0.000e+00
   3100  1.93795e+00  1.311e+00  6.265e-01  0.000e+00 -6.348e-01  1.946e+00  2.476e-01  1.816e-01  1.973e-01  0.000e+00
   3125  2.16830e+00  1.309e+00  8.596e-01  0.000e+00 -6.352e-01  1.944e+00  3.759e-01  2.795e-01  2.041e-01  0.000e+00
   3150  2.06541e+00  1.313e+00  7.524e-01  0.000e+00 -6.346e-01  1.948e+00  3.230e-01  2.351e-01  1.942e-01  0.000e+00
   3175  2.07614e+00  1.318e+00  7.585e-01  0.000e+00 -6.354e-01  1.953e+00  3.493e-01  1.838e-01  2.254e-01  0.000e+00
   3200  2.13416e+00  1.318e+00  8.166e-01  0.000e+00 -6.356e-01  1.953e+00  4.048e-01  1.736e-01  2.382e-01  0.000e+00
   3225  2.05609e+00  1.312e+00  7.438e-01  0.000e+00 -6.339e-01  1.946e+00  3.612e-01  1.367e-01  2.459e-01  0.000e+00
   3250  2.05427e+00  1.316e+00  7.382e-01  0.000e+00 -6.332e-01  1.949e+00  2.181e-01  2.352e-01  2.849e-01  0.000e+00
   3275  2.18961e+00  1.313e+00  8.770e-01  0.000e+00 -6.334e-01  1.946e+00  2.801e-01  2.895e-01  3.074e-01  0.000e+00
   3300  2.13259e+00  1.313e+00  8.198e-01  0.000e+00 -6.344e-01  1.947e+00  2.854e-01  2.637e-01  2.708e-01  0.000e+00
   3325  2.15789e+00  1.315e+00  8.428e-01  0.000e+00 -6.354e-01  1.951e+00  3.793e-01  2.919e-01  1.715e-01  0.000e+00
   3350  2.12927e+00  1.315e+00  8.147e-01  0.000e+00 -6.347e-01  1.949e+00  2.573e-01  2.932e-01  2.642e-01  0.000e+00
   3375  2.14412e+00  1.316e+00  8.280e-01  0.000e+00 -6.353e-01  1.951e+00  4.155e-01  2.117e-01  2.008e-01  0.000e+00
   3400  2.26298e+00  1.310e+00  9.527e-01  0.000e+00 -6.382e-01  1.948e+00  4.662e-01  2.984e-01  1.880e-01  0.000e+00
   3425  2.24665e+00  1.311e+00  9.352e-01  0.000e+00 -6.373e-01  1.949e+00  3.712e-01  3.129e-01  2.511e-01  0.000e+00
   3450  2.51613e+00  1.316e+00  1.200e+00  0.000e+00 -6.377e-01  1.953e+00  5.950e-01  3.163e-01  2.892e-01  0.000e+00
   3475  2.22377e+00  1.311e+00  9.125e-01  0.000e+00 -6.364e-01  1.948e+00  4.459e-01  2.533e-01  2.134e-01  0.000e+00
   3500  2.22922e+00  1.313e+00  9.167e-01  0.000e+00 -6.362e-01  1.949e+00  4.526e-01  2.677e-01  1.963e-01  0.000e+00
   3525  2.31201e+00  1.315e+00  9.967e-01  0.000e+00 -6.356e-01  1.951e+00  3.952e-01  3.514e-01  2.502e-01  0.000e+00
   3550  2.28203e+00  1.313e+00  9.686e-01  0.000e+00 -6.354e-01  1.949e+00  2.979e-01  3.929e-01  2.778e-01  0.000e+00
   3575  2.28914e+00  1.312e+00  9.770e-01  0.000e+00 -6.342e-01  1.946e+00  3.719e-01  3.125e-01  2.926e-01  0.000e+00
   3600  2.14314e+00  1.315e+00  8.282e-01  0.000e+00 -6.346e-01  1.950e+00  2.003e-01  3.474e-01  2.805e-01  0.000e+00
   3625  2.11044e+00  1.315e+00  7.951e-01  0.000e+00 -6.347e-01  1.950e+00  2.200e-01  2.824e-01  2.927e-01  0.000e+00
   3650  2.19831e+00  1.315e+00  8.836e-01  0.000e+00 -6.353e-01  1.950e+00  3.302e-01  2.843e-01  2.690e-01  0.000e+00
   3675  2.26706e+00  1.312e+00  9.549e-01  0.000e+00 -6.352e-01  1.947e+00  4.648e-01  2.375e-01  2.526e-01  0.000e+00
   3700  2.21193e+00  1.312e+00  8.999e-01  0.000e+00 -6.349e-01  1.947e+00  4.378e-01  2.573e-01  2.048e-01  0.000e+00
   3725  2.06082e+00  1.313e+00  7.482e-01  0.000e+00 -6.351e-01  1.948e+00  3.074e-01  2.595e-01  1.813e-01  0.000e+00
   3750  2.15470e+00  1.315e+00  8.393e-01  0.000e+00 -6.352e-01  1.951e+00  3.240e-01  2.668e-01  2.485e-01  0.000e+00
   3775  2.03850e+00  1.317e+00  7.215e-01  0.000e+00 -6.364e-01  1.953e+00  2.809e-01  1.557e-01  2.848e-01  0.000e+00
   3800  2.15428e+00  1.310e+00  8.439e-01  0.000e+00 -6.378e-01  1.948e+00  3.727e-01  1.571e-01  3.141e-01  0.000e+00
   3825  2.07856e+00  1.315e+00  7.641e-01  0.000e+00 -6.379e-01  1.952e+00  3.316e-01  1.731e-01  2.594e-01  0.000e+00
   3850  2.20451e+00  1.315e+00  8.891e-01  0.000e+00 -6.368e-01  1.952e+00  3.897e-01  2.328e-01  2.665e-01  0.000e+00
   3875  2.17017e+00  1.314e+00  8.560e-01  0.000e+00 -6.364e-01  1.950e+00  3.513e-01  2.259e-01  2.788e-01  0.000e+00
   3900  2.15284e+00  1.313e+00  8.399e-01  0.000e+00 -6.353e-01  1.948e+00  2.318e-01  3.308e-01  2.773e-01  0.000e+00
   3925  2.16033e+00  1.313e+00  8.468e-01  0.000e+00 -6.364e-01  1.950e+00  2.065e-01  3.173e-01  3.231e-01  0.000e+00
   3950  2.31980e+00  1.314e+00  1.006e+00  0.000e+00 -6.353e-01  1.950e+00  3.920e-01  2.926e-01  3.210e-01  0.000e+00
   3975  2.31453e+00  1.311e+00  1.004e+00  0.000e+00 -6.349e-01  1.946e+00  3.347e-01  3.212e-01  3.477e-01  0.000e+00
   4000  2.38979e+00  1.308e+00  1.082e+00  0.000e+00 -6.356e-01  1.943e+00  3.918e-01  3.425e-01  3.479e-01  0.000e+00
   4025  2.28654e+00  1.309e+00  9.777e-01  0.000e+00 -6.349e-01  1.944e+00  3.872e-01  2.667e-01  3.239e-01  0.000e+00
   4050  2.34481e+00  1.309e+00  1.035e+00  0.000e+00 -6.343e-01  1.944e+00  4.463e-01  3.236e-01  2.655e-01  0.000e+00
   4075  2.41001e+00  1.312e+00  1.098e+00  0.000e+00 -6.346e-01  1.947e+00  4.649e-01  3.543e-01  2.783e-01  0.000e+00
   4100  2.41542e+00  1.314e+00  1.101e+00  0.000e+00 -6.337e-01  1.948e+00  5.516e-01  2.531e-01  2.966e-01  0.000e+00
   4125  2.50337e+00  1.318e+00  1.186e+00  0.000e+00 -6.330e-01  1.951e+00  5.850e-01  2.546e-01  3.459e-01  0.000e+00
   4150  2.21204e+00  1.314e+00  8.979e-01  0.000e+00 -6.332e-01  1.947e+00  3.895e-01  1.878e-01  3.206e-01  0.000e+00
   4175  2.17540e+00  1.315e+00  8.602e-01  0.000e+00 -6.326e-01  1.948e+00  3.417e-01  2.107e-01  3.079e-01  0.000e+00
   4200  2.31185e+00  1.314e+00  9.983e-01  0.000e+00 -6.342e-01  1.948e+00  3.512e-01  2.970e-01  3.502e-01  0.000e+00
   4225  2.07269e+00  1.311e+00  7.613e-01  0.000e+00 -6.353e-01  1.947e+00  2.446e-01  1.964e-01  3.203e-01  0.000e+00
   4250  2.29481e+00  1.308e+00  9.867e-01  0.000e+00 -6.339e-01  1.942e+00  3.506e-01  2.056e-01  4.304e-01  0.000e+00
   4275  2.17211e+00  1.314e+00  8.584e-01  0.000e+00 -6.347e-01  1.948e+00  2.349e-01  1.934e-01  4.301e-01  0.000e+00
   4300  2.32144e+00  1.310e+00  1.012e+00  0.000e+00 -6.348e-01  1.945e+00  3.338e-01  2.090e-01  4.687e-01  0.000e+00
   4325  2.21133e+00  1.311e+00  9.005e-01  0.000e+00 -6.335e-01  1.944e+00  3.665e-01  2.051e-01  3.288e-01  0.000e+00
   4350  2.36807e+00  1.309e+00  1.059e+00  0.000e+00 -6.339e-01  1.943e+00  4.613e-01  2.966e-01  3.013e-01  0.000e+00
   4375  2.03462e+00  1.311e+00  7.236e-01  0.000e+00 -6.334e-01  1.944e+00  1.405e-01  3.135e-01  2.696e-01  0.000e+00
   4400  2.06957e+00  1.309e+00  7.602e-01  0.000e+00 -6.336e-01  1.943e+00  2.810e-01  2.008e-01  2.784e-01  0.000e+00
   4425  2.00910e+00  1.310e+00  6.990e-01  0.000e+00 -6.344e-01  1.944e+00  2.081e-01  1.848e-01  3.061e-01  0.000e+00
   4450  2.22586e+00  1.305e+00  9.210e-01  0.000e+00 -6.348e-01  1.940e+00  3.469e-01  2.646e-01  3.095e-01  0.000e+00
   4475  2.11117e+00  1.309e+00  8.017e-01  0.000e+00 -6.337e-01  1.943e+00  2.878e-01  2.293e-01  2.846e-01  0.000e+00
   4500  2.03054e+00  1.311e+00  7.200e-01  0.000e+00 -6.340e-01  1.945e+00  3.605e-01  1.867e-01  1.728e-01  0.000e+00
   4525  1.93822e+00  1.314e+00  6.243e-01  0.000e+00 -6.341e-01  1.948e+00  1.796e-01  2.648e-01  1.799e-01  0.000e+00
   4550  2.07607e+00  1.315e+00  7.609e-01  0.000e+00 -6.336e-01  1.949e+00  2.834e-01  2.632e-01  2.143e-01  0.000e+00
   4575  1.91868e+00  1.315e+00  6.042e-01  0.000e+00 -6.320e-01  1.947e+00  1.915e-01  2.284e-01  1.842e-01  0.000e+00
   4600  2.14514e+00  1.316e+00  8.294e-01  0.000e+00 -6.328e-01  1.948e+00  3.809e-01  2.140e-01  2.345e-01  0.000e+00
   4625  1.92218e+00  1.310e+00  6.122e-01  0.000e+00 -6.337e-01  1.944e+00  2.405e-01  1.934e-01  1.783e-01  0.000e+00
   4650  2.12304e+00  1.309e+00  8.136e-01  0.000e+00 -6.327e-01  1.942e+00  2.824e-01  2.895e-01  2.418e-01  0.000e+00
   4675  2.20220e+00  1.312e+00  8.901e-01  0.000e+00 -6.338e-01  1.946e+00  4.040e-01  1.889e-01  2.971e-01  0.000e+00
   4700  2.34953e+00  1.310e+00  1.040e+00  0.000e+00 -6.337e-01  1.943e+00  3.263e-01  3.304e-01  3.830e-01  0.000e+00
   4725  2.38346e+00  1.310e+00  1.073e+00  0.000e+00 -6.333e-01  1.944e+00  4.286e-01  3.340e-01  3.105e-01  0.000e+00
   4750  2.17930e+00  1.311e+00  8.683e-01  0.000e+00 -6.352e-01  1.946e+00  3.602e-01  2.846e-01  2.235e-01  0.000e+00
   4775  2.18963e+00  1.309e+00  8.810e-01  0.000e+00 -6.358e-01  1.944e+00  4.640e-01  2.002e-01  2.168e-01  0.000e+00
   4800  2.14385e+00  1.310e+00  8.343e-01  0.000e+00 -6.358e-01  1.945e+00  3.802e-01  2.183e-01  2.358e-01  0.000e+00
   4825  2.10580e+00  1.308e+00  7.980e-01  0.000e+00 -6.378e-01  1.946e+00  3.306e-01  1.756e-01  2.919e-01  0.000e+00
   4850  2.28911e+00  1.305e+00  9.845e-01  0.000e+00 -6.383e-01  1.943e+00  4.974e-01  1.750e-01  3.121e-01  0.000e+00
   4875  2.28147e+00  1.306e+00  9.751e-01  0.000e+00 -6.385e-01  1.945e+00  4.885e-01  1.370e-01  3.496e-01  0.000e+00
   4900  2.04642e+00  1.311e+00  7.353e-01  0.000e+00 -6.377e-01  1.949e+00  3.401e-01  1.014e-01  2.938e-01  0.000e+00
   4925  2.13125e+00  1.311e+00  8.205e-01  0.000e+00 -6.386e-01  1.949e+00  3.679e-01  1.261e-01  3.264e-01  0.000e+00
   4950  2.11787e+00  1.307e+00  8.105e-01  0.000e+00 -6.384e-01  1.946e+00  3.768e-01  1.183e-01  3.155e-01  0.000e+00
   4975  2.27840e+00  1.311e+00  9.673e-01  0.000e+00 -6.380e-01  1.949e+00  4.129e-01  1.929e-01  3.615e-01  0.000e+00
   5000  2.13855e+00  1.309e+00  8.292e-01  0.000e+00 -6.373e-01  1.947e+00  3.543e-01  1.986e-01  2.763e-01  0.000e+00
   5025  2.12387e+00  1.303e+00  8.213e-01  0.000e+00 -6.378e-01  1.940e+00  3.165e-01  2.677e-01  2.371e-01  0.000e+00
   5050  2.10083e+00  1.305e+00  7.954e-01  0.000e+00 -6.378e-01  1.943e+00  3.113e-01  2.349e-01  2.492e-01  0.000e+00
   5075  2.18255e+00  1.307e+00  8.756e-01  0.000e+00 -6.378e-01  1.945e+00  3.556e-01  2.517e-01  2.683e-01  0.000e+00
   5100  2.21439e+00  1.306e+00  9.086e-01  0.000e+00 -6.366e-01  1.942e+00  3.513e-01  2.494e-01  3.079e-01  0.000e+00
   5125  2.22462e+00  1.305e+00  9.197e-01  0.000e+00 -6.363e-01  1.941e+00  3.989e-01  2.120e-01  3.087e-01  0.000e+00
   5150  2.21453e+00  1.309e+00  9.053e-01  0.000e+00 -6.372e-01  1.946e+00  3.948e-01  2.396e-01  2.708e-01  0.000e+00
   5175  2.28319e+00  1.313e+00  9.704e-01  0.000e+00 -6.382e-01  1.951e+00  4.321e-01  2.549e-01  2.835e-01  0.000e+00
   5200  2.08394e+00  1.310e+00  7.743e-01  0.000e+00 -6.387e-01  1.948e+00  2.484e-01  2.364e-01  2.895e-01  0.000e+00
   5225  2.10682e+00  1.310e+00  7.971e-01  0.000e+00 -6.394e-01  1.949e+00  2.775e-01  2.535e-01  2.661e-01  0.000e+00
   5250  2.12421e+00  1.310e+00  8.146e-01  0.000e+00 -6.413e-01  1.951e+00  3.103e-01  2.036e-01  3.007e-01  0.000e+00
   5275  2.12822e+00  1.312e+00  8.161e-01  0.000e+00 -6.390e-01  1.951e+00  3.524e-01  2.137e-01  2.499e-01  0.000e+00
   5300  2.16621e+00  1.315e+00  8.516e-01  0.000e+00 -6.388e-01  1.953e+00  3.697e-01  2.259e-01  2.560e-01  0.000e+00
   5325  2.17570e+00  1.315e+00  8.610e-01  0.000e+00 -6.391e-01  1.954e+00  3.143e-01  2.396e-01  3.071e-01  0.000e+00
   5350  2.19763e+00  1.312e+00  8.859e-01  0.000e+00 -6.390e-01  1.951e+00  2.543e-01  3.235e-01  3.081e-01  0.000e+00
   5375  2.08998e+00  1.310e+00  7.801e-01  0.000e+00 -6.393e-01  1.949e+00  2.906e-01  2.427e-01  2.468e-01  0.000e+00
   5400  2.39611e+00  1.312e+00  1.085e+00  0.000e+00 -6.392e-01  1.951e+00  5.464e-01  2.777e-01  2.604e-01  0.000e+00
   5425  2.37887e+00  1.307e+00  1.072e+00  0.000e+00 -6.393e-01  1.946e+00  3.996e-01  2.770e-01  3.955e-01  0.000e+00
   5450  2.37224e+00  1.304e+00  1.068e+00  0.000e+00 -6.387e-01  1.943e+00  4.498e-01  2.748e-01  3.439e-01  0.000e+00
   5475  2.40736e+00  1.312e+00  1.095e+00  0.000e+00 -6.383e-01  1.951e+00  4.550e-01  3.369e-01  3.032e-01  0.000e+00
   5500  2.36281e+00  1.311e+00  1.052e+00  0.000e+00 -6.386e-01  1.950e+00  3.260e-01  3.765e-01  3.491e-01  0.000e+00
   5525  2.35083e+00  1.315e+00  1.035e+00  0.000e+00 -6.385e-01  1.954e+00  3.446e-01  3.787e-01  3.121e-01  0.000e+00
   5550  2.36661e+00  1.309e+00  1.057e+00  0.000e+00 -6.392e-01  1.948e+00  2.430e-01  4.652e-01  3.491e-01  0.000e+00
   5575  2.40209e+00  1.310e+00  1.092e+00  0.000e+00 -6.378e-01  1.948e+00  2.249e-01  4.657e-01  4.018e-01  0.000e+00
   5600  2.44360e+00  1.305e+00  1.138e+00  0.000e+00 -6.367e-01  1.942e+00  3.514e-01  4.337e-01  3.531e-01  0.000e+00
   5625  2.32261e+00  1.307e+00  1.016e+00  0.000e+00 -6.365e-01  1.943e+00  3.196e-01  3.832e-01  3.131e-01  0.000e+00
   5650  2.43099e+00  1.307e+00  1.124e+00  0.000e+00 -6.367e-01  1.944e+00  2.011e-01  5.255e-01  3.970e-01  0.000e+00
   5675  2.55613e+00  1.309e+00  1.247e+00  0.000e+00 -6.388e-01  1.948e+00  3.702e-01  4.690e-01  4.076e-01  0.000e+00
   5700  2.66319e+00  1.309e+00  1.354e+00  0.000e+00 -6.371e-01  1.946e+00  3.493e-01  5.289e-01  4.762e-01  0.000e+00
   5725  2.50509e+00  1.313e+00  1.192e+00  0.000e+00 -6.355e-01  1.949e+00  2.420e-01  4.999e-01  4.500e-01  0.000e+00
   5750  2.49857e+00  1.312e+00  1.187e+00  0.000e+00 -6.342e-01  1.946e+00  4.066e-01  3.581e-01  4.221e-01  0.000e+00
   5775  2.61927e+00  1.315e+00  1.304e+00  0.000e+00 -6.318e-01  1.947e+00  4.894e-01  3.489e-01  4.657e-01  0.000e+00
   5800  2.45625e+00  1.313e+00  1.143e+00  0.000e+00 -6.324e-01  1.946e+00  3.497e-01  3.835e-01  4.097e-01  0.000e+00
   5825  2.47503e+00  1.313e+00  1.162e+00  0.000e+00 -6.325e-01  1.946e+00  5.500e-01  2.887e-01  3.229e-01  0.000e+00
   5850  2.40854e+00  1.313e+00  1.096e+00  0.000e+00 -6.328e-01  1.946e+00  4.495e-01  2.970e-01  3.492e-01  0.000e+00
   5875  2.37986e+00  1.318e+00  1.062e+00  0.000e+00 -6.323e-01  1.950e+00  3.957e-01  2.943e-01  3.718e-01  0.000e+00
   5900  2.35583e+00  1.319e+00  1.037e+00  0.000e+00 -6.323e-01  1.951e+00  2.573e-01  3.872e-01  3.929e-01  0.000e+00
   5925  2.48707e+00  1.318e+00  1.169e+00  0.000e+00 -6.332e-01  1.952e+00  3.615e-01  3.913e-01  4.158e-01  0.000e+00
   5950  2.38647e+00  1.318e+00  1.069e+00  0.000e+00 -6.337e-01  1.951e+00  3.281e-01  3.455e-01  3.952e-01  0.000e+00
   5975  2.45822e+00  1.320e+00  1.138e+00  0.000e+00 -6.331e-01  1.954e+00  3.561e-01  3.681e-01  4.135e-01  0.000e+00
   6000  2.38302e+00  1.317e+00  1.066e+00  0.000e+00 -6.319e-01  1.948e+00  2.797e-01  4.716e-01  3.151e-01  0.000e+00
   6025  2.22813e+00  1.320e+00  9.081e-01  0.000e+00 -6.304e-01  1.950e+00  1.975e-01  3.120e-01  3.987e-01  0.000e+00
   6050  2.38039e+00  1.317e+00  1.063e+00  0.000e+00 -6.313e-01  1.948e+00  3.823e-01  3.540e-01  3.271e-01  0.000e+00
   6075  2.35447e+00  1.316e+00  1.038e+00  0.000e+00 -6.306e-01  1.947e+00  4.379e-01  3.155e-01  2.850e-01  0.000e+00
   6100  2.33922e+00  1.317e+00  1.023e+00  0.000e+00 -6.295e-01  1.946e+00  5.244e-01  2.650e-01  2.333e-01  0.000e+00
   6125  2.18976e+00  1.317e+00  8.731e-01  0.000e+00 -6.293e-01  1.946e+00  3.135e-01  3.704e-01  1.892e-01  0.000e+00
   6150  2.18406e+00  1.318e+00  8.664e-01  0.000e+00 -6.295e-01  1.947e+00  3.165e-01  3.764e-01  1.735e-01  0.000e+00
   6175  2.03101e+00  1.319e+00  7.117e-01  0.000e+00 -6.280e-01  1.947e+00  2.777e-01  2.552e-01  1.787e-01  0.000e+00
   6200  1.99246e+00  1.320e+00  6.723e-01  0.000e+00 -6.272e-01  1.947e+00  2.508e-01  2.448e-01  1.766e-01  0.000e+00
   6225  2.19104e+00  1.321e+00  8.702e-01  0.000e+00 -6.279e-01  1.949e+00  4.125e-01  2.557e-01  2.019e-01  0.000e+00
   6250  2.15267e+00  1.322e+00  8.311e-01  0.000e+00 -6.277e-01  1.949e+00  3.341e-01  2.067e-01  2.903e-01  0.000e+00
   6275  2.22704e+00  1.325e+00  9.018e-01  0.000e+00 -6.276e-01  1.953e+00  1.793e-01  3.318e-01  3.908e-01  0.000e+00
   6300  2.37515e+00  1.323e+00  1.053e+00  0.000e+00 -6.275e-01  1.950e+00  2.713e-01  3.457e-01  4.357e-01  0.000e+00
   6325  2.26150e+00  1.324e+00  9.372e-01  0.000e+00 -6.271e-01  1.951e+00  2.950e-01  3.347e-01  3.074e-01  0.000e+00
   6350  2.24311e+00  1.326e+00  9.172e-01  0.000e+00 -6.272e-01  1.953e+00  2.554e-01  3.576e-01  3.041e-01  0.000e+00
   6375  2.42212e+00  1.323e+00  1.099e+00  0.000e+00 -6.280e-01  1.951e+00  1.592e-01  5.681e-01  3.714e-01  0.000e+00
   6400  2.40517e+00  1.323e+00  1.082e+00  0.000e+00 -6.278e-01  1.951e+00  2.861e-01  3.676e-01  4.281e-01  0.000e+00
   6425  2.45015e+00  1.324e+00  1.126e+00  0.000e+00 -6.265e-01  1.950e+00  3.838e-01  3.591e-01  3.836e-01  0.000e+00
   6450  2.33139e+00  1.320e+00  1.011e+00  0.000e+00 -6.262e-01  1.947e+00  3.539e-01  3.958e-01  2.611e-01  0.000e+00
   6475  2.34916e+00  1.316e+00  1.033e+00  0.000e+00 -6.260e-01  1.942e+00  6.200e-01  2.559e-01  1.573e-01  0.000e+00
   6500  2.23080e+00  1.320e+00  9.109e-01  0.000e+00 -6.265e-01  1.946e+00  4.755e-01  2.817e-01  1.537e-01  0.000e+00
   6525  2.44403e+00  1.326e+00  1.118e+00  0.000e+00 -6.250e-01  1.951e+00  6.196e-01  3.221e-01  1.759e-01  0.000e+00
   6550  2.41833e+00  1.322e+00  1.096e+00  0.000e+00 -6.249e-01  1.947e+00  5.849e-01  3.210e-01  1.902e-01  0.000e+00
   6575  2.29449e+00  1.320e+00  9.743e-01  0.000e+00 -6.257e-01  1.946e+00  3.783e-01  3.820e-01  2.140e-01  0.000e+00
   6600  2.21671e+00  1.319e+00  8.975e-01  0.000e+00 -6.253e-01  1.945e+00  3.734e-01  2.660e-01  2.581e-01  0.000e+00
   6625  2.17444e+00  1.318e+00  8.566e-01  0.000e+00 -6.251e-01  1.943e+00  3.793e-01  2.397e-01  2.376e-01  0.000e+00
   6650  2.09263e+00  1.318e+00  7.749e-01  0.000e+00 -6.246e-01  1.942e+00  3.402e-01  2.054e-01  2.292e-01  0.000e+00
   6675  2.02613e+00  1.320e+00  7.062e-01  0.000e+00 -6.270e-01  1.947e+00  2.519e-01  1.934e-01  2.608e-01  0.000e+00
   6700  2.13263e+00  1.319e+00  8.140e-01  0.000e+00 -6.256e-01  1.944e+00  3.470e-01  2.023e-01  2.646e-01  0.000e+00
   6725  2.22123e+00  1.318e+00  9.028e-01  0.000e+00 -6.257e-01  1.944e+00  3.317e-01  2.567e-01  3.143e-01  0.000e+00
   6750  2.26708e+00  1.320e+00  9.472e-01  0.000e+00 -6.262e-01  1.946e+00  3.282e-01  2.446e-01  3.744e-01  0.000e+00
   6775  2.42256e+00  1.319e+00  1.104e+00  0.000e+00 -6.264e-01  1.945e+00  4.292e-01  3.471e-01  3.272e-01  0.000e+00
   6800  2.11193e+00  1.325e+00  7.869e-01  0.000e+00 -6.260e-01  1.951e+00  2.481e-01  2.954e-01  2.434e-01  0.000e+00
   6825  2.28181e+00  1.324e+00  9.582e-01  0.000e+00 -6.255e-01  1.949e+00  2.864e-01  3.777e-01  2.940e-01  0.000e+00
   6850  2.28179e+00  1.320e+00  9.617e-01  0.000e+00 -6.265e-01  1.947e+00  3.608e-01  3.418e-01  2.591e-01  0.000e+00
   6875  2.17464e+00  1.324e+00  8.511e-01  0.000e+00 -6.256e-01  1.949e+00  3.282e-01  3.014e-01  2.214e-01  0.000e+00
   6900  1.92140e+00  1.321e+00  6.004e-01  0.000e+00 -6.265e-01  1.947e+00  2.096e-01  1.836e-01  2.072e-01  0.000e+00
   6925  1.90238e+00  1.322e+00  5.803e-01  0.000e+00 -6.255e-01  1.948e+00  1.779e-01  1.583e-01  2.441e-01  0.000e+00
   6950  2.10042e+00  1.322e+00  7.779e-01  0.000e+00 -6.258e-01  1.948e+00  3.187e-01  1.411e-01  3.181e-01  0.000e+00
   6975  2.07794e+00  1.322e+00  7.564e-01  0.000e+00 -6.240e-01  1.946e+00  2.412e-01  1.248e-01  3.903e-01  0.000e+00
   7000  2.04064e+00  1.323e+00  7.174e-01  0.000e+00 -6.256e-01  1.949e+00  2.529e-01  1.726e-01  2.920e-01  0.000e+00
   7025  1.91652e+00  1.323e+00  5.939e-01  0.000e+00 -6.253e-01  1.948e+00  2.293e-01  1.220e-01  2.426e-01  0.000e+00
   7050  2.10835e+00  1.321e+00  7.872e-01  0.000e+00 -6.251e-01  1.946e+00  3.565e-01  1.901e-01  2.405e-01  0.000e+00
   7075  2.03581e+00  1.326e+00  7.095e-01  0.000e+00 -6.237e-01  1.950e+00  3.013e-01  1.573e-01  2.510e-01  0.000e+00
   7100  2.08784e+00  1.326e+00  7.623e-01  0.000e+00 -6.246e-01  1.950e+00  4.030e-01  1.206e-01  2.387e-01  0.000e+00
   7125  2.04990e+00  1.326e+00  7.244e-01  0.000e+00 -6.246e-01  1.950e+00  4.045e-01  1.139e-01  2.059e-01  0.000e+00
   7150  1.99380e+00  1.323e+00  6.710e-01  0.000e+00 -6.242e-01  1.947e+00  3.046e-01  1.575e-01  2.088e-01  0.000e+00
   7175  2.08782e+00  1.323e+00  7.649e-01  0.000e+00 -6.250e-01  1.948e+00  3.037e-01  2.098e-01  2.513e-01  0.000e+00
   7200  2.15798e+00  1.320e+00  8.375e-01  0.000e+00 -6.258e-01  1.946e+00  3.928e-01  1.439e-01  3.008e-01  0.000e+00
   7225  2.08739e+00  1.324e+00  7.635e-01  0.000e+00 -6.271e-01  1.951e+00  3.131e-01  1.823e-01  2.681e-01  0.000e+00
   7250  2.09806e+00  1.324e+00  7.740e-01  0.000e+00 -6.268e-01  1.951e+00  2.105e-01  2.005e-01  3.629e-01  0.000e+00
   7275  2.07355e+00  1.321e+00  7.526e-01  0.000e+00 -6.274e-01  1.948e+00  1.748e-01  2.135e-01  3.643e-01  0.000e+00
   7300  2.39835e+00  1.319e+00  1.079e+00  0.000e+00 -6.286e-01  1.948e+00  5.077e-01  2.354e-01  3.358e-01  0.000e+00
   7325  2.42984e+00  1.322e+00  1.108e+00  0.000e+00 -6.284e-01  1.950e+00  7.003e-01  1.480e-01  2.595e-01  0.000e+00
   7350  2.19619e+00  1.317e+00  8.794e-01  0.000e+00 -6.279e-01  1.945e+00  4.267e-01  1.732e-01  2.795e-01  0.000e+00
   7375  2.15769e+00  1.320e+00  8.375e-01  0.000e+00 -6.265e-01  1.947e+00  3.660e-01  1.565e-01  3.151e-01  0.000e+00
   7400  2.07979e+00  1.323e+00  7.572e-01  0.000e+00 -6.275e-01  1.950e+00  3.692e-01  1.143e-01  2.737e-01  0.000e+00
   7425  2.12829e+00  1.324e+00  8.044e-01  0.000e+00 -6.265e-01  1.950e+00  3.835e-01  1.168e-01  3.041e-01  0.000e+00
   7450  2.00281e+00  1.323e+00  6.798e-01  0.000e+00 -6.266e-01  1.950e+00  2.559e-01  1.627e-01  2.612e-01  0.000e+00
   7475  2.00054e+00  1.321e+00  6.793e-01  0.000e+00 -6.267e-01  1.948e+00  2.225e-01  1.896e-01  2.671e-01  0.000e+00
   7500  2.08248e+00  1.320e+00  7.627e-01  0.000e+00 -6.288e-01  1.949e+00  2.404e-01  2.365e-01  2.857e-01  0.000e+00
   7525  2.32266e+00  1.324e+00  9.983e-01  0.000e+00 -6.296e-01  1.954e+00  4.375e-01  2.893e-01  2.716e-01  0.000e+00
   7550  2.17732e+00  1.320e+00  8.575e-01  0.000e+00 -6.293e-01  1.949e+00  2.685e-01  3.770e-01  2.119e-01  0.000e+00
   7575  2.08363e+00  1.322e+00  7.615e-01  0.000e+00 -6.307e-01  1.953e+00  2.919e-01  2.517e-01  2.180e-01  0.000e+00
   7600  2.06013e+00  1.320e+00  7.402e-01  0.000e+00 -6.314e-01  1.951e+00  2.073e-01  2.954e-01  2.375e-01  0.000e+00
   7625  2.08910e+00  1.317e+00  7.721e-01  0.000e+00 -6.310e-01  1.948e+00  3.352e-01  2.338e-01  2.031e-01  0.000e+00
   7650  1.95953e+00  1.319e+00  6.401e-01  0.000e+00 -6.307e-01  1.950e+00  2.193e-01  1.969e-01  2.239e-01  0.000e+00
   7675  2.06979e+00  1.315e+00  7.543e-01  0.000e+00 -6.310e-01  1.946e+00  2.565e-01  2.321e-01  2.656e-01  0.000e+00
   7700  2.12081e+00  1.319e+00  8.020e-01  0.000e+00 -6.305e-01  1.949e+00  2.793e-01  2.426e-01  2.801e-01  0.000e+00
   7725  2.04040e+00  1.318e+00  7.228e-01  0.000e+00 -6.296e-01  1.947e+00  3.206e-01  1.801e-01  2.221e-01  0.000e+00
   7750  1.98598e+00  1.321e+00  6.648e-01  0.000e+00 -6.304e-01  1.952e+00  1.859e-01  2.073e-01  2.716e-01  0.000e+00
   7775  2.03883e+00  1.322e+00  7.173e-01  0.000e+00 -6.308e-01  1.952e+00  2.606e-01  2.390e-01  2.177e-01  0.000e+00
   7800  2.28174e+00  1.324e+00  9.580e-01  0.000e+00 -6.308e-01  1.955e+00  4.828e-01  2.317e-01  2.436e-01  0.000e+00
   7825  2.30712e+00  1.324e+00  9.828e-01  0.000e+00 -6.305e-01  1.955e+00  3.397e-01  3.723e-01  2.707e-01  0.000e+00
   7850  2.15721e+00  1.322e+00  8.349e-01  0.000e+00 -6.295e-01  1.952e+00  2.258e-01  3.181e-01  2.910e-01  0.000e+00
   7875  2.13272e+00  1.322e+00  8.103e-01  0.000e+00 -6.301e-01  1.953e+00  3.575e-01  1.770e-01  2.757e-01  0.000e+00
   7900  2.16137e+00  1.321e+00  8.403e-01  0.000e+00 -6.292e-01  1.950e+00  3.529e-01  2.159e-01  2.714e-01  0.000e+00
   7925  2.29791e+00  1.323e+00  9.751e-01  0.000e+00 -6.288e-01  1.952e+00  4.779e-01  2.175e-01  2.797e-01  0.000e+00
   7950  2.21791e+00  1.324e+00  8.940e-01  0.000e+00 -6.298e-01  1.954e+00  3.965e-01  2.193e-01  2.782e-01  0.000e+00
   7975  2.11809e+00  1.321e+00  7.969e-01  0.000e+00 -6.284e-01  1.950e+00  2.204e-01  3.016e-01  2.749e-01  0.000e+00
   8000  2.01405e+00  1.321e+00  6.926e-01  0.000e+00 -6.275e-01  1.949e+00  2.299e-01  2.318e-01  2.309e-01  0.000e+00
   8025  2.11151e+00  1.321e+00  7.905e-01  0.000e+00 -6.273e-01  1.948e+00  3.066e-01  2.586e-01  2.254e-01  0.000e+00
   8050  2.12851e+00  1.328e+00  8.008e-01  0.000e+00 -6.256e-01  1.953e+00  2.529e-01  2.842e-01  2.637e-01  0.000e+00
   8075  2.39744e+00  1.332e+00  1.065e+00  0.000e+00 -6.248e-01  1.957e+00  4.194e-01  3.606e-01  2.852e-01  0.000e+00
   8100  2.26556e+00  1.328e+00  9.377e-01  0.000e+00 -6.254e-01  1.953e+00  3.620e-01  2.944e-01  2.813e-01  0.000e+00
   8125  2.23041e+00  1.324e+00  9.065e-01  0.000e+00 -6.246e-01  1.949e+00  3.603e-01  3.119e-01  2.343e-01  0.000e+00
   8150  2.23167e+00  1.322e+00  9.100e-01  0.000e+00 -6.244e-01  1.946e+00  3.138e-01  3.747e-01  2.215e-01  0.000e+00
   8175  2.35363e+00  1.322e+00  1.032e+00  0.000e+00 -6.243e-01  1.946e+00  3.274e-01  4.091e-01  2.953e-01  0.000e+00
   8200  2.41992e+00  1.326e+00  1.094e+00  0.000e+00 -6.234e-01  1.950e+00  3.411e-01  4.708e-01  2.817e-01  0.000e+00
   8225  2.26462e+00  1.326e+00  9.383e-01  0.000e+00 -6.236e-01  1.950e+00  3.143e-01  3.548e-01  2.693e-01  0.000e+00
   8250  2.17253e+00  1.320e+00  8.521e-01  0.000e+00 -6.231e-01  1.944e+00  2.617e-01  3.689e-01  2.216e-01  0.000e+00
   8275  2.26016e+00  1.327e+00  9.332e-01  0.000e+00 -6.233e-01  1.950e+00  2.418e-01  4.510e-01  2.404e-01  0.000e+00
   8300  2.24954e+00  1.326e+00  9.235e-01  0.000e+00 -6.236e-01  1.950e+00  2.838e-01  3.936e-01  2.461e-01  0.000e+00
   8325  2.37054e+00  1.330e+00  1.041e+00  0.000e+00 -6.234e-01  1.953e+00  3.913e-01  4.483e-01  2.013e-01  0.000e+00
   8350  2.51053e+00  1.329e+00  1.182e+00  0.000e+00 -6.236e-01  1.953e+00  3.482e-01  6.023e-01  2.311e-01  0.000e+00
   8375  2.45265e+00  1.328e+00  1.125e+00  0.000e+00 -6.241e-01  1.952e+00  3.550e-01  6.401e-01  1.295e-01  0.000e+00
   8400  2.43257e+00  1.330e+00  1.102e+00  0.000e+00 -6.234e-01  1.954e+00  3.866e-01  5.676e-01  1.479e-01  0.000e+00
   8425  2.26199e+00  1.325e+00  9.367e-01  0.000e+00 -6.231e-01  1.948e+00  3.777e-01  4.099e-01  1.491e-01  0.000e+00
   8450  2.26588e+00  1.322e+00  9.443e-01  0.000e+00 -6.232e-01  1.945e+00  3.148e-01  4.696e-01  1.599e-01  0.000e+00
   8475  2.43407e+00  1.321e+00  1.113e+00  0.000e+00 -6.226e-01  1.944e+00  5.216e-01  4.109e-01  1.804e-01  0.000e+00
   8500  2.58477e+00  1.327e+00  1.258e+00  0.000e+00 -6.218e-01  1.948e+00  6.225e-01  4.458e-01  1.898e-01  0.000e+00
   8525  2.65447e+00  1.328e+00  1.327e+00  0.000e+00 -6.217e-01  1.949e+00  5.741e-01  5.176e-01  2.352e-01  0.000e+00
   8550  2.46473e+00  1.325e+00  1.140e+00  0.000e+00 -6.223e-01  1.947e+00  3.962e-01  5.900e-01  1.533e-01  0.000e+00
   8575  2.32428e+00  1.321e+00  1.003e+00  0.000e+00 -6.227e-01  1.944e+00  4.078e-01  4.661e-01  1.293e-01  0.000e+00
   8600  2.04777e+00  1.321e+00  7.266e-01  0.000e+00 -6.235e-01  1.945e+00  1.401e-01  4.385e-01  1.479e-01  0.000e+00
   8625  2.12855e+00  1.326e+00  8.026e-01  0.000e+00 -6.226e-01  1.949e+00  2.957e-01  3.331e-01  1.737e-01  0.000e+00
   8650  2.19303e+00  1.322e+00  8.712e-01  0.000e+00 -6.221e-01  1.944e+00  2.997e-01  3.944e-01  1.771e-01  0.000e+00
   8675  2.32836e+00  1.323e+00  1.005e+00  0.000e+00 -6.227e-01  1.946e+00  4.155e-01  3.580e-01  2.318e-01  0.000e+00
   8700  2.43725e+00  1.325e+00  1.112e+00  0.000e+00 -6.236e-01  1.949e+00  3.803e-01  3.729e-01  3.588e-01  0.000e+00
   8725  2.56368e+00  1.321e+00  1.242e+00  0.000e+00 -6.241e-01  1.945e+00  3.511e-01  4.859e-01  4.055e-01  0.000e+00
   8750  2.45505e+00  1.324e+00  1.131e+00  0.000e+00 -6.237e-01  1.947e+00  4.146e-01  3.291e-01  3.876e-01  0.000e+00
   8775  2.37069e+00  1.325e+00  1.046e+00  0.000e+00 -6.235e-01  1.948e+00  2.420e-01  4.291e-01  3.749e-01  0.000e+00
   8800  2.26313e+00  1.322e+00  9.408e-01  0.000e+00 -6.240e-01  1.946e+00  3.254e-01  3.874e-01  2.280e-01  0.000e+00
   8825  2.23437e+00  1.325e+00  9.094e-01  0.000e+00 -6.243e-01  1.949e+00  3.756e-01  3.119e-01  2.219e-01  0.000e+00
   8850  2.50839e+00  1.324e+00  1.185e+00  0.000e+00 -6.247e-01  1.948e+00  6.707e-01  3.566e-01  1.575e-01  0.000e+00
   8875  2.49524e+00  1.319e+00  1.176e+00  0.000e+00 -6.243e-01  1.943e+00  6.023e-01  4.283e-01  1.454e-01  0.000e+00
   8900  2.44900e+00  1.319e+00  1.130e+00  0.000e+00 -6.235e-01  1.942e+00  5.187e-01  4.141e-01  1.976e-01  0.000e+00
   8925  2.28560e+00  1.320e+00  9.652e-01  0.000e+00 -6.236e-01  1.944e+00  3.502e-01  4.073e-01  2.078e-01  0.000e+00
   8950  2.46790e+00  1.317e+00  1.151e+00  0.000e+00 -6.242e-01  1.941e+00  4.824e-01  5.199e-01  1.485e-01  0.000e+00
   8975  2.50247e+00  1.322e+00  1.181e+00  0.000e+00 -6.240e-01  1.946e+00  3.929e-01  6.167e-01  1.712e-01  0.000e+00
   9000  2.38747e+00  1.318e+00  1.070e+00  0.000e+00 -6.239e-01  1.942e+00  3.775e-01  4.334e-01  2.589e-01  0.000e+00
   9025  2.59567e+00  1.317e+00  1.279e+00  0.000e+00 -6.232e-01  1.940e+00  4.897e-01  5.661e-01  2.232e-01  0.000e+00
   9050  2.26107e+00  1.322e+00  9.386e-01  0.000e+00 -6.238e-01  1.946e+00  3.763e-01  3.687e-01  1.935e-01  0.000e+00
   9075  2.15004e+00  1.320e+00  8.298e-01  0.000e+00 -6.228e-01  1.943e+00  3.284e-01  3.231e-01  1.783e-01  0.000e+00
   9100  2.24492e+00  1.318e+00  9.265e-01  0.000e+00 -6.213e-01  1.940e+00  3.302e-01  4.134e-01  1.830e-01  0.000e+00
   9125  2.32722e+00  1.318e+00  1.009e+00  0.000e+00 -6.207e-01  1.939e+00  4.694e-01  3.237e-01  2.158e-01  0.000e+00
   9150  2.34457e+00  1.322e+00  1.022e+00  0.000e+00 -6.210e-01  1.943e+00  4.510e-01  3.402e-01  2.312e-01  0.000e+00
   9175  2.01329e+00  1.322e+00  6.917e-01  0.000e+00 -6.203e-01  1.942e+00  2.626e-01  2.768e-01  1.523e-01  0.000e+00
   9200  2.05286e+00  1.326e+00  7.272e-01  0.000e+00 -6.199e-01  1.946e+00  2.241e-01  3.404e-01  1.626e-01  0.000e+00
   9225  2.25314e+00  1.327e+00  9.264e-01  0.000e+00 -6.192e-01  1.946e+00  4.216e-01  3.607e-01  1.441e-01  0.000e+00
   9250  2.50775e+00  1.330e+00  1.177e+00  0.000e+00 -6.199e-01  1.950e+00  4.239e-01  5.603e-01  1.931e-01  0.000e+00
   9275  2.52287e+00  1.324e+00  1.199e+00  0.000e+00 -6.189e-01  1.943e+00  5.996e-01  3.709e-01  2.286e-01  0.000e+00
   9300  2.17911e+00  1.326e+00  8.535e-01  0.000e+00 -6.187e-01  1.944e+00  3.342e-01  3.597e-01  1.595e-01  0.000e+00
   9325  2.32900e+00  1.324e+00  1.005e+00  0.000e+00 -6.184e-01  1.942e+00  5.028e-01  3.100e-01  1.926e-01  0.000e+00
   9350  2.56584e+00  1.326e+00  1.240e+00  0.000e+00 -6.184e-01  1.944e+00  6.737e-01  3.426e-01  2.239e-01  0.000e+00
   9375  2.36320e+00  1.327e+00  1.037e+00  0.000e+00 -6.187e-01  1.945e+00  4.661e-01  3.288e-01  2.417e-01  0.000e+00
   9400  2.37779e+00  1.327e+00  1.051e+00  0.000e+00 -6.185e-01  1.945e+00  4.405e-01  4.171e-01  1.934e-01  0.000e+00
   9425  2.34504e+00  1.334e+00  1.011e+00  0.000e+00 -6.178e-01  1.952e+00  4.876e-01  3.655e-01  1.579e-01  0.000e+00
   9450  2.42297e+00  1.332e+00  1.091e+00  0.000e+00 -6.181e-01  1.950e+00  5.081e-01  3.858e-01  1.970e-01  0.000e+00
   9475  2.22694e+00  1.329e+00  8.984e-01  0.000e+00 -6.178e-01  1.946e+00  3.959e-01  3.196e-01  1.829e-01  0.000e+00
   9500  2.10540e+00  1.328e+00  7.772e-01  0.000e+00 -6.181e-01  1.946e+00  3.868e-01  1.892e-01  2.012e-01  0.000e+00
   9525  2.18351e+00  1.329e+00  8.547e-01  0.000e+00 -6.194e-01  1.948e+00  4.677e-01  1.639e-01  2.231e-01  0.000e+00
   9550  2.24842e+00  1.331e+00  9.172e-01  0.000e+00 -6.183e-01  1.950e+00  3.507e-01  3.484e-01  2.180e-01  0.000e+00
   9575  2.22322e+00  1.332e+00  8.913e-01  0.000e+00 -6.185e-01  1.950e+00  3.258e-01  3.400e-01  2.254e-01  0.000e+00
   9600  2.38785e+00  1.335e+00  1.053e+00  0.000e+00 -6.181e-01  1.953e+00  5.065e-01  3.296e-01  2.171e-01  0.000e+00
   9625  2.37333e+00  1.330e+00  1.043e+00  0.000e+00 -6.177e-01  1.948e+00  5.545e-01  2.479e-01  2.404e-01  0.000e+00
   9650  2.34373e+00  1.331e+00  1.012e+00  0.000e+00 -6.178e-01  1.949e+00  5.209e-01  2.276e-01  2.638e-01  0.000e+00
   9675  2.43597e+00  1.334e+00  1.102e+00  0.000e+00 -6.157e-01  1.949e+00  4.128e-01  3.197e-01  3.697e-01  0.000e+00
   9700  2.35459e+00  1.331e+00  1.024e+00  0.000e+00 -6.159e-01  1.947e+00  4.234e-01  3.161e-01  2.845e-01  0.000e+00
   9725  2.41363e+00  1.332e+00  1.082e+00  0.000e+00 -6.156e-01  1.947e+00  4.722e-01  3.077e-01  3.018e-01  0.000e+00
   9750  2.45892e+00  1.331e+00  1.128e+00  0.000e+00 -6.131e-01  1.944e+00  4.682e-01  3.248e-01  3.345e-01  0.000e+00
   9775  2.40892e+00  1.327e+00  1.081e+00  0.000e+00 -6.133e-01  1.941e+00  4.042e-01  3.940e-01  2.832e-01  0.000e+00
   9800  2.54039e+00  1.327e+00  1.213e+00  0.000e+00 -6.155e-01  1.943e+00  4.936e-01  4.449e-01  2.746e-01  0.000e+00
   9825  2.60345e+00  1.329e+00  1.275e+00  0.000e+00 -6.159e-01  1.945e+00  5.534e-01  3.903e-01  3.310e-01  0.000e+00
   9850  2.22191e+00  1.329e+00  8.930e-01  0.000e+00 -6.162e-01  1.945e+00  3.700e-01  2.953e-01  2.278e-01  0.000e+00
   9875  2.07386e+00  1.330e+00  7.434e-01  0.000e+00 -6.139e-01  1.944e+00  2.791e-01  2.732e-01  1.912e-01  0.000e+00
   9900  2.23167e+00  1.340e+00  8.918e-01  0.000e+00 -6.129e-01  1.953e+00  3.454e-01  3.776e-01  1.688e-01  0.000e+00
   9925  2.31214e+00  1.335e+00  9.767e-01  0.000e+00 -6.106e-01  1.946e+00  3.456e-01  4.223e-01  2.088e-01  0.000e+00
   9950  2.47236e+00  1.334e+00  1.138e+00  0.000e+00 -6.110e-01  1.945e+00  4.524e-01  4.020e-01  2.837e-01  0.000e+00
   9975  2.50438e+00  1.334e+00  1.170e+00  0.000e+00 -6.123e-01  1.946e+00  5.133e-01  3.894e-01  2.676e-01  0.000e+00
  10000  2.56344e+00  1.335e+00  1.229e+00  0.000e+00 -6.140e-01  1.949e+00  5.847e-01  3.631e-01  2.811e-01  0.000e+00
  10025  2.46920e+00  1.333e+00  1.136e+00  0.000e+00 -6.133e-01  1.946e+00  5.066e-01  3.557e-01  2.741e-01  0.000e+00
  10050  2.50253e+00  1.324e+00  1.178e+00  0.000e+00 -6.135e-01  1.938e+00  6.670e-01  3.004e-01  2.110e-01  0.000e+00
  10075  2.38569e+00  1.330e+00  1.056e+00  0.000e+00 -6.142e-01  1.944e+00  3.967e-01  3.982e-01  2.612e-01  0.000e+00
  10100  2.48591e+00  1.329e+00  1.157e+00  0.000e+00 -6.143e-01  1.943e+00  3.986e-01  4.253e-01  3.330e-01  0.000e+00
  10125  2.35854e+00  1.332e+00  1.026e+00  0.000e+00 -6.161e-01  1.948e+00  3.604e-01  3.151e-01  3.509e-01  0.000e+00
  10150  2.40647e+00  1.325e+00  1.082e+00  0.000e+00 -6.158e-01  1.941e+00  5.456e-01  2.600e-01  2.761e-01  0.000e+00
  10175  2.41194e+00  1.322e+00  1.090e+00  0.000e+00 -6.152e-01  1.938e+00  6.040e-01  2.505e-01  2.350e-01  0.000e+00
  10200  2.51438e+00  1.329e+00  1.185e+00  0.000e+00 -6.142e-01  1.943e+00  7.042e-01  3.049e-01  1.760e-01  0.000e+00
  10225  2.12565e+00  1.328e+00  7.977e-01  0.000e+00 -6.118e-01  1.940e+00  4.325e-01  2.223e-01  1.429e-01  0.000e+00
  10250  2.00459e+00  1.330e+00  6.741e-01  0.000e+00 -6.119e-01  1.942e+00  2.777e-01  2.678e-01  1.287e-01  0.000e+00
  10275  1.87451e+00  1.330e+00  5.447e-01  0.000e+00 -6.124e-01  1.942e+00  2.555e-01  1.791e-01  1.101e-01  0.000e+00
  10300  1.94848e+00  1.330e+00  6.182e-01  0.000e+00 -6.131e-01  1.943e+00  2.595e-01  1.724e-01  1.863e-01  0.000e+00
  10325  2.08529e+00  1.330e+00  7.556e-01  0.000e+00 -6.136e-01  1.943e+00  3.207e-01  2.200e-01  2.149e-01  0.000e+00
  10350  2.11119e+00  1.332e+00  7.793e-01  0.000e+00 -6.128e-01  1.945e+00  3.034e-01  1.667e-01  3.092e-01  0.000e+00
  10375  2.19183e+00  1.337e+00  8.552e-01  0.000e+00 -6.123e-01  1.949e+00  3.402e-01  1.810e-01  3.340e-01  0.000e+00
  10400  2.08729e+00  1.331e+00  7.567e-01  0.000e+00 -6.136e-01  1.944e+00  3.086e-01  2.199e-01  2.282e-01  0.000e+00
  10425  1.94321e+00  1.330e+00  6.134e-01  0.000e+00 -6.146e-01  1.944e+00  2.326e-01  1.843e-01  1.965e-01  0.000e+00
  10450  2.11869e+00  1.330e+00  7.884e-01  0.000e+00 -6.145e-01  1.945e+00  3.227e-01  3.089e-01  1.567e-01  0.000e+00
  10475  2.07155e+00  1.330e+00  7.411e-01  0.000e+00 -6.139e-01  1.944e+00  3.346e-01  2.258e-01  1.807e-01  0.000e+00
  10500  1.93852e+00  1.331e+00  6.080e-01  0.000e+00 -6.151e-01  1.946e+00  2.817e-01  1.957e-01  1.306e-01  0.000e+00
  10525  2.03116e+00  1.333e+00  6.984e-01  0.000e+00 -6.143e-01  1.947e+00  3.416e-01  1.990e-01  1.578e-01  0.000e+00
  10550  1.95906e+00  1.337e+00  6.224e-01  0.000e+00 -6.144e-01  1.951e+00  3.056e-01  1.544e-01  1.624e-01  0.000e+00
  10575  2.02445e+00  1.336e+00  6.884e-01  0.000e+00 -6.138e-01  1.950e+00  3.897e-01  1.294e-01  1.693e-01  0.000e+00
  10600  1.72577e+00  1.336e+00  3.898e-01  0.000e+00 -6.157e-01  1.952e+00  2.329e-01  6.008e-02  9.683e-02  0.000e+00
  10625  1.91941e+00  1.337e+00  5.824e-01  0.000e+00 -6.142e-01  1.951e+00  3.848e-01  7.650e-02  1.212e-01  0.000e+00
  10650  1.89529e+00  1.332e+00  5.637e-01  0.000e+00 -6.145e-01  1.946e+00  3.243e-01  8.233e-02  1.570e-01  0.000e+00
  10675  1.90561e+00  1.337e+00  5.687e-01  0.000e+00 -6.139e-01  1.951e+00  3.066e-01  7.767e-02  1.844e-01  0.000e+00
  10700  1.86650e+00  1.335e+00  5.317e-01  0.000e+00 -6.135e-01  1.948e+00  2.774e-01  1.023e-01  1.520e-01  0.000e+00
  10725  2.01889e+00  1.332e+00  6.869e-01  0.000e+00 -6.134e-01  1.945e+00  3.953e-01  1.406e-01  1.510e-01  0.000e+00
  10750  1.96153e+00  1.332e+00  6.295e-01  0.000e+00 -6.135e-01  1.946e+00  3.329e-01  1.164e-01  1.802e-01  0.000e+00
  10775  1.99844e+00  1.335e+00  6.638e-01  0.000e+00 -6.112e-01  1.946e+00  3.080e-01  1.294e-01  2.264e-01  0.000e+00
  10800  2.14107e+00  1.332e+00  8.092e-01  0.000e+00 -6.118e-01  1.944e+00  4.050e-01  1.817e-01  2.225e-01  0.000e+00
  10825  1.98079e+00  1.337e+00  6.435e-01  0.000e+00 -6.107e-01  1.948e+00  2.490e-01  2.157e-01  1.787e-01  0.000e+00
  10850  1.84080e+00  1.335e+00  5.059e-01  0.000e+00 -6.113e-01  1.946e+00  1.566e-01  1.415e-01  2.079e-01  0.000e+00
  10875  1.92219e+00  1.335e+00  5.870e-01  0.000e+00 -6.119e-01  1.947e+00  1.828e-01  1.740e-01  2.303e-01  0.000e+00
  10900  2.11390e+00  1.333e+00  7.810e-01  0.000e+00 -6.115e-01  1.944e+00  3.341e-01  1.993e-01  2.476e-01  0.000e+00
  10925  2.18744e+00  1.335e+00  8.528e-01  0.000e+00 -6.115e-01  1.946e+00  3.801e-01  1.699e-01  3.028e-01  0.000e+00
  10950  2.06662e+00  1.333e+00  7.337e-01  0.000e+00 -6.126e-01  1.946e+00  2.665e-01  2.026e-01  2.646e-01  0.000e+00
  10975  2.08357e+00  1.334e+00  7.497e-01  0.000e+00 -6.132e-01  1.947e+00  2.624e-01  2.003e-01  2.870e-01  0.000e+00
  11000  2.16351e+00  1.335e+00  8.287e-01  0.000e+00 -6.134e-01  1.948e+00  4.314e-01  1.918e-01  2.054e-01  0.000e+00
  11025  2.18359e+00  1.329e+00  8.547e-01  0.000e+00 -6.140e-01  1.943e+00  3.691e-01  2.400e-01  2.456e-01  0.000e+00
  11050  2.16689e+00  1.330e+00  8.373e-01  0.000e+00 -6.141e-01  1.944e+00  3.781e-01  2.501e-01  2.091e-01  0.000e+00
  11075  2.03178e+00  1.331e+00  7.009e-01  0.000e+00 -6.129e-01  1.944e+00  2.053e-01  2.822e-01  2.134e-01  0.000e+00
  11100  1.88995e+00  1.329e+00  5.608e-01  0.000e+00 -6.151e-01  1.944e+00  1.374e-01  2.258e-01  1.977e-01  0.000e+00
  11125  2.03912e+00  1.329e+00  7.106e-01  0.000e+00 -6.149e-01  1.943e+00  3.717e-01  1.626e-01  1.763e-01  0.000e+00
  11150  2.02544e+00  1.331e+00  6.949e-01  0.000e+00 -6.155e-01  1.946e+00  3.083e-01  1.726e-01  2.140e-01  0.000e+00
  11175  2.07030e+00  1.334e+00  7.360e-01  0.000e+00 -6.142e-01  1.949e+00  3.362e-01  1.401e-01  2.596e-01  0.000e+00
  11200  2.20154e+00  1.339e+00  8.628e-01  0.000e+00 -6.138e-01  1.953e+00  4.423e-01  1.960e-01  2.245e-01  0.000e+00
  11225  2.12352e+00  1.335e+00  7.889e-01  0.000e+00 -6.139e-01  1.948e+00  3.795e-01  2.236e-01  1.859e-01  0.000e+00
  11250  1.92746e+00  1.333e+00  5.942e-01  0.000e+00 -6.132e-01  1.947e+00  2.554e-01  1.883e-01  1.505e-01  0.000e+00
  11275  2.04787e+00  1.331e+00  7.171e-01  0.000e+00 -6.128e-01  1.944e+00  3.583e-01  2.051e-01  1.537e-01  0.000e+00
  11300  1.98874e+00  1.331e+00  6.575e-01  0.000e+00 -6.117e-01  1.943e+00  2.422e-01  2.682e-01  1.471e-01  0.000e+00
  11325  2.02856e+00  1.332e+00  6.964e-01  0.000e+00 -6.129e-01  1.945e+00  3.351e-01  1.981e-01  1.632e-01  0.000e+00
  11350  2.09639e+00  1.333e+00  7.636e-01  0.000e+00 -6.122e-01  1.945e+00  3.552e-01  2.453e-01  1.631e-01  0.000e+00
  11375  2.01214e+00  1.334e+00  6.785e-01  0.000e+00 -6.114e-01  1.945e+00  3.716e-01  1.634e-01  1.435e-01  0.000e+00
  11400  1.97796e+00  1.329e+00  6.491e-01  0.000e+00 -6.122e-01  1.941e+00  3.258e-01  1.693e-01  1.541e-01  0.000e+00
  11425  2.00649e+00  1.330e+00  6.767e-01  0.000e+00 -6.111e-01  1.941e+00  2.618e-01  1.679e-01  2.469e-01  0.000e+00
  11450  1.98407e+00  1.331e+00  6.527e-01  0.000e+00 -6.110e-01  1.942e+00  2.561e-01  1.803e-01  2.163e-01  0.000e+00
  11475  2.13703e+00  1.335e+00  8.016e-01  0.000e+00 -6.104e-01  1.946e+00  4.019e-01  1.852e-01  2.144e-01  0.000e+00
  11500  2.01555e+00  1.336e+00  6.798e-01  0.000e+00 -6.120e-01  1.948e+00  3.453e-01  1.617e-01  1.729e-01  0.000e+00
  11525  2.01460e+00  1.336e+00  6.786e-01  0.000e+00 -6.122e-01  1.948e+00  2.897e-01  2.371e-01  1.518e-01  0.000e+00
  11550  2.00386e+00  1.331e+00  6.731e-01  0.000e+00 -6.124e-01  1.943e+00  2.971e-01  1.554e-01  2.207e-01  0.000e+00
  11575  1.99439e+00  1.333e+00  6.616e-01  0.000e+00 -6.122e-01  1.945e+00  2.249e-01  2.071e-01  2.296e-01  0.000e+00
  11600  2.19601e+00  1.331e+00  8.647e-01  0.000e+00 -6.123e-01  1.944e+00  3.056e-01  2.963e-01  2.629e-01  0.000e+00
  11625  2.16866e+00  1.333e+00  8.361e-01  0.000e+00 -6.114e-01  1.944e+00  2.897e-01  3.131e-01  2.332e-01  0.000e+00
  11650  2.23357e+00  1.334e+00  8.999e-01  0.000e+00 -6.105e-01  1.944e+00  3.490e-01  3.352e-01  2.157e-01  0.000e+00
  11675  2.21646e+00  1.336e+00  8.808e-01  0.000e+00 -6.104e-01  1.946e+00  2.280e-01  4.187e-01  2.341e-01  0.000e+00
  11700  2.08733e+00  1.330e+00  7.573e-01  0.000e+00 -6.112e-01  1.941e+00  2.727e-01  2.896e-01  1.950e-01  0.000e+00
  11725  2.03703e+00  1.334e+00  7.031e-01  0.000e+00 -6.111e-01  1.945e+00  2.794e-01  2.056e-01  2.180e-01  0.000e+00
  11750  2.25469e+00  1.330e+00  9.249e-01  0.000e+00 -6.095e-01  1.939e+00  4.433e-01  2.245e-01  2.571e-01  0.000e+00
  11775  2.47019e+00  1.331e+00  1.139e+00  0.000e+00 -6.105e-01  1.942e+00  4.820e-01  3.407e-01  3.166e-01  0.000e+00
  11800  2.34049e+00  1.333e+00  1.008e+00  0.000e+00 -6.104e-01  1.943e+00  3.302e-01  3.083e-01  3.693e-01  0.000e+00
  11825  2.29104e+00  1.330e+00  9.608e-01  0.000e+00 -6.115e-01  1.942e+00  2.723e-01  3.187e-01  3.698e-01  0.000e+00
  11850  2.37986e+00  1.331e+00  1.048e+00  0.000e+00 -6.132e-01  1.945e+00  2.756e-01  3.863e-01  3.865e-01  0.000e+00
  11875  2.41618e+00  1.331e+00  1.085e+00  0.000e+00 -6.146e-01  1.946e+00  3.920e-01  3.994e-01  2.936e-01  0.000e+00
  11900  2.30453e+00  1.326e+00  9.787e-01  0.000e+00 -6.149e-01  1.941e+00  3.574e-01  3.978e-01  2.235e-01  0.000e+00
  11925  2.24187e+00  1.328e+00  9.139e-01  0.000e+00 -6.135e-01  1.941e+00  2.959e-01  3.839e-01  2.342e-01  0.000e+00
  11950  2.39687e+00  1.331e+00  1.066e+00  0.000e+00 -6.129e-01  1.944e+00  3.599e-01  4.748e-01  2.312e-01  0.000e+00
  11975  2.41277e+00  1.332e+00  1.080e+00  0.000e+00 -6.121e-01  1.945e+00  3.484e-01  5.371e-01  1.949e-01  0.000e+00
  12000  2.35027e+00  1.334e+00  1.016e+00  0.000e+00 -6.115e-01  1.945e+00  4.187e-01  3.563e-01  2.414e-01  0.000e+00
  12025  2.30641e+00  1.334e+00  9.729e-01  0.000e+00 -6.120e-01  1.946e+00  3.814e-01  3.287e-01  2.628e-01  0.000e+00
  12050  2.38493e+00  1.329e+00  1.056e+00  0.000e+00 -6.124e-01  1.941e+00  3.962e-01  3.714e-01  2.886e-01  0.000e+00
  12075  2.41863e+00  1.332e+00  1.087e+00  0.000e+00 -6.130e-01  1.944e+00  3.906e-01  3.652e-01  3.313e-01  0.000e+00
  12100  2.44905e+00  1.333e+00  1.116e+00  0.000e+00 -6.141e-01  1.947e+00  4.000e-01  3.640e-01  3.519e-01  0.000e+00
  12125  2.54657e+00  1.335e+00  1.212e+00  0.000e+00 -6.147e-01  1.949e+00  6.215e-01  2.780e-01  3.125e-01  0.000e+00
  12150  2.65127e+00  1.337e+00  1.314e+00  0.000e+00 -6.146e-01  1.952e+00  6.383e-01  4.015e-01  2.743e-01  0.000e+00
  12175  2.26970e+00  1.334e+00  9.357e-01  0.000e+00 -6.146e-01  1.949e+00  2.478e-01  3.569e-01  3.311e-01  0.000e+00
  12200  2.33889e+00  1.334e+00  1.004e+00  0.000e+00 -6.141e-01  1.949e+00  3.605e-01  3.132e-01  3.307e-01  0.000e+00
  12225  2.20372e+00  1.333e+00  8.705e-01  0.000e+00 -6.144e-01  1.948e+00  2.289e-01  2.733e-01  3.682e-01  0.000e+00
  12250  2.32109e+00  1.331e+00  9.897e-01  0.000e+00 -6.152e-01  1.947e+00  2.984e-01  3.203e-01  3.710e-01  0.000e+00
  12275  2.33562e+00  1.331e+00  1.004e+00  0.000e+00 -6.150e-01  1.946e+00  3.067e-01  3.157e-01  3.820e-01  0.000e+00
  12300  2.24533e+00  1.338e+00  9.071e-01  0.000e+00 -6.134e-01  1.952e+00  3.619e-01  1.756e-01  3.695e-01  0.000e+00
  12325  2.42540e+00  1.338e+00  1.087e+00  0.000e+00 -6.130e-01  1.951e+00  4.721e-01  2.431e-01  3.720e-01  0.000e+00
  12350  2.27258e+00  1.338e+00  9.344e-01  0.000e+00 -6.114e-01  1.950e+00  2.515e-01  2.620e-01  4.209e-01  0.000e+00
  12375  2.18726e+00  1.333e+00  8.546e-01  0.000e+00 -6.117e-01  1.944e+00  2.752e-01  1.974e-01  3.820e-01  0.000e+00
  12400  2.17444e+00  1.335e+00  8.398e-01  0.000e+00 -6.123e-01  1.947e+00  2.459e-01  2.702e-01  3.238e-01  0.000e+00
  12425  2.13900e+00  1.331e+00  8.078e-01  0.000e+00 -6.120e-01  1.943e+00  3.182e-01  1.933e-01  2.964e-01  0.000e+00
  12450  2.34008e+00  1.332e+00  1.008e+00  0.000e+00 -6.117e-01  1.944e+00  4.214e-01  2.462e-01  3.403e-01  0.000e+00
  12475  2.40967e+00  1.332e+00  1.078e+00  0.000e+00 -6.103e-01  1.942e+00  4.441e-01  2.772e-01  3.569e-01  0.000e+00
  12500  2.40720e+00  1.331e+00  1.076e+00  0.000e+00 -6.111e-01  1.943e+00  4.012e-01  2.958e-01  3.788e-01  0.000e+00
  12525  2.39922e+00  1.331e+00  1.068e+00  0.000e+00 -6.096e-01  1.940e+00  4.187e-01  2.745e-01  3.752e-01  0.000e+00
  12550  2.44731e+00  1.332e+00  1.115e+00  0.000e+00 -6.107e-01  1.943e+00  5.543e-01  2.115e-01  3.497e-01  0.000e+00
  12575  2.30339e+00  1.330e+00  9.738e-01  0.000e+00 -6.110e-01  1.941e+00  3.624e-01  2.930e-01  3.183e-01  0.000e+00
  12600  2.29426e+00  1.331e+00  9.630e-01  0.000e+00 -6.115e-01  1.943e+00  2.965e-01  3.408e-01  3.257e-01  0.000e+00
  12625  2.13446e+00  1.334e+00  8.009e-01  0.000e+00 -6.130e-01  1.947e+00  2.520e-01  2.749e-01  2.740e-01  0.000e+00
  12650  2.31035e+00  1.331e+00  9.791e-01  0.000e+00 -6.122e-01  1.943e+00  3.938e-01  3.064e-01  2.789e-01  0.000e+00
  12675  2.28969e+00  1.332e+00  9.572e-01  0.000e+00 -6.128e-01  1.945e+00  2.593e-01  3.896e-01  3.084e-01  0.000e+00
  12700  2.23856e+00  1.331e+00  9.074e-01  0.000e+00 -6.121e-01  1.943e+00  2.585e-01  3.730e-01  2.760e-01  0.000e+00
  12725  2.31176e+00  1.332e+00  9.802e-01  0.000e+00 -6.111e-01  1.943e+00  3.438e-01  3.433e-01  2.931e-01  0.000e+00
  12750  2.27099e+00  1.329e+00  9.417e-01  0.000e+00 -6.117e-01  1.941e+00  2.894e-01  3.091e-01  3.431e-01  0.000e+00
  12775  2.35560e+00  1.331e+00  1.025e+00  0.000e+00 -6.125e-01  1.944e+00  3.574e-01  2.774e-01  3.897e-01  0.000e+00
  12800  2.31198e+00  1.330e+00  9.816e-01  0.000e+00 -6.130e-01  1.943e+00  2.765e-01  3.571e-01  3.480e-01  0.000e+00
  12825  2.16201e+00  1.335e+00  8.274e-01  0.000e+00 -6.122e-01  1.947e+00  3.516e-01  2.199e-01  2.560e-01  0.000e+00
  12850  2.19984e+00  1.327e+00  8.728e-01  0.000e+00 -6.134e-01  1.941e+00  4.586e-01  1.329e-01  2.813e-01  0.000e+00
  12875  2.21068e+00  1.323e+00  8.878e-01  0.000e+00 -6.125e-01  1.935e+00  5.098e-01  1.124e-01  2.656e-01  0.000e+00
  12900  2.27491e+00  1.328e+00  9.474e-01  0.000e+00 -6.130e-01  1.941e+00  3.835e-01  2.663e-01  2.976e-01  0.000e+00
  12925  2.15541e+00  1.329e+00  8.263e-01  0.000e+00 -6.135e-01  1.943e+00  3.687e-01  1.646e-01  2.930e-01  0.000e+00
  12950  2.30184e+00  1.328e+00  9.736e-01  0.000e+00 -6.134e-01  1.942e+00  5.113e-01  1.828e-01  2.795e-01  0.000e+00
  12975  2.20344e+00  1.330e+00  8.739e-01  0.000e+00 -6.130e-01  1.943e+00  4.980e-01  1.791e-01  1.968e-01  0.000e+00
  13000  2.03201e+00  1.332e+00  6.999e-01  0.000e+00 -6.139e-01  1.946e+00  2.568e-01  2.961e-01  1.469e-01  0.000e+00
  13025  2.17374e+00  1.329e+00  8.443e-01  0.000e+00 -6.135e-01  1.943e+00  3.188e-01  3.195e-01  2.060e-01  0.000e+00
  13050  2.38388e+00  1.329e+00  1.055e+00  0.000e+00 -6.141e-01  1.943e+00  3.722e-01  4.762e-01  2.062e-01  0.000e+00
  13075  2.21149e+00  1.331e+00  8.802e-01  0.000e+00 -6.135e-01  1.945e+00  2.814e-01  3.458e-01  2.529e-01  0.000e+00
  13100  1.96330e+00  1.333e+00  6.301e-01  0.000e+00 -6.146e-01  1.948e+00  2.071e-01  2.200e-01  2.030e-01  0.000e+00
  13125  2.12765e+00  1.329e+00  7.990e-01  0.000e+00 -6.164e-01  1.945e+00  3.264e-01  2.252e-01  2.474e-01  0.000e+00
  13150  2.30204e+00  1.331e+00  9.708e-01  0.000e+00 -6.162e-01  1.947e+00  4.797e-01  2.556e-01  2.355e-01  0.000e+00
  13175  2.47260e+00  1.330e+00  1.142e+00  0.000e+00 -6.174e-01  1.948e+00  6.351e-01  2.451e-01  2.620e-01  0.000e+00
  13200  2.31584e+00  1.331e+00  9.847e-01  0.000e+00 -6.151e-01  1.946e+00  4.576e-01  2.231e-01  3.040e-01  0.000e+00
  13225  2.28686e+00  1.333e+00  9.539e-01  0.000e+00 -6.154e-01  1.948e+00  4.909e-01  2.083e-01  2.547e-01  0.000e+00
  13250  2.13730e+00  1.331e+00  8.059e-01  0.000e+00 -6.153e-01  1.947e+00  3.025e-01  2.474e-01  2.561e-01  0.000e+00
  13275  2.12205e+00  1.333e+00  7.888e-01  0.000e+00 -6.138e-01  1.947e+00  3.556e-01  1.949e-01  2.382e-01  0.000e+00
  13300  2.33334e+00  1.331e+00  1.003e+00  0.000e+00 -6.144e-01  1.945e+00  4.090e-01  3.216e-01  2.722e-01  0.000e+00
  13325  2.18662e+00  1.328e+00  8.590e-01  0.000e+00 -6.158e-01  1.943e+00  2.591e-01  3.219e-01  2.781e-01  0.000e+00
  13350  2.15719e+00  1.328e+00  8.290e-01  0.000e+00 -6.167e-01  1.945e+00  2.622e-01  2.767e-01  2.901e-01  0.000e+00
  13375  2.22670e+00  1.331e+00  8.956e-01  0.000e+00 -6.157e-01  1.947e+00  3.420e-01  2.771e-01  2.764e-01  0.000e+00
  13400  2.37634e+00  1.332e+00  1.045e+00  0.000e+00 -6.150e-01  1.947e+00  4.499e-01  2.128e-01  3.820e-01  0.000e+00
  13425  2.26214e+00  1.328e+00  9.337e-01  0.000e+00 -6.164e-01  1.945e+00  3.386e-01  1.548e-01  4.403e-01  0.000e+00
  13450  2.18497e+00  1.334e+00  8.507e-01  0.000e+00 -6.172e-01  1.951e+00  3.270e-01  1.370e-01  3.867e-01  0.000e+00
  13475  2.39224e+00  1.329e+00  1.063e+00  0.000e+00 -6.178e-01  1.947e+00  4.886e-01  1.881e-01  3.866e-01  0.000e+00
  13500  2.24138e+00  1.332e+00  9.091e-01  0.000e+00 -6.167e-01  1.949e+00  4.002e-01  2.468e-01  2.622e-01  0.000e+00
  13525  2.09263e+00  1.330e+00  7.630e-01  0.000e+00 -6.168e-01  1.946e+00  3.315e-01  2.165e-01  2.151e-01  0.000e+00
  13550  2.23194e+00  1.334e+00  8.984e-01  0.000e+00 -6.166e-01  1.950e+00  5.010e-01  1.663e-01  2.311e-01  0.000e+00
  13575  2.06149e+00  1.336e+00  7.257e-01  0.000e+00 -6.167e-01  1.953e+00  2.995e-01  1.986e-01  2.276e-01  0.000e+00
  13600  2.03595e+00  1.337e+00  6.993e-01  0.000e+00 -6.165e-01  1.953e+00  2.580e-01  2.171e-01  2.243e-01  0.000e+00
  13625  1.93413e+00  1.331e+00  6.034e-01  0.000e+00 -6.165e-01  1.947e+00  3.078e-01  1.656e-01  1.300e-01  0.000e+00
  13650  2.16825e+00  1.333e+00  8.349e-01  0.000e+00 -6.155e-01  1.949e+00  4.613e-01  2.097e-01  1.639e-01  0.000e+00
  13675  2.19618e+00  1.336e+00  8.600e-01  0.000e+00 -6.158e-01  1.952e+00  3.945e-01  2.838e-01  1.818e-01  0.000e+00
  13700  2.19333e+00  1.332e+00  8.613e-01  0.000e+00 -6.149e-01  1.947e+00  4.404e-01  2.747e-01  1.462e-01  0.000e+00
  13725  2.14431e+00  1.333e+00  8.112e-01  0.000e+00 -6.153e-01  1.948e+00  3.715e-01  2.134e-01  2.263e-01  0.000e+00
  13750  2.18466e+00  1.331e+00  8.535e-01  0.000e+00 -6.182e-01  1.949e+00  4.391e-01  1.850e-01  2.294e-01  0.000e+00
  13775  2.01838e+00  1.332e+00  6.865e-01  0.000e+00 -6.182e-01  1.950e+00  3.162e-01  1.717e-01  1.986e-01  0.000e+00
  13800  2.18044e+00  1.331e+00  8.497e-01  0.000e+00 -6.174e-01  1.948e+00  3.172e-01  2.326e-01  3.000e-01  0.000e+00
  13825  2.09507e+00  1.333e+00  7.624e-01  0.000e+00 -6.190e-01  1.952e+00  2.964e-01  2.112e-01  2.547e-01  0.000e+00
  13850  2.06784e+00  1.332e+00  7.358e-01  0.000e+00 -6.204e-01  1.952e+00  1.991e-01  3.053e-01  2.314e-01  0.000e+00
  13875  2.10002e+00  1.333e+00  7.668e-01  0.000e+00 -6.209e-01  1.954e+00  1.949e-01  3.530e-01  2.189e-01  0.000e+00
  13900  2.06806e+00  1.331e+00  7.367e-01  0.000e+00 -6.207e-01  1.952e+00  2.548e-01  2.845e-01  1.974e-01  0.000e+00
  13925  2.08643e+00  1.331e+00  7.553e-01  0.000e+00 -6.197e-01  1.951e+00  3.408e-01  1.991e-01  2.153e-01  0.000e+00
  13950  2.20449e+00  1.329e+00  8.753e-01  0.000e+00 -6.205e-01  1.950e+00  4.830e-01  1.350e-01  2.574e-01  0.000e+00
  13975  2.13612e+00  1.330e+00  8.064e-01  0.000e+00 -6.211e-01  1.951e+00  2.644e-01  2.403e-01  3.018e-01  0.000e+00
  14000  2.17536e+00  1.325e+00  8.502e-01  0.000e+00 -6.212e-01  1.946e+00  2.826e-01  2.698e-01  2.978e-01  0.000e+00
  14025  2.17701e+00  1.322e+00  8.546e-01  0.000e+00 -6.220e-01  1.944e+00  3.909e-01  2.294e-01  2.343e-01  0.000e+00
  14050  2.14628e+00  1.322e+00  8.242e-01  0.000e+00 -6.227e-01  1.945e+00  3.023e-01  2.843e-01  2.377e-01  0.000e+00
  14075  2.46828e+00  1.323e+00  1.145e+00  0.000e+00 -6.233e-01  1.947e+00  3.820e-01  4.836e-01  2.793e-01  0.000e+00
  14100  2.28628e+00  1.320e+00  9.663e-01  0.000e+00 -6.249e-01  1.945e+00  3.026e-01  3.670e-01  2.967e-01  0.000e+00
  14125  2.18283e+00  1.320e+00  8.625e-01  0.000e+00 -6.249e-01  1.945e+00  2.704e-01  2.547e-01  3.374e-01  0.000e+00
  14150  2.11139e+00  1.319e+00  7.928e-01  0.000e+00 -6.253e-01  1.944e+00  2.981e-01  2.114e-01  2.833e-01  0.000e+00
  14175  2.05053e+00  1.321e+00  7.297e-01  0.000e+00 -6.249e-01  1.946e+00  2.659e-01  1.245e-01  3.392e-01  0.000e+00
  14200  1.96831e+00  1.324e+00  6.447e-01  0.000e+00 -6.253e-01  1.949e+00  1.541e-01  1.812e-01  3.094e-01  0.000e+00
  14225  2.08748e+00  1.319e+00  7.680e-01  0.000e+00 -6.251e-01  1.945e+00  2.088e-01  2.198e-01  3.394e-01  0.000e+00
  14250  2.09824e+00  1.322e+00  7.762e-01  0.000e+00 -6.261e-01  1.948e+00  2.337e-01  2.114e-01  3.312e-01  0.000e+00
  14275  2.14070e+00  1.318e+00  8.231e-01  0.000e+00 -6.234e-01  1.941e+00  3.728e-01  1.878e-01  2.625e-01  0.000e+00
  14300  2.15539e+00  1.319e+00  8.362e-01  0.000e+00 -6.234e-01  1.943e+00  3.184e-01  1.962e-01  3.216e-01  0.000e+00
  14325  2.14988e+00  1.322e+00  8.282e-01  0.000e+00 -6.239e-01  1.946e+00  3.152e-01  1.850e-01  3.280e-01  0.000e+00
  14350  2.22908e+00  1.325e+00  9.044e-01  0.000e+00 -6.229e-01  1.948e+00  4.859e-01  1.086e-01  3.099e-01  0.000e+00
  14375  2.22947e+00  1.325e+00  9.044e-01  0.000e+00 -6.230e-01  1.948e+00  4.767e-01  1.415e-01  2.863e-01  0.000e+00
  14400  2.19242e+00  1.324e+00  8.681e-01  0.000e+00 -6.233e-01  1.948e+00  3.635e-01  1.599e-01  3.447e-01  0.000e+00
  14425  2.09330e+00  1.330e+00  7.632e-01  0.000e+00 -6.236e-01  1.954e+00  3.764e-01  8.466e-02  3.022e-01  0.000e+00
  14450  2.06695e+00  1.327e+00  7.397e-01  0.000e+00 -6.228e-01  1.950e+00  3.098e-01  1.278e-01  3.020e-01  0.000e+00
  14475  2.05694e+00  1.325e+00  7.322e-01  0.000e+00 -6.223e-01  1.947e+00  2.595e-01  1.793e-01  2.935e-01  0.000e+00
  14500  2.03868e+00  1.321e+00  7.173e-01  0.000e+00 -6.227e-01  1.944e+00  3.017e-01  1.472e-01  2.685e-01  0.000e+00
  14525  1.94121e+00  1.321e+00  6.205e-01  0.000e+00 -6.232e-01  1.944e+00  2.047e-01  9.851e-02  3.173e-01  0.000e+00
  14550  2.18056e+00  1.321e+00  8.591e-01  0.000e+00 -6.222e-01  1.944e+00  3.405e-01  2.365e-01  2.822e-01  0.000e+00
  14575  2.06508e+00  1.325e+00  7.402e-01  0.000e+00 -6.208e-01  1.946e+00  3.713e-01  1.419e-01  2.270e-01  0.000e+00
  14600  2.04930e+00  1.325e+00  7.245e-01  0.000e+00 -6.213e-01  1.946e+00  2.596e-01  2.217e-01  2.432e-01  0.000e+00
  14625  2.24534e+00  1.321e+00  9.243e-01  0.000e+00 -6.220e-01  1.943e+00  3.727e-01  2.714e-01  2.802e-01  0.000e+00
  14650  2.27607e+00  1.316e+00  9.599e-01  0.000e+00 -6.215e-01  1.938e+00  4.051e-01  2.643e-01  2.906e-01  0.000e+00
  14675  2.14176e+00  1.318e+00  8.241e-01  0.000e+00 -6.219e-01  1.940e+00  4.170e-01  1.297e-01  2.773e-01  0.000e+00
  14700  2.04707e+00  1.318e+00  7.289e-01  0.000e+00 -6.236e-01  1.942e+00  2.470e-01  6.838e-02  4.135e-01  0.000e+00
  14725  1.97782e+00  1.323e+00  6.553e-01  0.000e+00 -6.245e-01  1.947e+00  1.320e-01  8.061e-02  4.427e-01  0.000e+00
  14750  2.11681e+00  1.317e+00  7.996e-01  0.000e+00 -6.258e-01  1.943e+00  2.881e-01  1.297e-01  3.818e-01  0.000e+00
  14775  2.28673e+00  1.324e+00  9.627e-01  0.000e+00 -6.252e-01  1.949e+00  4.599e-01  1.495e-01  3.533e-01  0.000e+00
  14800  2.11750e+00  1.324e+00  7.937e-01  0.000e+00 -6.239e-01  1.948e+00  3.051e-01  1.600e-01  3.286e-01  0.000e+00
  14825  2.44103e+00  1.322e+00  1.119e+00  0.000e+00 -6.254e-01  1.947e+00  3.543e-01  2.703e-01  4.943e-01  0.000e+00
  14850  2.23854e+00  1.320e+00  9.189e-01  0.000e+00 -6.254e-01  1.945e+00  3.557e-01  2.012e-01  3.619e-01  0.000e+00
  14875  2.29333e+00  1.320e+00  9.733e-01  0.000e+00 -6.248e-01  1.945e+00  3.374e-01  2.195e-01  4.164e-01  0.000e+00
  14900  2.34346e+00  1.318e+00  1.026e+00  0.000e+00 -6.259e-01  1.944e+00  3.115e-01  2.588e-01  4.553e-01  0.000e+00
  14925  2.57839e+00  1.320e+00  1.258e+00  0.000e+00 -6.264e-01  1.947e+00  5.943e-01  2.728e-01  3.911e-01  0.000e+00
  14950  2.42400e+00  1.322e+00  1.102e+00  0.000e+00 -6.263e-01  1.948e+00  4.252e-01  1.898e-01  4.868e-01  0.000e+00
  14975  2.25200e+00  1.318e+00  9.343e-01  0.000e+00 -6.276e-01  1.945e+00  2.345e-01  2.416e-01  4.583e-01  0.000e+00
  15000  2.24105e+00  1.316e+00  9.250e-01  0.000e+00 -6.277e-01  1.944e+00  2.677e-01  2.660e-01  3.913e-01  0.000e+00
  15025  2.13971e+00  1.318e+00  8.222e-01  0.000e+00 -6.287e-01  1.946e+00  3.880e-01  1.412e-01  2.931e-01  0.000e+00
  15050  2.16715e+00  1.317e+00  8.499e-01  0.000e+00 -6.278e-01  1.945e+00  3.807e-01  1.789e-01  2.903e-01  0.000e+00
  15075  2.18958e+00  1.315e+00  8.743e-01  0.000e+00 -6.284e-01  1.944e+00  3.966e-01  2.103e-01  2.675e-01  0.000e+00
  15100  2.13413e+00  1.314e+00  8.204e-01  0.000e+00 -6.277e-01  1.941e+00  4.412e-01  1.363e-01  2.429e-01  0.000e+00
  15125  2.08544e+00  1.312e+00  7.737e-01  0.000e+00 -6.276e-01  1.939e+00  3.923e-01  1.104e-01  2.710e-01  0.000e+00
  15150  2.16700e+00  1.315e+00  8.520e-01  0.000e+00 -6.273e-01  1.942e+00  3.474e-01  2.318e-01  2.728e-01  0.000e+00
  15175  2.08992e+00  1.321e+00  7.688e-01  0.000e+00 -6.251e-01  1.946e+00  4.067e-01  1.499e-01  2.122e-01  0.000e+00
  15200  1.99614e+00  1.319e+00  6.774e-01  0.000e+00 -6.266e-01  1.945e+00  2.736e-01  1.787e-01  2.252e-01  0.000e+00
  15225  2.01329e+00  1.316e+00  6.976e-01  0.000e+00 -6.279e-01  1.944e+00  3.296e-01  1.340e-01  2.341e-01  0.000e+00
  15250  2.37183e+00  1.312e+00  1.059e+00  0.000e+00 -6.269e-01  1.939e+00  5.238e-01  3.008e-01  2.348e-01  0.000e+00
  15275  2.05579e+00  1.313e+00  7.429e-01  0.000e+00 -6.280e-01  1.941e+00  2.174e-01  2.895e-01  2.360e-01  0.000e+00
  15300  2.03091e+00  1.313e+00  7.179e-01  0.000e+00 -6.302e-01  1.943e+00  2.705e-01  2.402e-01  2.072e-01  0.000e+00
  15325  2.10889e+00  1.316e+00  7.932e-01  0.000e+00 -6.309e-01  1.947e+00  4.288e-01  1.661e-01  1.982e-01  0.000e+00
  15350  1.99408e+00  1.317e+00  6.775e-01  0.000e+00 -6.315e-01  1.948e+00  2.961e-01  1.737e-01  2.077e-01  0.000e+00
  15375  2.11636e+00  1.310e+00  8.059e-01  0.000e+00 -6.315e-01  1.942e+00  3.079e-01  2.419e-01  2.561e-01  0.000e+00
  15400  2.06542e+00  1.316e+00  7.499e-01  0.000e+00 -6.299e-01  1.945e+00  3.437e-01  1.900e-01  2.163e-01  0.000e+00
  15425  2.04090e+00  1.315e+00  7.260e-01  0.000e+00 -6.280e-01  1.943e+00  3.248e-01  2.462e-01  1.550e-01  0.000e+00
  15450  2.23476e+00  1.312e+00  9.231e-01  0.000e+00 -6.268e-01  1.938e+00  4.005e-01  2.689e-01  2.536e-01  0.000e+00
  15475  2.45849e+00  1.313e+00  1.145e+00  0.000e+00 -6.289e-01  1.942e+00  4.704e-01  4.206e-01  2.544e-01  0.000e+00
  15500  2.54602e+00  1.310e+00  1.236e+00  0.000e+00 -6.289e-01  1.939e+00  4.876e-01  3.903e-01  3.583e-01  0.000e+00
  15525  2.39462e+00  1.312e+00  1.083e+00  0.000e+00 -6.292e-01  1.941e+00  4.926e-01  3.750e-01  2.151e-01  0.000e+00
  15550  2.49100e+00  1.321e+00  1.170e+00  0.000e+00 -6.284e-01  1.949e+00  6.322e-01  3.637e-01  1.742e-01  0.000e+00
  15575  2.46830e+00  1.318e+00  1.151e+00  0.000e+00 -6.291e-01  1.947e+00  4.499e-01  4.572e-01  2.435e-01  0.000e+00
  15600  2.27654e+00  1.321e+00  9.552e-01  0.000e+00 -6.292e-01  1.951e+00  3.766e-01  3.167e-01  2.619e-01  0.000e+00
  15625  2.23736e+00  1.318e+00  9.190e-01  0.000e+00 -6.285e-01  1.947e+00  2.515e-01  4.098e-01  2.577e-01  0.000e+00
  15650  2.21231e+00  1.319e+00  8.931e-01  0.000e+00 -6.295e-01  1.949e+00  2.692e-01  3.427e-01  2.813e-01  0.000e+00
  15675  2.34895e+00  1.321e+00  1.028e+00  0.000e+00 -6.291e-01  1.950e+00  3.624e-01  3.537e-01  3.123e-01  0.000e+00
  15700  2.12428e+00  1.317e+00  8.075e-01  0.000e+00 -6.295e-01  1.946e+00  2.819e-01  2.553e-01  2.702e-01  0.000e+00
  15725  2.13860e+00  1.318e+00  8.206e-01  0.000e+00 -6.292e-01  1.947e+00  2.979e-01  2.553e-01  2.674e-01  0.000e+00
  15750  2.17185e+00  1.317e+00  8.544e-01  0.000e+00 -6.282e-01  1.946e+00  4.197e-01  2.323e-01  2.023e-01  0.000e+00
  15775  2.08694e+00  1.320e+00  7.672e-01  0.000e+00 -6.272e-01  1.947e+00  2.188e-01  3.375e-01  2.109e-01  0.000e+00
  15800  2.16457e+00  1.320e+00  8.443e-01  0.000e+00 -6.270e-01  1.947e+00  2.522e-01  2.953e-01  2.968e-01  0.000e+00
  15825  2.16209e+00  1.322e+00  8.396e-01  0.000e+00 -6.277e-01  1.950e+00  3.404e-01  2.734e-01  2.258e-01  0.000e+00
  15850  2.14920e+00  1.319e+00  8.307e-01  0.000e+00 -6.277e-01  1.946e+00  2.929e-01  3.209e-01  2.169e-01  0.000e+00
  15875  2.31425e+00  1.321e+00  9.931e-01  0.000e+00 -6.274e-01  1.948e+00  5.041e-01  2.674e-01  2.216e-01  0.000e+00
  15900  2.13868e+00  1.316e+00  8.228e-01  0.000e+00 -6.296e-01  1.946e+00  4.218e-01  1.929e-01  2.081e-01  0.000e+00
  15925  2.13376e+00  1.317e+00  8.171e-01  0.000e+00 -6.286e-01  1.945e+00  4.253e-01  1.557e-01  2.361e-01  0.000e+00
  15950  2.02657e+00  1.319e+00  7.077e-01  0.000e+00 -6.293e-01  1.948e+00  2.771e-01  2.204e-01  2.102e-01  0.000e+00
  15975  2.18377e+00  1.317e+00  8.669e-01  0.000e+00 -6.297e-01  1.947e+00  3.807e-01  2.699e-01  2.163e-01  0.000e+00
  16000  2.31768e+00  1.314e+00  1.004e+00  0.000e+00 -6.303e-01  1.944e+00  4.718e-01  3.177e-01  2.145e-01  0.000e+00
  16025  2.34131e+00  1.315e+00  1.026e+00  0.000e+00 -6.286e-01  1.944e+00  5.035e-01  3.153e-01  2.073e-01  0.000e+00
  16050  2.24576e+00  1.316e+00  9.298e-01  0.000e+00 -6.287e-01  1.945e+00  5.185e-01  2.460e-01  1.654e-01  0.000e+00
  16075  2.28209e+00  1.312e+00  9.699e-01  0.000e+00 -6.284e-01  1.941e+00  5.011e-01  2.499e-01  2.189e-01  0.000e+00
  16100  2.33986e+00  1.310e+00  1.030e+00  0.000e+00 -6.263e-01  1.936e+00  5.934e-01  2.558e-01  1.810e-01  0.000e+00
  16125  2.00046e+00  1.313e+00  6.878e-01  0.000e+00 -6.271e-01  1.940e+00  2.679e-01  2.158e-01  2.042e-01  0.000e+00
  16150  2.13962e+00  1.316e+00  8.240e-01  0.000e+00 -6.279e-01  1.943e+00  4.495e-01  2.108e-01  1.637e-01  0.000e+00
  16175  2.11079e+00  1.315e+00  7.956e-01  0.000e+00 -6.279e-01  1.943e+00  4.361e-01  2.234e-01  1.361e-01  0.000e+00
  16200  2.05975e+00  1.317e+00  7.428e-01  0.000e+00 -6.289e-01  1.946e+00  3.859e-01  2.422e-01  1.147e-01  0.000e+00
  16225  2.09901e+00  1.317e+00  7.821e-01  0.000e+00 -6.291e-01  1.946e+00  4.597e-01  1.855e-01  1.369e-01  0.000e+00
  16250  2.10158e+00  1.319e+00  7.826e-01  0.000e+00 -6.290e-01  1.948e+00  3.230e-01  2.747e-01  1.849e-01  0.000e+00
  16275  2.13127e+00  1.316e+00  8.148e-01  0.000e+00 -6.291e-01  1.946e+00  3.959e-01  2.272e-01  1.917e-01  0.000e+00
  16300  1.83762e+00  1.316e+00  5.213e-01  0.000e+00 -6.299e-01  1.946e+00  1.652e-01  1.689e-01  1.872e-01  0.000e+00
  16325  1.99077e+00  1.318e+00  6.729e-01  0.000e+00 -6.286e-01  1.946e+00  3.198e-01  1.937e-01  1.594e-01  0.000e+00
  16350  1.96634e+00  1.314e+00  6.528e-01  0.000e+00 -6.291e-01  1.943e+00  2.599e-01  2.106e-01  1.823e-01  0.000e+00
  16375  2.03991e+00  1.312e+00  7.276e-01  0.000e+00 -6.297e-01  1.942e+00  3.633e-01  1.908e-01  1.736e-01  0.000e+00
  16400  2.21401e+00  1.317e+00  8.973e-01  0.000e+00 -6.292e-01  1.946e+00  4.467e-01  1.929e-01  2.577e-01  0.000e+00
  16425  2.55819e+00  1.318e+00  1.240e+00  0.000e+00 -6.290e-01  1.947e+00  4.525e-01  4.666e-01  3.212e-01  0.000e+00
  16450  2.40729e+00  1.314e+00  1.094e+00  0.000e+00 -6.295e-01  1.943e+00  3.108e-01  4.824e-01  3.003e-01  0.000e+00
  16475  2.28421e+00  1.315e+00  9.687e-01  0.000e+00 -6.301e-01  1.946e+00  4.379e-01  3.021e-01  2.287e-01  0.000e+00
  16500  2.23204e+00  1.317e+00  9.153e-01  0.000e+00 -6.291e-01  1.946e+00  3.508e-01  3.215e-01  2.430e-01  0.000e+00
  16525  2.19788e+00  1.314e+00  8.838e-01  0.000e+00 -6.297e-01  1.944e+00  3.083e-01  3.834e-01  1.921e-01  0.000e+00
  16550  2.29575e+00  1.315e+00  9.809e-01  0.000e+00 -6.300e-01  1.945e+00  3.857e-01  4.095e-01  1.858e-01  0.000e+00
  16575  2.39978e+00  1.311e+00  1.089e+00  0.000e+00 -6.298e-01  1.941e+00  3.935e-01  3.901e-01  3.053e-01  0.000e+00
  16600  2.43698e+00  1.310e+00  1.127e+00  0.000e+00 -6.298e-01  1.939e+00  4.274e-01  3.319e-01  3.681e-01  0.000e+00
  16625  2.46912e+00  1.313e+00  1.156e+00  0.000e+00 -6.294e-01  1.943e+00  4.662e-01  3.647e-01  3.248e-01  0.000e+00
  16650  2.67119e+00  1.311e+00  1.361e+00  0.000e+00 -6.300e-01  1.941e+00  7.983e-01  2.999e-01  2.624e-01  0.000e+00
  16675  2.48254e+00  1.314e+00  1.168e+00  0.000e+00 -6.293e-01  1.943e+00  6.420e-01  2.738e-01  2.526e-01  0.000e+00
  16700  2.30958e+00  1.314e+00  9.958e-01  0.000e+00 -6.303e-01  1.944e+00  5.283e-01  2.583e-01  2.093e-01  0.000e+00
  16725  2.37547e+00  1.310e+00  1.065e+00  0.000e+00 -6.298e-01  1.940e+00  4.539e-01  3.565e-01  2.548e-01  0.000e+00
  16750  2.19738e+00  1.313e+00  8.845e-01  0.000e+00 -6.302e-01  1.943e+00  3.922e-01  2.307e-01  2.617e-01  0.000e+00
  16775  2.47566e+00  1.310e+00  1.166e+00  0.000e+00 -6.293e-01  1.939e+00  5.199e-01  2.984e-01  3.474e-01  0.000e+00
  16800  2.16164e+00  1.314e+00  8.471e-01  0.000e+00 -6.283e-01  1.943e+00  2.323e-01  3.638e-01  2.510e-01  0.000e+00
  16825  2.22848e+00  1.322e+00  9.067e-01  0.000e+00 -6.282e-01  1.950e+00  3.263e-01  3.639e-01  2.164e-01  0.000e+00
  16850  2.30566e+00  1.323e+00  9.824e-01  0.000e+00 -6.283e-01  1.952e+00  4.723e-01  3.071e-01  2.029e-01  0.000e+00
  16875  2.24043e+00  1.320e+00  9.200e-01  0.000e+00 -6.277e-01  1.948e+00  4.969e-01  2.397e-01  1.833e-01  0.000e+00
  16900  2.06507e+00  1.319e+00  7.464e-01  0.000e+00 -6.268e-01  1.945e+00  2.276e-01  2.671e-01  2.517e-01  0.000e+00
  16925  2.23738e+00  1.311e+00  9.259e-01  0.000e+00 -6.282e-01  1.940e+00  3.335e-01  3.402e-01  2.522e-01  0.000e+00
  16950  2.09284e+00  1.310e+00  7.827e-01  0.000e+00 -6.282e-01  1.938e+00  2.820e-01  2.441e-01  2.566e-01  0.000e+00
  16975  2.32276e+00  1.312e+00  1.011e+00  0.000e+00 -6.305e-01  1.943e+00  4.387e-01  2.847e-01  2.871e-01  0.000e+00
  17000  2.55177e+00  1.317e+00  1.235e+00  0.000e+00 -6.296e-01  1.946e+00  3.852e-01  3.252e-01  5.246e-01  0.000e+00
  17025  2.42488e+00  1.315e+00  1.109e+00  0.000e+00 -6.290e-01  1.944e+00  3.725e-01  2.482e-01  4.888e-01  0.000e+00
  17050  2.26687e+00  1.318e+00  9.487e-01  0.000e+00 -6.302e-01  1.948e+00  4.966e-01  2.097e-01  2.425e-01  0.000e+00
  17075  2.13903e+00  1.315e+00  8.238e-01  0.000e+00 -6.314e-01  1.947e+00  4.274e-01  2.064e-01  1.900e-01  0.000e+00
  17100  2.20192e+00  1.313e+00  8.893e-01  0.000e+00 -6.310e-01  1.944e+00  4.496e-01  2.405e-01  1.993e-01  0.000e+00
  17125  2.23460e+00  1.315e+00  9.193e-01  0.000e+00 -6.303e-01  1.946e+00  3.436e-01  3.162e-01  2.594e-01  0.000e+00
  17150  2.22664e+00  1.317e+00  9.099e-01  0.000e+00 -6.308e-01  1.948e+00  3.266e-01  3.721e-01  2.112e-01  0.000e+00
  17175  1.99726e+00  1.318e+00  6.794e-01  0.000e+00 -6.299e-01  1.948e+00  2.469e-01  2.380e-01  1.945e-01  0.000e+00
  17200  2.13109e+00  1.319e+00  8.121e-01  0.000e+00 -6.290e-01  1.948e+00  3.565e-01  2.818e-01  1.738e-01  0.000e+00
  17225  2.15005e+00  1.317e+00  8.329e-01  0.000e+00 -6.296e-01  1.947e+00  3.772e-01  2.730e-01  1.828e-01  0.000e+00
  17250  2.00832e+00  1.317e+00  6.910e-01  0.000e+00 -6.298e-01  1.947e+00  3.412e-01  1.733e-01  1.765e-01  0.000e+00
  17275  1.88751e+00  1.315e+00  5.724e-01  0.000e+00 -6.314e-01  1.946e+00  2.577e-01  1.571e-01  1.576e-01  0.000e+00
  17300  1.88663e+00  1.317e+00  5.695e-01  0.000e+00 -6.305e-01  1.948e+00  2.009e-01  1.929e-01  1.757e-01  0.000e+00
  17325  1.99072e+00  1.314e+00  6.770e-01  0.000e+00 -6.318e-01  1.945e+00  3.640e-01  1.306e-01  1.824e-01  0.000e+00
  17350  2.18114e+00  1.316e+00  8.647e-01  0.000e+00 -6.318e-01  1.948e+00  4.608e-01  1.664e-01  2.374e-01  0.000e+00
  17375  2.24261e+00  1.312e+00  9.303e-01  0.000e+00 -6.314e-01  1.944e+00  4.768e-01  2.201e-01  2.333e-01  0.000e+00
  17400  2.27416e+00  1.313e+00  9.613e-01  0.000e+00 -6.314e-01  1.944e+00  4.659e-01  2.665e-01  2.289e-01  0.000e+00
  17425  2.34497e+00  1.311e+00  1.034e+00  0.000e+00 -6.296e-01  1.941e+00  4.577e-01  3.995e-01  1.765e-01  0.000e+00
  17450  2.39346e+00  1.308e+00  1.085e+00  0.000e+00 -6.301e-01  1.938e+00  4.623e-01  3.218e-01  3.012e-01  0.000e+00
  17475  2.50138e+00  1.307e+00  1.194e+00  0.000e+00 -6.310e-01  1.938e+00  5.659e-01  3.200e-01  3.084e-01  0.000e+00
  17500  2.50538e+00  1.306e+00  1.200e+00  0.000e+00 -6.322e-01  1.938e+00  4.959e-01  3.881e-01  3.158e-01  0.000e+00
  17525  2.45362e+00  1.310e+00  1.144e+00  0.000e+00 -6.336e-01  1.943e+00  4.522e-01  3.484e-01  3.435e-01  0.000e+00
  17550  2.22993e+00  1.311e+00  9.192e-01  0.000e+00 -6.342e-01  1.945e+00  4.022e-01  2.348e-01  2.822e-01  0.000e+00
  17575  2.30757e+00  1.310e+00  9.973e-01  0.000e+00 -6.333e-01  1.944e+00  4.627e-01  2.269e-01  3.077e-01  0.000e+00
  17600  2.27708e+00  1.308e+00  9.693e-01  0.000e+00 -6.333e-01  1.941e+00  4.206e-01  1.884e-01  3.603e-01  0.000e+00
  17625  2.25115e+00  1.313e+00  9.379e-01  0.000e+00 -6.322e-01  1.945e+00  3.920e-01  2.332e-01  3.127e-01  0.000e+00
  17650  2.12281e+00  1.311e+00  8.115e-01  0.000e+00 -6.342e-01  1.945e+00  2.797e-01  2.563e-01  2.755e-01  0.000e+00
  17675  2.01898e+00  1.312e+00  7.070e-01  0.000e+00 -6.323e-01  1.944e+00  2.536e-01  2.820e-01  1.714e-01  0.000e+00
  17700  2.06882e+00  1.309e+00  7.596e-01  0.000e+00 -6.336e-01  1.943e+00  3.538e-01  2.281e-01  1.777e-01  0.000e+00
  17725  1.95745e+00  1.312e+00  6.456e-01  0.000e+00 -6.332e-01  1.945e+00  2.406e-01  2.144e-01  1.905e-01  0.000e+00
  17750  2.15848e+00  1.308e+00  8.505e-01  0.000e+00 -6.336e-01  1.942e+00  3.228e-01  3.148e-01  2.129e-01  0.000e+00
  17775  2.09573e+00  1.310e+00  7.858e-01  0.000e+00 -6.350e-01  1.945e+00  1.784e-01  3.681e-01  2.393e-01  0.000e+00
  17800  2.19809e+00  1.312e+00  8.861e-01  0.000e+00 -6.335e-01  1.946e+00  3.081e-01  3.106e-01  2.673e-01  0.000e+00
  17825  2.24735e+00  1.313e+00  9.341e-01  0.000e+00 -6.316e-01  1.945e+00  3.339e-01  2.841e-01  3.160e-01  0.000e+00
  17850  2.24968e+00  1.313e+00  9.369e-01  0.000e+00 -6.324e-01  1.945e+00  3.176e-01  3.544e-01  2.649e-01  0.000e+00
  17875  2.41408e+00  1.318e+00  1.096e+00  0.000e+00 -6.330e-01  1.951e+00  6.045e-01  2.899e-01  2.020e-01  0.000e+00
  17900  2.19482e+00  1.316e+00  8.792e-01  0.000e+00 -6.336e-01  1.949e+00  4.177e-01  2.615e-01  2.000e-01  0.000e+00
  17925  2.10612e+00  1.314e+00  7.920e-01  0.000e+00 -6.336e-01  1.948e+00  3.721e-01  2.723e-01  1.475e-01  0.000e+00
  17950  2.08936e+00  1.313e+00  7.766e-01  0.000e+00 -6.344e-01  1.947e+00  4.127e-01  1.831e-01  1.807e-01  0.000e+00
  17975  2.27974e+00  1.313e+00  9.669e-01  0.000e+00 -6.343e-01  1.947e+00  4.492e-01  1.914e-01  3.263e-01  0.000e+00
  18000  2.16232e+00  1.315e+00  8.471e-01  0.000e+00 -6.328e-01  1.948e+00  2.726e-01  1.752e-01  3.994e-01  0.000e+00
  18025  2.15548e+00  1.317e+00  8.388e-01  0.000e+00 -6.326e-01  1.949e+00  3.397e-01  1.918e-01  3.074e-01  0.000e+00
  18050  2.34686e+00  1.320e+00  1.027e+00  0.000e+00 -6.325e-01  1.952e+00  4.904e-01  2.596e-01  2.770e-01  0.000e+00
  18075  2.33964e+00  1.317e+00  1.023e+00  0.000e+00 -6.330e-01  1.950e+00  3.849e-01  2.431e-01  3.945e-01  0.000e+00
  18100  2.19283e+00  1.314e+00  8.787e-01  0.000e+00 -6.327e-01  1.947e+00  3.111e-01  2.114e-01  3.562e-01  0.000e+00
  18125  2.22458e+00  1.318e+00  9.062e-01  0.000e+00 -6.319e-01  1.950e+00  2.792e-01  3.091e-01  3.179e-01  0.000e+00
  18150  2.26388e+00  1.317e+00  9.465e-01  0.000e+00 -6.324e-01  1.950e+00  2.571e-01  3.657e-01  3.237e-01  0.000e+00
  18175  2.38941e+00  1.315e+00  1.074e+00  0.000e+00 -6.330e-01  1.948e+00  4.074e-01  3.771e-01  2.900e-01  0.000e+00
  18200  2.23153e+00  1.316e+00  9.160e-01  0.000e+00 -6.313e-01  1.947e+00  4.036e-01  3.170e-01  1.954e-01  0.000e+00
  18225  2.16063e+00  1.316e+00  8.449e-01  0.000e+00 -6.313e-01  1.947e+00  3.095e-01  3.266e-01  2.088e-01  0.000e+00
  18250  2.19272e+00  1.319e+00  8.741e-01  0.000e+00 -6.301e-01  1.949e+00  3.617e-01  2.422e-01  2.703e-01  0.000e+00
  18275  2.21805e+00  1.319e+00  8.987e-01  0.000e+00 -6.294e-01  1.949e+00  5.144e-01  1.284e-01  2.558e-01  0.000e+00
  18300  2.17205e+00  1.318e+00  8.539e-01  0.000e+00 -6.289e-01  1.947e+00  4.372e-01  1.016e-01  3.151e-01  0.000e+00
  18325  2.29117e+00  1.324e+00  9.667e-01  0.000e+00 -6.303e-01  1.955e+00  4.925e-01  1.548e-01  3.194e-01  0.000e+00
  18350  2.20726e+00  1.321e+00  8.861e-01  0.000e+00 -6.307e-01  1.952e+00  4.053e-01  2.480e-01  2.328e-01  0.000e+00
  18375  2.32975e+00  1.319e+00  1.011e+00  0.000e+00 -6.310e-01  1.950e+00  4.203e-01  2.531e-01  3.374e-01  0.000e+00
  18400  2.25624e+00  1.318e+00  9.385e-01  0.000e+00 -6.317e-01  1.949e+00  3.893e-01  2.568e-01  2.924e-01  0.000e+00
  18425  2.20625e+00  1.318e+00  8.885e-01  0.000e+00 -6.319e-01  1.950e+00  3.468e-01  2.128e-01  3.289e-01  0.000e+00
  18450  2.23783e+00  1.317e+00  9.205e-01  0.000e+00 -6.304e-01  1.948e+00  3.461e-01  1.799e-01  3.945e-01  0.000e+00
  18475  2.15514e+00  1.312e+00  8.434e-01  0.000e+00 -6.318e-01  1.944e+00  3.339e-01  1.970e-01  3.125e-01  0.000e+00
  18500  2.23707e+00  1.311e+00  9.261e-01  0.000e+00 -6.327e-01  1.944e+00  4.342e-01  2.540e-01  2.379e-01  0.000e+00
  18525  2.02980e+00  1.310e+00  7.203e-01  0.000e+00 -6.335e-01  1.943e+00  3.201e-01  1.960e-01  2.041e-01  0.000e+00
  18550  2.10395e+00  1.307e+00  7.967e-01  0.000e+00 -6.334e-01  1.941e+00  3.560e-01  1.847e-01  2.560e-01  0.000e+00
  18575  2.16899e+00  1.310e+00  8.586e-01  0.000e+00 -6.327e-01  1.943e+00  3.794e-01  1.743e-01  3.048e-01  0.000e+00
  18600  2.05992e+00  1.314e+00  7.455e-01  0.000e+00 -6.308e-01  1.945e+00  3.617e-01  1.633e-01  2.205e-01  0.000e+00
  18625  1.91943e+00  1.314e+00  6.051e-01  0.000e+00 -6.303e-01  1.945e+00  2.328e-01  1.851e-01  1.872e-01  0.000e+00
  18650  1.90965e+00  1.313e+00  5.969e-01  0.000e+00 -6.310e-01  1.944e+00  2.707e-01  1.320e-01  1.942e-01  0.000e+00
  18675  2.02812e+00  1.313e+00  7.148e-01  0.000e+00 -6.309e-01  1.944e+00  3.409e-01  1.511e-01  2.228e-01  0.000e+00
  18700  2.22182e+00  1.312e+00  9.095e-01  0.000e+00 -6.315e-01  1.944e+00  3.990e-01  1.068e-01  4.037e-01  0.000e+00
  18725  2.00476e+00  1.317e+00  6.882e-01  0.000e+00 -6.310e-01  1.947e+00  2.796e-01  1.391e-01  2.695e-01  0.000e+00
  18750  2.11582e+00  1.314e+00  8.020e-01  0.000e+00 -6.312e-01  1.945e+00  3.741e-01  1.387e-01  2.892e-01  0.000e+00
  18775  2.12920e+00  1.313e+00  8.158e-01  0.000e+00 -6.315e-01  1.945e+00  4.033e-01  1.491e-01  2.634e-01  0.000e+00
  18800  2.30819e+00  1.313e+00  9.948e-01  0.000e+00 -6.300e-01  1.943e+00  4.659e-01  2.646e-01  2.643e-01  0.000e+00
  18825  2.30862e+00  1.315e+00  9.933e-01  0.000e+00 -6.285e-01  1.944e+00  4.617e-01  3.036e-01  2.280e-01  0.000e+00
  18850  2.31765e+00  1.316e+00  1.002e+00  0.000e+00 -6.282e-01  1.944e+00  5.137e-01  2.770e-01  2.111e-01  0.000e+00
  18875  2.21614e+00  1.313e+00  9.032e-01  0.000e+00 -6.278e-01  1.941e+00  4.211e-01  2.328e-01  2.493e-01  0.000e+00
  18900  2.22597e+00  1.313e+00  9.126e-01  0.000e+00 -6.286e-01  1.942e+00  3.597e-01  2.113e-01  3.416e-01  0.000e+00
  18925  2.21321e+00  1.311e+00  9.021e-01  0.000e+00 -6.293e-01  1.940e+00  3.702e-01  1.968e-01  3.352e-01  0.000e+00
  18950  2.22910e+00  1.308e+00  9.214e-01  0.000e+00 -6.284e-01  1.936e+00  4.367e-01  2.075e-01  2.772e-01  0.000e+00
  18975  2.26267e+00  1.309e+00  9.537e-01  0.000e+00 -6.292e-01  1.938e+00  4.010e-01  2.251e-01  3.276e-01  0.000e+00
  19000  2.26170e+00  1.313e+00  9.483e-01  0.000e+00 -6.296e-01  1.943e+00  4.284e-01  2.631e-01  2.568e-01  0.000e+00
  19025  2.28013e+00  1.310e+00  9.698e-01  0.000e+00 -6.312e-01  1.941e+00  4.739e-01  2.563e-01  2.396e-01  0.000e+00
  19050  2.13747e+00  1.311e+00  8.264e-01  0.000e+00 -6.310e-01  1.942e+00  3.451e-01  2.618e-01  2.194e-01  0.000e+00
  19075  2.08584e+00  1.314e+00  7.719e-01  0.000e+00 -6.306e-01  1.945e+00  2.191e-01  3.100e-01  2.428e-01  0.000e+00
  19100  2.19184e+00  1.317e+00  8.752e-01  0.000e+00 -6.295e-01  1.946e+00  3.234e-01  2.262e-01  3.256e-01  0.000e+00
  19125  2.20566e+00  1.314e+00  8.914e-01  0.000e+00 -6.292e-01  1.943e+00  4.888e-01  1.274e-01  2.752e-01  0.000e+00
  19150  2.01240e+00  1.318e+00  6.947e-01  0.000e+00 -6.302e-01  1.948e+00  1.921e-01  2.542e-01  2.484e-01  0.000e+00
  19175  1.97891e+00  1.314e+00  6.648e-01  0.000e+00 -6.310e-01  1.945e+00  1.879e-01  1.938e-01  2.831e-01  0.000e+00
  19200  1.86788e+00  1.315e+00  5.528e-01  0.000e+00 -6.328e-01  1.948e+00  1.766e-01  1.451e-01  2.311e-01  0.000e+00
  19225  1.97624e+00  1.313e+00  6.631e-01  0.000e+00 -6.326e-01  1.946e+00  2.803e-01  1.737e-01  2.091e-01  0.000e+00
  19250  1.94303e+00  1.315e+00  6.280e-01  0.000e+00 -6.320e-01  1.947e+00  2.549e-01  1.001e-01  2.731e-01  0.000e+00
  19275  1.97058e+00  1.313e+00  6.574e-01  0.000e+00 -6.317e-01  1.945e+00  2.809e-01  1.075e-01  2.689e-01  0.000e+00
  19300  2.00493e+00  1.315e+00  6.903e-01  0.000e+00 -6.312e-01  1.946e+00  3.162e-01  1.355e-01  2.385e-01  0.000e+00
  19325  1.88958e+00  1.317e+00  5.727e-01  0.000e+00 -6.317e-01  1.949e+00  2.123e-01  1.151e-01  2.453e-01  0.000e+00
  19350  1.99425e+00  1.314e+00  6.807e-01  0.000e+00 -6.328e-01  1.946e+00  2.521e-01  1.464e-01  2.822e-01  0.000e+00
  19375  2.15068e+00  1.313e+00  8.372e-01  0.000e+00 -6.336e-01  1.947e+00  3.873e-01  1.277e-01  3.222e-01  0.000e+00
  19400  2.12268e+00  1.311e+00  8.121e-01  0.000e+00 -6.336e-01  1.944e+00  2.592e-01  1.641e-01  3.887e-01  0.000e+00
  19425  2.02409e+00  1.308e+00  7.160e-01  0.000e+00 -6.341e-01  1.942e+00  1.925e-01  1.508e-01  3.727e-01  0.000e+00
  19450  2.05482e+00  1.309e+00  7.461e-01  0.000e+00 -6.340e-01  1.943e+00  2.990e-01  1.878e-01  2.593e-01  0.000e+00
  19475  2.13179e+00  1.311e+00  8.211e-01  0.000e+00 -6.346e-01  1.945e+00  2.569e-01  2.376e-01  3.266e-01  0.000e+00
  19500  1.97447e+00  1.310e+00  6.641e-01  0.000e+00 -6.352e-01  1.946e+00  2.428e-01  1.702e-01  2.511e-01  0.000e+00
  19525  2.05642e+00  1.310e+00  7.466e-01  0.000e+00 -6.326e-01  1.942e+00  2.177e-01  2.103e-01  3.185e-01  0.000e+00
  19550  2.04902e+00  1.314e+00  7.346e-01  0.000e+00 -6.317e-01  1.946e+00  1.637e-01  2.658e-01  3.051e-01  0.000e+00
  19575  2.03459e+00  1.316e+00  7.185e-01  0.000e+00 -6.305e-01  1.947e+00  3.036e-01  1.110e-01  3.039e-01  0.000e+00
  19600  2.08292e+00  1.315e+00  7.682e-01  0.000e+00 -6.311e-01  1.946e+00  2.798e-01  1.851e-01  3.034e-01  0.000e+00
  19625  2.04513e+00  1.315e+00  7.296e-01  0.000e+00 -6.316e-01  1.947e+00  2.396e-01  2.100e-01  2.801e-01  0.000e+00
  19650  2.28103e+00  1.317e+00  9.643e-01  0.000e+00 -6.302e-01  1.947e+00  3.231e-01  3.034e-01  3.379e-01  0.000e+00
  19675  2.27943e+00  1.317e+00  9.626e-01  0.000e+00 -6.301e-01  1.947e+00  2.561e-01  3.130e-01  3.935e-01  0.000e+00
  19700  2.15189e+00  1.317e+00  8.349e-01  0.000e+00 -6.277e-01  1.945e+00  2.553e-01  3.166e-01  2.631e-01  0.000e+00
  19725  2.26465e+00  1.317e+00  9.481e-01  0.000e+00 -6.274e-01  1.944e+00  3.567e-01  3.507e-01  2.408e-01  0.000e+00
  19750  2.10758e+00  1.315e+00  7.924e-01  0.000e+00 -6.277e-01  1.943e+00  3.048e-01  2.496e-01  2.380e-01  0.000e+00
  19775  2.09402e+00  1.315e+00  7.790e-01  0.000e+00 -6.274e-01  1.942e+00  2.637e-01  2.100e-01  3.052e-01  0.000e+00
  19800  2.45438e+00  1.316e+00  1.139e+00  0.000e+00 -6.271e-01  1.943e+00  4.285e-01  3.503e-01  3.601e-01  0.000e+00
  19825  2.55360e+00  1.314e+00  1.240e+00  0.000e+00 -6.260e-01  1.940e+00  5.236e-01  4.165e-01  2.998e-01  0.000e+00
  19850  2.39392e+00  1.317e+00  1.077e+00  0.000e+00 -6.262e-01  1.943e+00  3.374e-01  4.679e-01  2.716e-01  0.000e+00
  19875  2.17873e+00  1.317e+00  8.619e-01  0.000e+00 -6.265e-01  1.943e+00  2.527e-01  3.914e-01  2.178e-01  0.000e+00
  19900  2.18896e+00  1.318e+00  8.708e-01  0.000e+00 -6.253e-01  1.944e+00  3.517e-01  3.309e-01  1.881e-01  0.000e+00
  19925  2.24036e+00  1.312e+00  9.282e-01  0.000e+00 -6.259e-01  1.938e+00  2.935e-01  3.538e-01  2.809e-01  0.000e+00
  19950  2.18586e+00  1.315e+00  8.706e-01  0.000e+00 -6.260e-01  1.941e+00  2.677e-01  2.807e-01  3.222e-01  0.000e+00
  19975  2.16971e+00  1.317e+00  8.526e-01  0.000e+00 -6.244e-01  1.942e+00  2.757e-01  3.186e-01  2.583e-01  0.000e+00
  20000  2.18993e+00  1.320e+00  8.702e-01  0.000e+00 -6.257e-01  1.945e+00  3.787e-01  2.337e-01  2.579e-01  0.000e+00
