# energy [kcal/mol] of ch2o
#  conf       e_pot  e_nonbond   e_bonded  e_boundary      e_vdw     e_elst     e_bond    e_angle     e_tors      e_oop
      0  3.56925e-01  0.000e+00  3.569e-01  0.000e+00  0.000e+00  0.000e+00  3.503e-01  6.631e-03  0.000e+00  2.835e-06
    500  1.09093e+00  0.000e+00  1.091e+00  0.000e+00  0.000e+00  0.000e+00  9.111e-01  1.761e-01  0.000e+00  3.748e-03
   1000  1.65530e+00  0.000e+00  1.655e+00  0.000e+00  0.000e+00  0.000e+00  8.311e-01  1.357e-01  0.000e+00  6.886e-01
   1500  3.12054e+00  0.000e+00  3.121e+00  0.000e+00  0.000e+00  0.000e+00  9.242e-01  1.440e+00  0.000e+00  7.566e-01
   2000  2.83254e+00  0.000e+00  2.833e+00  0.000e+00  0.000e+00  0.000e+00  2.550e-01  1.451e-01  0.000e+00  2.432e+00
   2500  9.49168e-01  0.000e+00  9.492e-01  0.000e+00  0.000e+00  0.000e+00  5.741e-01  2.440e-01  0.000e+00  1.310e-01
   3000  4.50672e+00  0.000e+00  4.507e+00  0.000e+00  0.000e+00  0.000e+00  6.800e-01  1.100e+00  0.000e+00  2.727e+00
   3500  1.67790e+00  0.000e+00  1.678e+00  0.000e+00  0.000e+00  0.000e+00  1.013e+00  2.874e-01  0.000e+00  3.776e-01
   4000  4.10236e+00  0.000e+00  4.102e+00  0.000e+00  0.000e+00  0.000e+00  1.502e+00  1.634e+00  0.000e+00  9.663e-01
   4500  4.43944e+00  0.000e+00  4.439e+00  0.000e+00  0.000e+00  0.000e+00  3.173e+00  1.229e+00  0.000e+00  3.728e-02
   5000  8.18759e-01  0.000e+00  8.188e-01  0.000e+00  0.000e+00  0.000e+00  3.365e-01  4.726e-01  0.000e+00  9.641e-03
   5500  1.70997e+00  0.000e+00  1.710e+00  0.000e+00  0.000e+00  0.000e+00  1.026e+00  1.512e-01  0.000e+00  5.330e-01
   6000  2.17821e+00  0.000e+00  2.178e+00  0.000e+00  0.000e+00  0.000e+00  1.185e+00  9.431e-01  0.000e+00  5.050e-02
   6500  9.35137e-01  0.000e+00  9.351e-01  0.000e+00  0.000e+00  0.000e+00  2.331e-01  5.101e-01  0.000e+00  1.919e-01
   7000  1.20019e+00  0.000e+00  1.200e+00  0.000e+00  0.000e+00  0.000e+00  5.294e-01  3.644e-01  0.000e+00  3.064e-01
   7500  9.35407e-01  0.000e+00  9.354e-01  0.000e+00  0.000e+00  0.000e+00  4.429e-01  3.969e-01  0.000e+00  9.560e-02
   8000  1.97401e+00  0.000e+00  1.974e+00  0.000e+00  0.000e+00  0.000e+00  8.539e-01  1.001e+00  0.000e+00  1.192e-01
   8500  4.83455e-01  0.000e+00  4.835e-01  0.000e+00  0.000e+00  0.000e+00  2.022e-01  2.735e-01  0.000e+00  7.781e-03
   9000  1.82964e+00  0.000e+00  1.830e+00  0.000e+00  0.000e+00  0.000e+00  6.482e-01  8.657e-01  0.000e+00  3.158e-01
   9500  9.56435e-01  0.000e+00  9.564e-01  0.000e+00  0.000e+00  0.000e+00  3.288e-01  5.399e-01  0.000e+00  8.775e-02
  10000  2.00888e+00  0.000e+00  2.009e+00  0.000e+00  0.000e+00  0.000e+00  1.206e+00  7.338e-01  0.000e+00  6.920e-02
  10500  5.80018e-01  0.000e+00  5.800e-01  0.000e+00  0.000e+00  0.000e+00  2.271e-01  3.334e-01  0.000e+00  1.947e-02
  11000  3.61858e+00  0.000e+00  3.619e+00  0.000e+00  0.000e+00  0.000e+00  6.519e-01  1.444e+00  0.000e+00  1.523e+00
  11500  2.06097e+00  0.000e+00  2.061e+00  0.000e+00  0.000e+00  0.000e+00  1.355e+00  7.058e-01  0.000e+00  4.155e-04
  12000  2.71787e+00  0.000e+00  2.718e+00  0.000e+00  0.000e+00  0.000e+00  1.983e+00  6.386e-01  0.000e+00  9.653e-02
  12500  7.83633e-01  0.000e+00  7.836e-01  0.000e+00  0.000e+00  0.000e+00  6.800e-01  8.219e-02  0.000e+00  2.142e-02
  13000  1.65410e+00  0.000e+00  1.654e+00  0.000e+00  0.000e+00  0.000e+00  6.198e-01  1.023e+00  0.000e+00  1.153e-02
  13500  2.15699e+00  0.000e+00  2.157e+00  0.000e+00  0.000e+00  0.000e+00  4.654e-01  1.419e+00  0.000e+00  2.723e-01
  14000  5.01654e+00  0.000e+00  5.017e+00  0.000e+00  0.000e+00  0.000e+00  2.109e+00  2.290e+00  0.000e+00  6.174e-01
  14500  2.40105e+00  0.000e+00  2.401e+00  0.000e+00  0.000e+00  0.000e+00  1.459e+00  2.251e-01  0.000e+00  7.172e-01
  15000  9.50300e-01  0.000e+00  9.503e-01  0.000e+00  0.000e+00  0.000e+00  3.421e-01  5.892e-01  0.000e+00  1.904e-02
  15500  4.46565e-01  0.000e+00  4.466e-01  0.000e+00  0.000e+00  0.000e+00  3.098e-01  9.108e-02  0.000e+00  4.566e-02
  16000  3.35088e+00  0.000e+00  3.351e+00  0.000e+00  0.000e+00  0.000e+00  1.788e+00  1.558e+00  0.000e+00  4.655e-03
  16500  1.55128e+00  0.000e+00  1.551e+00  0.000e+00  0.000e+00  0.000e+00  1.293e+00  2.572e-01  0.000e+00  1.097e-03
  17000  1.11769e+00  0.000e+00  1.118e+00  0.000e+00  0.000e+00  0.000e+00  6.733e-01  3.178e-01  0.000e+00  1.265e-01
  17500  8.68935e-01  0.000e+00  8.689e-01  0.000e+00  0.000e+00  0.000e+00  1.097e-01  6.796e-01  0.000e+00  7.963e-02
  18000  2.59045e+00  0.000e+00  2.590e+00  0.000e+00  0.000e+00  0.000e+00  2.118e+00  1.896e-01  0.000e+00  2.832e-01
  18500  3.56682e+00  0.000e+00  3.567e+00  0.000e+00  0.000e+00  0.000e+00  2.449e+00  7.011e-01  0.000e+00  4.164e-01
  19000  2.08447e+00  0.000e+00  2.084e+00  0.000e+00  0.000e+00  0.000e+00  9.335e-01  2.576e-01  0.000e+00  8.934e-01
  19500  1.28980e+00  0.000e+00  1.290e+00  0.000e+00  0.000e+00  0.000e+00  4.234e-01  8.646e-01  0.000e+00  1.752e-03
  20000  1.40921e+00  0.000e+00  1.409e+00  0.000e+00  0.000e+00  0.000e+00  1.776e-01  1.225e+00  0.000e+00  6.512e-03
  20500  1.93726e+00  0.000e+00  1.937e+00  0.000e+00  0.000e+00  0.000e+00  1.143e+00  6.828e-01  0.000e+00  1.118e-01
  21000  2.55512e+00  0.000e+00  2.555e+00  0.000e+00  0.000e+00  0.000e+00  1.557e+00  5.547e-01  0.000e+00  4.433e-01
  21500  1.60522e+00  0.000e+00  1.605e+00  0.000e+00  0.000e+00  0.000e+00  9.398e-01  3.641e-01  0.000e+00  3.013e-01
  22000  5.14742e+00  0.000e+00  5.147e+00  0.000e+00  0.000e+00  0.000e+00  8.877e-01  4.196e+00  0.000e+00  6.372e-02
  22500  1.43257e+00  0.000e+00  1.433e+00  0.000e+00  0.000e+00  0.000e+00  2.414e-01  6.433e-01  0.000e+00  5.479e-01
  23000  1.73722e+00  0.000e+00  1.737e+00  0.000e+00  0.000e+00  0.000e+00  1.257e+00  4.797e-01  0.000e+00  2.029e-04
  23500  1.64049e+00  0.000e+00  1.640e+00  0.000e+00  0.000e+00  0.000e+00  1.461e+00  1.199e-01  0.000e+00  5.993e-02
  24000  1.03331e+00  0.000e+00  1.033e+00  0.000e+00  0.000e+00  0.000e+00  1.914e-01  3.076e-01  0.000e+00  5.344e-01
  24500  7.44328e-01  0.000e+00  7.443e-01  0.000e+00  0.000e+00  0.000e+00  7.395e-02  4.232e-01  0.000e+00  2.472e-01
  25000  1.11163e+00  0.000e+00  1.112e+00  0.000e+00  0.000e+00  0.000e+00  8.562e-01  2.415e-01  0.000e+00  1.393e-02
  25500  7.72449e-01  0.000e+00  7.724e-01  0.000e+00  0.000e+00  0.000e+00  2.658e-01  5.064e-01  0.000e+00  2.943e-04
  26000  3.40942e+00  0.000e+00  3.409e+00  0.000e+00  0.000e+00  0.000e+00  3.073e+00  3.081e-01  0.000e+00  2.865e-02
  26500  1.11872e+00  0.000e+00  1.119e+00  0.000e+00  0.000e+00  0.000e+00  8.233e-01  2.095e-01  0.000e+00  8.586e-02
  27000  8.58783e-01  0.000e+00  8.588e-01  0.000e+00  0.000e+00  0.000e+00  7.328e-02  1.176e-01  0.000e+00  6.679e-01
  27500  6.90350e-01  0.000e+00  6.904e-01  0.000e+00  0.000e+00  0.000e+00  4.669e-01  2.052e-01  0.000e+00  1.829e-02
  28000  1.34203e+00  0.000e+00  1.342e+00  0.000e+00  0.000e+00  0.000e+00  8.690e-01  3.587e-01  0.000e+00  1.143e-01
  28500  2.47128e+00  0.000e+00  2.471e+00  0.000e+00  0.000e+00  0.000e+00  1.261e+00  1.201e+00  0.000e+00  8.785e-03
  29000  1.32353e+00  0.000e+00  1.324e+00  0.000e+00  0.000e+00  0.000e+00  9.145e-01  2.356e-01  0.000e+00  1.735e-01
  29500  2.67391e+00  0.000e+00  2.674e+00  0.000e+00  0.000e+00  0.000e+00  1.071e+00  1.337e+00  0.000e+00  2.667e-01
  30000  2.81837e+00  0.000e+00  2.818e+00  0.000e+00  0.000e+00  0.000e+00  1.158e+00  5.318e-01  0.000e+00  1.129e+00
  30500  3.57466e-01  0.000e+00  3.575e-01  0.000e+00  0.000e+00  0.000e+00  1.317e-01  2.231e-01  0.000e+00  2.703e-03
  31000  1.36219e+00  0.000e+00  1.362e+00  0.000e+00  0.000e+00  0.000e+00  1.641e-01  9.309e-01  0.000e+00  2.673e-01
  31500  4.15984e-01  0.000e+00  4.160e-01  0.000e+00  0.000e+00  0.000e+00  2.704e-01  1.330e-01  0.000e+00  1.258e-02
  32000  1.56042e+00  0.000e+00  1.560e+00  0.000e+00  0.000e+00  0.000e+00  1.115e+00  4.457e-01  0.000e+00  4.277e-07
  32500  5.43013e-01  0.000e+00  5.430e-01  0.000e+00  0.000e+00  0.000e+00  4.637e-01  7.730e-02  0.000e+00  2.027e-03
  33000  1.36761e+00  0.000e+00  1.368e+00  0.000e+00  0.000e+00  0.000e+00  1.026e+00  3.294e-01  0.000e+00  1.269e-02
  33500  1.17458e+00  0.000e+00  1.175e+00  0.000e+00  0.000e+00  0.000e+00  4.191e-01  5.283e-01  0.000e+00  2.272e-01
  34000  1.30947e+00  0.000e+00  1.309e+00  0.000e+00  0.000e+00  0.000e+00  1.044e+00  9.608e-02  0.000e+00  1.693e-01
  34500  2.23120e+00  0.000e+00  2.231e+00  0.000e+00  0.000e+00  0.000e+00  8.829e-01  5.610e-01  0.000e+00  7.873e-01
  35000  1.32566e+00  0.000e+00  1.326e+00  0.000e+00  0.000e+00  0.000e+00  2.678e-01  5.218e-01  0.000e+00  5.361e-01
  35500  2.73046e+00  0.000e+00  2.730e+00  0.000e+00  0.000e+00  0.000e+00  1.062e+00  1.033e+00  0.000e+00  6.355e-01
  36000  1.51731e+00  0.000e+00  1.517e+00  0.000e+00  0.000e+00  0.000e+00  6.926e-01  1.360e-01  0.000e+00  6.887e-01
  36500  3.27195e+00  0.000e+00  3.272e+00  0.000e+00  0.000e+00  0.000e+00  1.711e+00  6.878e-01  0.000e+00  8.733e-01
  37000  6.26022e-01  0.000e+00  6.260e-01  0.000e+00  0.000e+00  0.000e+00  3.039e-01  3.056e-01  0.000e+00  1.654e-02
  37500  2.26295e+00  0.000e+00  2.263e+00  0.000e+00  0.000e+00  0.000e+00  1.616e+00  6.469e-01  0.000e+00  3.289e-04
  38000  2.53080e+00  0.000e+00  2.531e+00  0.000e+00  0.000e+00  0.000e+00  1.759e+00  7.274e-01  0.000e+00  4.453e-02
  38500  2.31870e+00  0.000e+00  2.319e+00  0.000e+00  0.000e+00  0.000e+00  2.162e+00  1.330e-01  0.000e+00  2.367e-02
  39000  2.90615e+00  0.000e+00  2.906e+00  0.000e+00  0.000e+00  0.000e+00  2.192e+00  5.763e-01  0.000e+00  1.381e-01
  39500  2.87884e+00  0.000e+00  2.879e+00  0.000e+00  0.000e+00  0.000e+00  2.463e+00  2.636e-01  0.000e+00  1.522e-01
  40000  1.51920e+00  0.000e+00  1.519e+00  0.000e+00  0.000e+00  0.000e+00  9.051e-01  6.094e-01  0.000e+00  4.702e-03
  40500  3.08011e+00  0.000e+00  3.080e+00  0.000e+00  0.000e+00  0.000e+00  1.167e+00  8.465e-01  0.000e+00  1.067e+00
  41000  2.40596e+00  0.000e+00  2.406e+00  0.000e+00  0.000e+00  0.000e+00  1.706e+00  1.109e-01  0.000e+00  5.891e-01
  41500  4.37451e-01  0.000e+00  4.375e-01  0.000e+00  0.000e+00  0.000e+00  2.886e-01  1.422e-01  0.000e+00  6.667e-03
  42000  1.30466e+00  0.000e+00  1.305e+00  0.000e+00  0.000e+00  0.000e+00  7.942e-01  4.874e-02  0.000e+00  4.617e-01
  42500  2.67165e+00  0.000e+00  2.672e+00  0.000e+00  0.000e+00  0.000e+00  1.389e+00  3.752e-01  0.000e+00  9.075e-01
  43000  3.19297e+00  0.000e+00  3.193e+00  0.000e+00  0.000e+00  0.000e+00  5.459e-01  2.634e+00  0.000e+00  1.326e-02
  43500  1.44708e+00  0.000e+00  1.447e+00  0.000e+00  0.000e+00  0.000e+00  2.899e-01  9.175e-01  0.000e+00  2.397e-01
  44000  2.12585e+00  0.000e+00  2.126e+00  0.000e+00  0.000e+00  0.000e+00  7.448e-01  9.741e-01  0.000e+00  4.069e-01
  44500  2.01387e+00  0.000e+00  2.014e+00  0.000e+00  0.000e+00  0.000e+00  1.108e+00  8.963e-01  0.000e+00  9.745e-03
  45000  2.54545e+00  0.000e+00  2.545e+00  0.000e+00  0.000e+00  0.000e+00  1.001e+00  9.876e-01  0.000e+00  5.571e-01
  45500  2.45525e+00  0.000e+00  2.455e+00  0.000e+00  0.000e+00  0.000e+00  9.836e-02  1.819e+00  0.000e+00  5.377e-01
  46000  1.71718e+00  0.000e+00  1.717e+00  0.000e+00  0.000e+00  0.000e+00  1.751e-01  1.514e+00  0.000e+00  2.785e-02
  46500  1.37881e+00  0.000e+00  1.379e+00  0.000e+00  0.000e+00  0.000e+00  1.063e+00  8.106e-02  0.000e+00  2.344e-01
  47000  1.72156e+00  0.000e+00  1.722e+00  0.000e+00  0.000e+00  0.000e+00  6.104e-01  3.257e-01  0.000e+00  7.854e-01
  47500  2.57214e+00  0.000e+00  2.572e+00  0.000e+00  0.000e+00  0.000e+00  1.576e+00  5.303e-01  0.000e+00  4.657e-01
  48000  2.24108e+00  0.000e+00  2.241e+00  0.000e+00  0.000e+00  0.000e+00  1.665e+00  3.622e-01  0.000e+00  2.139e-01
  48500  1.95340e+00  0.000e+00  1.953e+00  0.000e+00  0.000e+00  0.000e+00  5.577e-01  8.135e-02  0.000e+00  1.314e+00
  49000  2.93207e+00  0.000e+00  2.932e+00  0.000e+00  0.000e+00  0.000e+00  1.762e+00  6.447e-01  0.000e+00  5.255e-01
  49500  3.27078e+00  0.000e+00  3.271e+00  0.000e+00  0.000e+00  0.000e+00  2.311e-01  2.577e+00  0.000e+00  4.625e-01
  50000  3.28374e-01  0.000e+00  3.284e-01  0.000e+00  0.000e+00  0.000e+00  4.575e-02  4.760e-02  0.000e+00  2.350e-01
  50500  7.74478e-01  0.000e+00  7.745e-01  0.000e+00  0.000e+00  0.000e+00  4.521e-01  1.432e-01  0.000e+00  1.792e-01
  51000  2.49853e+00  0.000e+00  2.499e+00  0.000e+00  0.000e+00  0.000e+00  2.318e+00  1.814e-02  0.000e+00  1.625e-01
  51500  2.39728e+00  0.000e+00  2.397e+00  0.000e+00  0.000e+00  0.000e+00  1.253e+00  9.444e-01  0.000e+00  2.003e-01
  52000  1.10846e+00  0.000e+00  1.108e+00  0.000e+00  0.000e+00  0.000e+00  6.549e-01  4.372e-02  0.000e+00  4.098e-01
  52500  2.21853e+00  0.000e+00  2.219e+00  0.000e+00  0.000e+00  0.000e+00  1.028e+00  1.004e+00  0.000e+00  1.865e-01
  53000  2.37452e+00  0.000e+00  2.375e+00  0.000e+00  0.000e+00  0.000e+00  1.557e+00  1.648e-01  0.000e+00  6.525e-01
  53500  3.50517e+00  0.000e+00  3.505e+00  0.000e+00  0.000e+00  0.000e+00  2.084e+00  1.409e+00  0.000e+00  1.185e-02
  54000  2.27267e+00  0.000e+00  2.273e+00  0.000e+00  0.000e+00  0.000e+00  8.933e-01  1.858e-01  0.000e+00  1.194e+00
  54500  1.89007e+00  0.000e+00  1.890e+00  0.000e+00  0.000e+00  0.000e+00  8.105e-01  7.673e-01  0.000e+00  3.122e-01
  55000  8.08726e-01  0.000e+00  8.087e-01  0.000e+00  0.000e+00  0.000e+00  3.224e-01  1.793e-01  0.000e+00  3.071e-01
  55500  1.06963e+00  0.000e+00  1.070e+00  0.000e+00  0.000e+00  0.000e+00  8.136e-01  2.385e-01  0.000e+00  1.760e-02
  56000  2.09038e+00  0.000e+00  2.090e+00  0.000e+00  0.000e+00  0.000e+00  1.638e+00  1.178e-01  0.000e+00  3.345e-01
  56500  1.40527e+00  0.000e+00  1.405e+00  0.000e+00  0.000e+00  0.000e+00  3.888e-01  8.511e-01  0.000e+00  1.654e-01
  57000  2.28170e+00  0.000e+00  2.282e+00  0.000e+00  0.000e+00  0.000e+00  1.039e+00  5.023e-01  0.000e+00  7.409e-01
  57500  1.76012e+00  0.000e+00  1.760e+00  0.000e+00  0.000e+00  0.000e+00  8.692e-01  4.347e-01  0.000e+00  4.562e-01
  58000  1.39786e+00  0.000e+00  1.398e+00  0.000e+00  0.000e+00  0.000e+00  6.220e-01  5.332e-01  0.000e+00  2.427e-01
  58500  1.47895e+00  0.000e+00  1.479e+00  0.000e+00  0.000e+00  0.000e+00  9.841e-01  4.764e-02  0.000e+00  4.472e-01
  59000  2.02860e+00  0.000e+00  2.029e+00  0.000e+00  0.000e+00  0.000e+00  1.080e+00  9.342e-01  0.000e+00  1.465e-02
  59500  1.47331e+00  0.000e+00  1.473e+00  0.000e+00  0.000e+00  0.000e+00  1.248e+00  2.161e-01  0.000e+00  9.438e-03
  60000  1.17147e+00  0.000e+00  1.171e+00  0.000e+00  0.000e+00  0.000e+00  4.169e-01  4.665e-01  0.000e+00  2.880e-01
  60500  1.44570e+00  0.000e+00  1.446e+00  0.000e+00  0.000e+00  0.000e+00  4.814e-02  1.355e+00  0.000e+00  4.273e-02
  61000  1.87830e+00  0.000e+00  1.878e+00  0.000e+00  0.000e+00  0.000e+00  6.043e-01  8.354e-01  0.000e+00  4.386e-01
  61500  1.28869e+00  0.000e+00  1.289e+00  0.000e+00  0.000e+00  0.000e+00  6.650e-01  6.129e-01  0.000e+00  1.074e-02
  62000  8.70263e-01  0.000e+00  8.703e-01  0.000e+00  0.000e+00  0.000e+00  7.364e-01  4.553e-02  0.000e+00  8.833e-02
  62500  2.76447e+00  0.000e+00  2.764e+00  0.000e+00  0.000e+00  0.000e+00  1.855e+00  9.083e-01  0.000e+00  7.204e-04
  63000  2.26582e+00  0.000e+00  2.266e+00  0.000e+00  0.000e+00  0.000e+00  4.554e-01  1.482e+00  0.000e+00  3.282e-01
  63500  4.44094e+00  0.000e+00  4.441e+00  0.000e+00  0.000e+00  0.000e+00  2.776e+00  1.645e+00  0.000e+00  1.989e-02
  64000  1.48005e+00  0.000e+00  1.480e+00  0.000e+00  0.000e+00  0.000e+00  9.145e-02  1.384e+00  0.000e+00  4.357e-03
  64500  9.02912e-01  0.000e+00  9.029e-01  0.000e+00  0.000e+00  0.000e+00  2.288e-01  3.169e-01  0.000e+00  3.573e-01
  65000  1.08351e+00  0.000e+00  1.084e+00  0.000e+00  0.000e+00  0.000e+00  4.753e-01  6.008e-01  0.000e+00  7.429e-03
  65500  6.54194e-01  0.000e+00  6.542e-01  0.000e+00  0.000e+00  0.000e+00  3.104e-01  3.273e-01  0.000e+00  1.651e-02
  66000  3.24941e+00  0.000e+00  3.249e+00  0.000e+00  0.000e+00  0.000e+00  1.417e+00  1.435e-01  0.000e+00  1.689e+00
  66500  1.32853e+00  0.000e+00  1.329e+00  0.000e+00  0.000e+00  0.000e+00  5.679e-01  7.054e-01  0.000e+00  5.524e-02
  67000  1.02976e+00  0.000e+00  1.030e+00  0.000e+00  0.000e+00  0.000e+00  6.402e-01  3.550e-01  0.000e+00  3.459e-02
  67500  1.50034e+00  0.000e+00  1.500e+00  0.000e+00  0.000e+00  0.000e+00  9.969e-01  2.925e-01  0.000e+00  2.110e-01
  68000  2.11409e+00  0.000e+00  2.114e+00  0.000e+00  0.000e+00  0.000e+00  3.398e-01  1.682e+00  0.000e+00  9.252e-02
  68500  3.06346e+00  0.000e+00  3.063e+00  0.000e+00  0.000e+00  0.000e+00  2.279e+00  5.619e-02  0.000e+00  7.279e-01
  69000  1.01606e+00  0.000e+00  1.016e+00  0.000e+00  0.000e+00  0.000e+00  2.482e-01  3.758e-02  0.000e+00  7.303e-01
  69500  3.04230e+00  0.000e+00  3.042e+00  0.000e+00  0.000e+00  0.000e+00  2.963e+00  2.380e-03  0.000e+00  7.697e-02
  70000  1.89281e+00  0.000e+00  1.893e+00  0.000e+00  0.000e+00  0.000e+00  1.094e+00  7.984e-01  0.000e+00  1.203e-05
  70500  2.71813e+00  0.000e+00  2.718e+00  0.000e+00  0.000e+00  0.000e+00  3.892e-01  2.185e+00  0.000e+00  1.438e-01
  71000  4.09207e+00  0.000e+00  4.092e+00  0.000e+00  0.000e+00  0.000e+00  3.381e+00  7.003e-01  0.000e+00  1.079e-02
  71500  2.00036e+00  0.000e+00  2.000e+00  0.000e+00  0.000e+00  0.000e+00  1.694e+00  2.540e-01  0.000e+00  5.269e-02
  72000  3.44358e+00  0.000e+00  3.444e+00  0.000e+00  0.000e+00  0.000e+00  2.480e-01  1.065e+00  0.000e+00  2.131e+00
  72500  1.69873e+00  0.000e+00  1.699e+00  0.000e+00  0.000e+00  0.000e+00  6.972e-01  9.448e-01  0.000e+00  5.673e-02
  73000  3.93519e+00  0.000e+00  3.935e+00  0.000e+00  0.000e+00  0.000e+00  1.562e+00  2.327e+00  0.000e+00  4.607e-02
  73500  1.56405e+00  0.000e+00  1.564e+00  0.000e+00  0.000e+00  0.000e+00  2.698e-01  1.257e+00  0.000e+00  3.743e-02
  74000  3.77813e+00  0.000e+00  3.778e+00  0.000e+00  0.000e+00  0.000e+00  2.080e-01  6.993e-01  0.000e+00  2.871e+00
  74500  2.39751e+00  0.000e+00  2.398e+00  0.000e+00  0.000e+00  0.000e+00  1.680e+00  6.201e-01  0.000e+00  9.710e-02
  75000  2.36923e+00  0.000e+00  2.369e+00  0.000e+00  0.000e+00  0.000e+00  2.592e-01  1.753e+00  0.000e+00  3.573e-01
  75500  1.33465e+00  0.000e+00  1.335e+00  0.000e+00  0.000e+00  0.000e+00  1.076e+00  1.554e-01  0.000e+00  1.030e-01
  76000  3.66419e+00  0.000e+00  3.664e+00  0.000e+00  0.000e+00  0.000e+00  2.202e+00  5.262e-01  0.000e+00  9.356e-01
  76500  1.64379e+00  0.000e+00  1.644e+00  0.000e+00  0.000e+00  0.000e+00  1.265e+00  1.420e-01  0.000e+00  2.371e-01
  77000  1.89529e+00  0.000e+00  1.895e+00  0.000e+00  0.000e+00  0.000e+00  4.653e-01  1.373e+00  0.000e+00  5.731e-02
  77500  2.86585e+00  0.000e+00  2.866e+00  0.000e+00  0.000e+00  0.000e+00  6.817e-01  2.072e+00  0.000e+00  1.118e-01
  78000  1.64878e+00  0.000e+00  1.649e+00  0.000e+00  0.000e+00  0.000e+00  6.449e-02  1.405e+00  0.000e+00  1.792e-01
  78500  3.25422e+00  0.000e+00  3.254e+00  0.000e+00  0.000e+00  0.000e+00  2.795e+00  3.761e-01  0.000e+00  8.297e-02
  79000  1.06536e+00  0.000e+00  1.065e+00  0.000e+00  0.000e+00  0.000e+00  6.476e-01  7.070e-02  0.000e+00  3.471e-01
  79500  1.17895e+00  0.000e+00  1.179e+00  0.000e+00  0.000e+00  0.000e+00  5.838e-01  2.964e-01  0.000e+00  2.988e-01
  80000  8.63898e-01  0.000e+00  8.639e-01  0.000e+00  0.000e+00  0.000e+00  6.493e-01  7.809e-02  0.000e+00  1.366e-01
  80500  7.69541e-01  0.000e+00  7.695e-01  0.000e+00  0.000e+00  0.000e+00  4.756e-01  2.907e-01  0.000e+00  3.264e-03
  81000  8.80018e-01  0.000e+00  8.800e-01  0.000e+00  0.000e+00  0.000e+00  5.607e-01  2.953e-01  0.000e+00  2.394e-02
  81500  1.40669e+00  0.000e+00  1.407e+00  0.000e+00  0.000e+00  0.000e+00  1.196e+00  8.587e-02  0.000e+00  1.250e-01
  82000  1.64442e+00  0.000e+00  1.644e+00  0.000e+00  0.000e+00  0.000e+00  1.214e+00  3.651e-01  0.000e+00  6.481e-02
  82500  1.32092e+00  0.000e+00  1.321e+00  0.000e+00  0.000e+00  0.000e+00  2.282e-01  9.703e-01  0.000e+00  1.224e-01
  83000  1.07972e+00  0.000e+00  1.080e+00  0.000e+00  0.000e+00  0.000e+00  1.928e-01  8.798e-01  0.000e+00  7.096e-03
  83500  2.07021e+00  0.000e+00  2.070e+00  0.000e+00  0.000e+00  0.000e+00  1.217e+00  4.980e-01  0.000e+00  3.553e-01
  84000  2.55690e+00  0.000e+00  2.557e+00  0.000e+00  0.000e+00  0.000e+00  5.477e-01  2.546e-01  0.000e+00  1.755e+00
  84500  2.66977e-01  0.000e+00  2.670e-01  0.000e+00  0.000e+00  0.000e+00  5.618e-02  1.916e-01  0.000e+00  1.917e-02
  85000  1.92220e+00  0.000e+00  1.922e+00  0.000e+00  0.000e+00  0.000e+00  8.962e-01  5.698e-01  0.000e+00  4.562e-01
  85500  8.76975e-01  0.000e+00  8.770e-01  0.000e+00  0.000e+00  0.000e+00  5.636e-01  8.197e-03  0.000e+00  3.051e-01
  86000  2.06360e+00  0.000e+00  2.064e+00  0.000e+00  0.000e+00  0.000e+00  1.153e+00  6.837e-01  0.000e+00  2.268e-01
  86500  4.82657e-01  0.000e+00  4.827e-01  0.000e+00  0.000e+00  0.000e+00  3.125e-01  7.165e-02  0.000e+00  9.848e-02
  87000  1.24959e+00  0.000e+00  1.250e+00  0.000e+00  0.000e+00  0.000e+00  1.410e-01  2.341e-01  0.000e+00  8.745e-01
  87500  8.23501e-01  0.000e+00  8.235e-01  0.000e+00  0.000e+00  0.000e+00  5.276e-01  1.339e-01  0.000e+00  1.620e-01
  88000  1.45341e+00  0.000e+00  1.453e+00  0.000e+00  0.000e+00  0.000e+00  8.846e-01  2.688e-01  0.000e+00  3.000e-01
  88500  4.37812e+00  0.000e+00  4.378e+00  0.000e+00  0.000e+00  0.000e+00  1.394e+00  2.270e-01  0.000e+00  2.757e+00
  89000  8.00943e-01  0.000e+00  8.009e-01  0.000e+00  0.000e+00  0.000e+00  4.827e-01  1.672e-01  0.000e+00  1.511e-01
  89500  4.82658e-01  0.000e+00  4.827e-01  0.000e+00  0.000e+00  0.000e+00  4.399e-01  4.275e-02  0.000e+00  4.545e-06
  90000  1.06906e+00  0.000e+00  1.069e+00  0.000e+00  0.000e+00  0.000e+00  8.279e-01  2.285e-01  0.000e+00  1.257e-02
  90500  7.62044e-01  0.000e+00  7.620e-01  0.000e+00  0.000e+00  0.000e+00  6.977e-01  4.287e-02  0.000e+00  2.147e-02
  91000  1.96081e+00  0.000e+00  1.961e+00  0.000e+00  0.000e+00  0.000e+00  2.284e-01  1.565e+00  0.000e+00  1.671e-01
  91500  1.03364e+00  0.000e+00  1.034e+00  0.000e+00  0.000e+00  0.000e+00  6.612e-01  1.216e-01  0.000e+00  2.508e-01
  92000  2.11240e+00  0.000e+00  2.112e+00  0.000e+00  0.000e+00  0.000e+00  6.024e-01  2.466e-01  0.000e+00  1.263e+00
  92500  5.34643e-01  0.000e+00  5.346e-01  0.000e+00  0.000e+00  0.000e+00  4.050e-01  9.498e-02  0.000e+00  3.469e-02
  93000  2.21745e+00  0.000e+00  2.217e+00  0.000e+00  0.000e+00  0.000e+00  1.798e+00  2.454e-01  0.000e+00  1.740e-01
  93500  1.36321e+00  0.000e+00  1.363e+00  0.000e+00  0.000e+00  0.000e+00  4.890e-01  8.737e-01  0.000e+00  4.681e-04
  94000  6.73488e-01  0.000e+00  6.735e-01  0.000e+00  0.000e+00  0.000e+00  9.563e-02  3.242e-01  0.000e+00  2.537e-01
  94500  1.86762e+00  0.000e+00  1.868e+00  0.000e+00  0.000e+00  0.000e+00  1.722e+00  9.869e-02  0.000e+00  4.739e-02
  95000  1.88680e+00  0.000e+00  1.887e+00  0.000e+00  0.000e+00  0.000e+00  1.518e+00  2.001e-01  0.000e+00  1.689e-01
  95500  3.84097e+00  0.000e+00  3.841e+00  0.000e+00  0.000e+00  0.000e+00  1.981e+00  1.634e+00  0.000e+00  2.259e-01
  96000  2.06838e+00  0.000e+00  2.068e+00  0.000e+00  0.000e+00  0.000e+00  5.972e-01  6.176e-01  0.000e+00  8.536e-01
  96500  3.30569e-01  0.000e+00  3.306e-01  0.000e+00  0.000e+00  0.000e+00  5.308e-02  2.771e-01  0.000e+00  4.037e-04
  97000  2.74893e+00  0.000e+00  2.749e+00  0.000e+00  0.000e+00  0.000e+00  7.830e-01  7.594e-01  0.000e+00  1.207e+00
  97500  7.93615e-01  0.000e+00  7.936e-01  0.000e+00  0.000e+00  0.000e+00  4.330e-01  3.140e-01  0.000e+00  4.670e-02
  98000  2.12943e+00  0.000e+00  2.129e+00  0.000e+00  0.000e+00  0.000e+00  1.156e+00  5.057e-01  0.000e+00  4.674e-01
  98500  5.83321e-01  0.000e+00  5.833e-01  0.000e+00  0.000e+00  0.000e+00  4.506e-01  1.316e-01  0.000e+00  1.141e-03
  99000  2.50555e+00  0.000e+00  2.506e+00  0.000e+00  0.000e+00  0.000e+00  1.165e+00  4.772e-02  0.000e+00  1.293e+00
  99500  1.55048e+00  0.000e+00  1.550e+00  0.000e+00  0.000e+00  0.000e+00  1.332e+00  6.718e-02  0.000e+00  1.513e-01
 100000  3.34892e-01  0.000e+00  3.349e-01  0.000e+00  0.000e+00  0.000e+00  1.791e-01  1.261e-01  0.000e+00  2.971e-02
 100500  1.77531e+00  0.000e+00  1.775e+00  0.000e+00  0.000e+00  0.000e+00  4.290e-01  1.207e+00  0.000e+00  1.393e-01
 101000  2.38709e+00  0.000e+00  2.387e+00  0.000e+00  0.000e+00  0.000e+00  6.578e-01  5.807e-01  0.000e+00  1.149e+00
 101500  9.96817e-01  0.000e+00  9.968e-01  0.000e+00  0.000e+00  0.000e+00  5.454e-01  4.117e-01  0.000e+00  3.976e-02
 102000  3.42676e+00  0.000e+00  3.427e+00  0.000e+00  0.000e+00  0.000e+00  2.657e+00  6.986e-01  0.000e+00  7.156e-02
 102500  1.58608e+00  0.000e+00  1.586e+00  0.000e+00  0.000e+00  0.000e+00  6.008e-01  4.850e-01  0.000e+00  5.003e-01
 103000  3.65496e+00  0.000e+00  3.655e+00  0.000e+00  0.000e+00  0.000e+00  2.601e-01  2.698e+00  0.000e+00  6.970e-01
 103500  1.82745e+00  0.000e+00  1.827e+00  0.000e+00  0.000e+00  0.000e+00  1.410e+00  2.626e-01  0.000e+00  1.552e-01
 104000  8.19188e-01  0.000e+00  8.192e-01  0.000e+00  0.000e+00  0.000e+00  7.269e-01  3.047e-02  0.000e+00  6.185e-02
 104500  1.62607e+00  0.000e+00  1.626e+00  0.000e+00  0.000e+00  0.000e+00  1.276e+00  2.895e-01  0.000e+00  6.094e-02
 105000  1.43476e+00  0.000e+00  1.435e+00  0.000e+00  0.000e+00  0.000e+00  1.246e+00  1.736e-01  0.000e+00  1.522e-02
 105500  2.68667e+00  0.000e+00  2.687e+00  0.000e+00  0.000e+00  0.000e+00  2.387e-01  1.003e+00  0.000e+00  1.445e+00
 106000  1.56414e+00  0.000e+00  1.564e+00  0.000e+00  0.000e+00  0.000e+00  5.985e-01  9.656e-01  0.000e+00  1.082e-04
 106500  1.11172e+00  0.000e+00  1.112e+00  0.000e+00  0.000e+00  0.000e+00  3.278e-01  4.088e-01  0.000e+00  3.751e-01
 107000  8.52438e-01  0.000e+00  8.524e-01  0.000e+00  0.000e+00  0.000e+00  6.770e-01  1.265e-01  0.000e+00  4.889e-02
 107500  1.07345e+00  0.000e+00  1.073e+00  0.000e+00  0.000e+00  0.000e+00  4.738e-01  5.911e-01  0.000e+00  8.544e-03
 108000  3.49723e+00  0.000e+00  3.497e+00  0.000e+00  0.000e+00  0.000e+00  1.746e+00  5.226e-01  0.000e+00  1.229e+00
 108500  8.96370e-01  0.000e+00  8.964e-01  0.000e+00  0.000e+00  0.000e+00  7.374e-02  6.161e-01  0.000e+00  2.065e-01
 109000  2.05009e+00  0.000e+00  2.050e+00  0.000e+00  0.000e+00  0.000e+00  6.564e-01  1.384e+00  0.000e+00  9.308e-03
 109500  2.15385e+00  0.000e+00  2.154e+00  0.000e+00  0.000e+00  0.000e+00  1.027e-01  1.314e+00  0.000e+00  7.369e-01
 110000  2.95721e+00  0.000e+00  2.957e+00  0.000e+00  0.000e+00  0.000e+00  8.413e-01  1.253e+00  0.000e+00  8.633e-01
 110500  1.46019e+00  0.000e+00  1.460e+00  0.000e+00  0.000e+00  0.000e+00  6.760e-01  7.285e-01  0.000e+00  5.569e-02
 111000  2.28274e+00  0.000e+00  2.283e+00  0.000e+00  0.000e+00  0.000e+00  9.621e-01  1.312e+00  0.000e+00  8.869e-03
 111500  3.67218e+00  0.000e+00  3.672e+00  0.000e+00  0.000e+00  0.000e+00  1.965e+00  1.690e+00  0.000e+00  1.749e-02
 112000  1.04637e+00  0.000e+00  1.046e+00  0.000e+00  0.000e+00  0.000e+00  2.442e-01  7.785e-01  0.000e+00  2.360e-02
 112500  2.71128e+00  0.000e+00  2.711e+00  0.000e+00  0.000e+00  0.000e+00  1.701e+00  7.224e-01  0.000e+00  2.883e-01
 113000  2.86654e+00  0.000e+00  2.867e+00  0.000e+00  0.000e+00  0.000e+00  1.657e+00  4.736e-01  0.000e+00  7.361e-01
 113500  1.54655e+00  0.000e+00  1.547e+00  0.000e+00  0.000e+00  0.000e+00  1.222e+00  3.048e-01  0.000e+00  1.963e-02
 114000  1.00611e+00  0.000e+00  1.006e+00  0.000e+00  0.000e+00  0.000e+00  6.352e-01  3.133e-01  0.000e+00  5.758e-02
 114500  5.53909e-01  0.000e+00  5.539e-01  0.000e+00  0.000e+00  0.000e+00  1.167e-01  4.365e-01  0.000e+00  7.097e-04
 115000  1.14147e+00  0.000e+00  1.141e+00  0.000e+00  0.000e+00  0.000e+00  5.760e-02  1.050e+00  0.000e+00  3.381e-02
 115500  7.53225e-01  0.000e+00  7.532e-01  0.000e+00  0.000e+00  0.000e+00  3.783e-01  3.009e-01  0.000e+00  7.406e-02
 116000  2.50809e+00  0.000e+00  2.508e+00  0.000e+00  0.000e+00  0.000e+00  2.107e+00  1.770e-01  0.000e+00  2.242e-01
 116500  1.71896e+00  0.000e+00  1.719e+00  0.000e+00  0.000e+00  0.000e+00  9.428e-01  4.346e-02  0.000e+00  7.327e-01
 117000  1.25607e+00  0.000e+00  1.256e+00  0.000e+00  0.000e+00  0.000e+00  3.822e-01  7.062e-01  0.000e+00  1.677e-01
 117500  1.35044e+00  0.000e+00  1.350e+00  0.000e+00  0.000e+00  0.000e+00  1.002e+00  2.679e-01  0.000e+00  8.058e-02
 118000  2.68894e-01  0.000e+00  2.689e-01  0.000e+00  0.000e+00  0.000e+00  1.843e-01  3.423e-02  0.000e+00  5.040e-02
 118500  1.85205e+00  0.000e+00  1.852e+00  0.000e+00  0.000e+00  0.000e+00  8.953e-01  6.426e-01  0.000e+00  3.141e-01
 119000  2.24255e+00  0.000e+00  2.243e+00  0.000e+00  0.000e+00  0.000e+00  6.671e-01  1.255e+00  0.000e+00  3.202e-01
 119500  1.20286e+00  0.000e+00  1.203e+00  0.000e+00  0.000e+00  0.000e+00  6.575e-01  5.103e-01  0.000e+00  3.497e-02
 120000  1.49682e+00  0.000e+00  1.497e+00  0.000e+00  0.000e+00  0.000e+00  1.589e-01  1.334e+00  0.000e+00  3.646e-03
 120500  1.04084e+00  0.000e+00  1.041e+00  0.000e+00  0.000e+00  0.000e+00  2.961e-01  4.361e-01  0.000e+00  3.086e-01
 121000  1.29489e+00  0.000e+00  1.295e+00  0.000e+00  0.000e+00  0.000e+00  1.126e+00  1.681e-01  0.000e+00  1.213e-03
 121500  4.09875e-01  0.000e+00  4.099e-01  0.000e+00  0.000e+00  0.000e+00  1.300e-01  2.794e-01  0.000e+00  4.240e-04
 122000  1.05860e+00  0.000e+00  1.059e+00  0.000e+00  0.000e+00  0.000e+00  8.769e-01  1.757e-01  0.000e+00  6.027e-03
 122500  6.93820e-01  0.000e+00  6.938e-01  0.000e+00  0.000e+00  0.000e+00  4.163e-01  2.326e-01  0.000e+00  4.492e-02
 123000  1.19815e+00  0.000e+00  1.198e+00  0.000e+00  0.000e+00  0.000e+00  4.462e-01  7.432e-01  0.000e+00  8.699e-03
 123500  1.60096e+00  0.000e+00  1.601e+00  0.000e+00  0.000e+00  0.000e+00  1.523e+00  6.786e-02  0.000e+00  9.688e-03
 124000  1.82133e+00  0.000e+00  1.821e+00  0.000e+00  0.000e+00  0.000e+00  1.536e+00  2.641e-01  0.000e+00  2.124e-02
 124500  2.11770e+00  0.000e+00  2.118e+00  0.000e+00  0.000e+00  0.000e+00  3.733e-01  1.718e+00  0.000e+00  2.662e-02
 125000  1.18771e+00  0.000e+00  1.188e+00  0.000e+00  0.000e+00  0.000e+00  6.044e-01  2.473e-01  0.000e+00  3.361e-01
 125500  1.33485e+00  0.000e+00  1.335e+00  0.000e+00  0.000e+00  0.000e+00  9.510e-01  3.809e-01  0.000e+00  2.958e-03
 126000  1.86971e+00  0.000e+00  1.870e+00  0.000e+00  0.000e+00  0.000e+00  1.173e+00  3.309e-01  0.000e+00  3.655e-01
 126500  2.40120e+00  0.000e+00  2.401e+00  0.000e+00  0.000e+00  0.000e+00  5.330e-01  1.789e+00  0.000e+00  7.895e-02
 127000  1.48820e+00  0.000e+00  1.488e+00  0.000e+00  0.000e+00  0.000e+00  6.053e-01  8.713e-01  0.000e+00  1.161e-02
 127500  4.93900e-01  0.000e+00  4.939e-01  0.000e+00  0.000e+00  0.000e+00  4.437e-01  4.956e-02  0.000e+00  6.153e-04
 128000  3.29363e+00  0.000e+00  3.294e+00  0.000e+00  0.000e+00  0.000e+00  2.192e+00  3.399e-01  0.000e+00  7.617e-01
 128500  1.81584e+00  0.000e+00  1.816e+00  0.000e+00  0.000e+00  0.000e+00  8.577e-01  8.752e-01  0.000e+00  8.297e-02
 129000  1.22274e+00  0.000e+00  1.223e+00  0.000e+00  0.000e+00  0.000e+00  4.423e-01  6.995e-01  0.000e+00  8.099e-02
 129500  2.01528e+00  0.000e+00  2.015e+00  0.000e+00  0.000e+00  0.000e+00  2.028e-01  1.531e+00  0.000e+00  2.816e-01
 130000  1.83486e+00  0.000e+00  1.835e+00  0.000e+00  0.000e+00  0.000e+00  4.902e-01  1.345e+00  0.000e+00  6.801e-06
 130500  8.21080e-01  0.000e+00  8.211e-01  0.000e+00  0.000e+00  0.000e+00  1.763e-01  1.108e-01  0.000e+00  5.340e-01
 131000  1.01265e+00  0.000e+00  1.013e+00  0.000e+00  0.000e+00  0.000e+00  2.345e-01  4.117e-02  0.000e+00  7.370e-01
 131500  1.48855e+00  0.000e+00  1.489e+00  0.000e+00  0.000e+00  0.000e+00  5.048e-01  9.557e-01  0.000e+00  2.805e-02
 132000  1.59591e+00  0.000e+00  1.596e+00  0.000e+00  0.000e+00  0.000e+00  3.436e-01  1.849e-01  0.000e+00  1.067e+00
 132500  2.15386e+00  0.000e+00  2.154e+00  0.000e+00  0.000e+00  0.000e+00  1.450e+00  5.321e-01  0.000e+00  1.717e-01
 133000  1.62435e+00  0.000e+00  1.624e+00  0.000e+00  0.000e+00  0.000e+00  7.919e-01  8.235e-01  0.000e+00  8.903e-03
 133500  3.39616e-01  0.000e+00  3.396e-01  0.000e+00  0.000e+00  0.000e+00  2.956e-02  3.019e-01  0.000e+00  8.144e-03
 134000  1.20391e+00  0.000e+00  1.204e+00  0.000e+00  0.000e+00  0.000e+00  5.505e-02  4.417e-02  0.000e+00  1.105e+00
 134500  7.06531e-01  0.000e+00  7.065e-01  0.000e+00  0.000e+00  0.000e+00  3.194e-01  2.267e-01  0.000e+00  1.605e-01
 135000  2.32319e+00  0.000e+00  2.323e+00  0.000e+00  0.000e+00  0.000e+00  1.371e+00  3.085e-01  0.000e+00  6.434e-01
 135500  1.34873e+00  0.000e+00  1.349e+00  0.000e+00  0.000e+00  0.000e+00  1.188e+00  1.598e-01  0.000e+00  8.215e-04
 136000  2.25135e+00  0.000e+00  2.251e+00  0.000e+00  0.000e+00  0.000e+00  1.515e+00  1.927e-01  0.000e+00  5.434e-01
 136500  1.04548e+00  0.000e+00  1.045e+00  0.000e+00  0.000e+00  0.000e+00  8.088e-02  1.021e-01  0.000e+00  8.625e-01
 137000  1.70505e+00  0.000e+00  1.705e+00  0.000e+00  0.000e+00  0.000e+00  9.753e-01  4.573e-01  0.000e+00  2.725e-01
 137500  1.58135e+00  0.000e+00  1.581e+00  0.000e+00  0.000e+00  0.000e+00  8.255e-01  1.623e-01  0.000e+00  5.936e-01
 138000  2.70814e+00  0.000e+00  2.708e+00  0.000e+00  0.000e+00  0.000e+00  8.962e-01  1.704e+00  0.000e+00  1.077e-01
 138500  1.57592e+00  0.000e+00  1.576e+00  0.000e+00  0.000e+00  0.000e+00  1.003e+00  4.645e-01  0.000e+00  1.083e-01
 139000  2.45707e+00  0.000e+00  2.457e+00  0.000e+00  0.000e+00  0.000e+00  8.512e-02  5.645e-01  0.000e+00  1.807e+00
 139500  1.38312e+00  0.000e+00  1.383e+00  0.000e+00  0.000e+00  0.000e+00  5.892e-01  7.892e-01  0.000e+00  4.729e-03
 140000  4.12184e+00  0.000e+00  4.122e+00  0.000e+00  0.000e+00  0.000e+00  1.834e+00  2.209e+00  0.000e+00  7.896e-02
 140500  1.01953e+00  0.000e+00  1.020e+00  0.000e+00  0.000e+00  0.000e+00  4.236e-01  3.518e-01  0.000e+00  2.441e-01
 141000  2.60491e+00  0.000e+00  2.605e+00  0.000e+00  0.000e+00  0.000e+00  2.386e+00  1.504e-01  0.000e+00  6.847e-02
 141500  7.44605e-01  0.000e+00  7.446e-01  0.000e+00  0.000e+00  0.000e+00  1.120e-01  6.070e-01  0.000e+00  2.554e-02
 142000  1.96697e+00  0.000e+00  1.967e+00  0.000e+00  0.000e+00  0.000e+00  4.497e-01  1.513e+00  0.000e+00  4.376e-03
 142500  1.24877e+00  0.000e+00  1.249e+00  0.000e+00  0.000e+00  0.000e+00  1.096e+00  7.034e-02  0.000e+00  8.198e-02
 143000  1.30316e+00  0.000e+00  1.303e+00  0.000e+00  0.000e+00  0.000e+00  1.095e+00  1.449e-01  0.000e+00  6.358e-02
 143500  2.20553e+00  0.000e+00  2.206e+00  0.000e+00  0.000e+00  0.000e+00  4.153e-01  3.436e-01  0.000e+00  1.447e+00
 144000  3.04491e+00  0.000e+00  3.045e+00  0.000e+00  0.000e+00  0.000e+00  2.238e+00  2.155e-01  0.000e+00  5.912e-01
 144500  1.19050e+00  0.000e+00  1.190e+00  0.000e+00  0.000e+00  0.000e+00  7.812e-01  3.280e-01  0.000e+00  8.133e-02
 145000  2.32780e+00  0.000e+00  2.328e+00  0.000e+00  0.000e+00  0.000e+00  2.807e-01  7.923e-01  0.000e+00  1.255e+00
 145500  2.82233e+00  0.000e+00  2.822e+00  0.000e+00  0.000e+00  0.000e+00  2.228e+00  5.813e-01  0.000e+00  1.324e-02
 146000  1.19014e+00  0.000e+00  1.190e+00  0.000e+00  0.000e+00  0.000e+00  1.004e+00  1.246e-01  0.000e+00  6.179e-02
 146500  9.51696e-01  0.000e+00  9.517e-01  0.000e+00  0.000e+00  0.000e+00  6.692e-01  2.740e-01  0.000e+00  8.502e-03
 147000  1.81057e+00  0.000e+00  1.811e+00  0.000e+00  0.000e+00  0.000e+00  4.434e-01  1.937e-01  0.000e+00  1.174e+00
 147500  3.61726e+00  0.000e+00  3.617e+00  0.000e+00  0.000e+00  0.000e+00  4.440e-01  6.663e-01  0.000e+00  2.507e+00
 148000  2.56329e+00  0.000e+00  2.563e+00  0.000e+00  0.000e+00  0.000e+00  2.405e+00  9.546e-02  0.000e+00  6.276e-02
 148500  9.91471e-01  0.000e+00  9.915e-01  0.000e+00  0.000e+00  0.000e+00  8.124e-01  9.698e-02  0.000e+00  8.207e-02
 149000  1.42381e+00  0.000e+00  1.424e+00  0.000e+00  0.000e+00  0.000e+00  4.120e-01  9.888e-01  0.000e+00  2.305e-02
 149500  2.02815e+00  0.000e+00  2.028e+00  0.000e+00  0.000e+00  0.000e+00  1.771e+00  1.877e-01  0.000e+00  6.949e-02
 150000  1.09727e+00  0.000e+00  1.097e+00  0.000e+00  0.000e+00  0.000e+00  4.082e-01  4.589e-01  0.000e+00  2.301e-01
 150500  2.21573e+00  0.000e+00  2.216e+00  0.000e+00  0.000e+00  0.000e+00  3.483e-01  9.962e-01  0.000e+00  8.713e-01
 151000  1.56570e+00  0.000e+00  1.566e+00  0.000e+00  0.000e+00  0.000e+00  2.903e-01  6.229e-01  0.000e+00  6.526e-01
 151500  1.12553e+00  0.000e+00  1.126e+00  0.000e+00  0.000e+00  0.000e+00  1.164e-01  5.478e-01  0.000e+00  4.614e-01
 152000  1.44133e+00  0.000e+00  1.441e+00  0.000e+00  0.000e+00  0.000e+00  1.216e+00  9.430e-02  0.000e+00  1.308e-01
 152500  3.80077e-01  0.000e+00  3.801e-01  0.000e+00  0.000e+00  0.000e+00  2.205e-01  1.496e-01  0.000e+00  9.998e-03
 153000  1.64109e+00  0.000e+00  1.641e+00  0.000e+00  0.000e+00  0.000e+00  4.647e-01  1.094e+00  0.000e+00  8.217e-02
 153500  1.60343e+00  0.000e+00  1.603e+00  0.000e+00  0.000e+00  0.000e+00  1.434e+00  1.687e-01  0.000e+00  2.731e-04
 154000  5.87620e-01  0.000e+00  5.876e-01  0.000e+00  0.000e+00  0.000e+00  2.016e-01  2.633e-01  0.000e+00  1.227e-01
 154500  2.40933e+00  0.000e+00  2.409e+00  0.000e+00  0.000e+00  0.000e+00  2.311e+00  7.801e-02  0.000e+00  2.040e-02
 155000  9.29900e-01  0.000e+00  9.299e-01  0.000e+00  0.000e+00  0.000e+00  1.839e-01  1.983e-01  0.000e+00  5.477e-01
 155500  3.01914e+00  0.000e+00  3.019e+00  0.000e+00  0.000e+00  0.000e+00  2.307e+00  6.651e-01  0.000e+00  4.681e-02
 156000  3.95668e+00  0.000e+00  3.957e+00  0.000e+00  0.000e+00  0.000e+00  1.236e+00  7.710e-01  0.000e+00  1.950e+00
 156500  2.04495e+00  0.000e+00  2.045e+00  0.000e+00  0.000e+00  0.000e+00  1.293e+00  3.702e-01  0.000e+00  3.813e-01
 157000  8.05795e-01  0.000e+00  8.058e-01  0.000e+00  0.000e+00  0.000e+00  1.885e-01  9.481e-02  0.000e+00  5.224e-01
 157500  4.04965e-01  0.000e+00  4.050e-01  0.000e+00  0.000e+00  0.000e+00  6.277e-02  3.049e-01  0.000e+00  3.728e-02
 158000  1.03387e+00  0.000e+00  1.034e+00  0.000e+00  0.000e+00  0.000e+00  7.312e-01  2.187e-01  0.000e+00  8.393e-02
 158500  9.21739e-01  0.000e+00  9.217e-01  0.000e+00  0.000e+00  0.000e+00  5.780e-01  2.077e-01  0.000e+00  1.360e-01
 159000  8.64602e-01  0.000e+00  8.646e-01  0.000e+00  0.000e+00  0.000e+00  7.419e-01  6.684e-02  0.000e+00  5.586e-02
 159500  3.84127e+00  0.000e+00  3.841e+00  0.000e+00  0.000e+00  0.000e+00  2.156e+00  1.681e+00  0.000e+00  4.417e-03
 160000  1.91053e+00  0.000e+00  1.911e+00  0.000e+00  0.000e+00  0.000e+00  1.875e+00  3.179e-02  0.000e+00  4.183e-03
 160500  1.46917e+00  0.000e+00  1.469e+00  0.000e+00  0.000e+00  0.000e+00  1.259e+00  2.070e-01  0.000e+00  3.410e-03
 161000  1.06518e+00  0.000e+00  1.065e+00  0.000e+00  0.000e+00  0.000e+00  6.115e-01  3.312e-01  0.000e+00  1.225e-01
 161500  2.39476e+00  0.000e+00  2.395e+00  0.000e+00  0.000e+00  0.000e+00  2.172e+00  1.061e-01  0.000e+00  1.170e-01
 162000  1.56167e+00  0.000e+00  1.562e+00  0.000e+00  0.000e+00  0.000e+00  1.172e+00  1.250e-01  0.000e+00  2.649e-01
 162500  1.96380e+00  0.000e+00  1.964e+00  0.000e+00  0.000e+00  0.000e+00  7.572e-01  1.076e+00  0.000e+00  1.306e-01
 163000  1.72325e+00  0.000e+00  1.723e+00  0.000e+00  0.000e+00  0.000e+00  1.076e+00  5.969e-01  0.000e+00  5.085e-02
 163500  1.10397e+00  0.000e+00  1.104e+00  0.000e+00  0.000e+00  0.000e+00  1.021e-01  9.691e-01  0.000e+00  3.283e-02
 164000  1.03414e+00  0.000e+00  1.034e+00  0.000e+00  0.000e+00  0.000e+00  7.542e-01  1.427e-01  0.000e+00  1.373e-01
 164500  1.13363e+00  0.000e+00  1.134e+00  0.000e+00  0.000e+00  0.000e+00  8.645e-01  2.633e-01  0.000e+00  5.836e-03
 165000  1.82082e+00  0.000e+00  1.821e+00  0.000e+00  0.000e+00  0.000e+00  9.182e-01  6.939e-01  0.000e+00  2.087e-01
 165500  1.61094e+00  0.000e+00  1.611e+00  0.000e+00  0.000e+00  0.000e+00  1.056e+00  5.500e-01  0.000e+00  4.874e-03
 166000  3.28972e+00  0.000e+00  3.290e+00  0.000e+00  0.000e+00  0.000e+00  8.375e-01  2.407e+00  0.000e+00  4.493e-02
 166500  1.72035e+00  0.000e+00  1.720e+00  0.000e+00  0.000e+00  0.000e+00  1.220e+00  4.457e-01  0.000e+00  5.431e-02
 167000  1.52919e+00  0.000e+00  1.529e+00  0.000e+00  0.000e+00  0.000e+00  8.414e-01  5.264e-01  0.000e+00  1.614e-01
 167500  8.22357e-01  0.000e+00  8.224e-01  0.000e+00  0.000e+00  0.000e+00  2.211e-01  3.499e-01  0.000e+00  2.513e-01
 168000  4.43267e+00  0.000e+00  4.433e+00  0.000e+00  0.000e+00  0.000e+00  2.339e+00  1.993e+00  0.000e+00  1.011e-01
 168500  3.01445e-01  0.000e+00  3.014e-01  0.000e+00  0.000e+00  0.000e+00  7.182e-02  8.048e-02  0.000e+00  1.491e-01
 169000  2.62474e+00  0.000e+00  2.625e+00  0.000e+00  0.000e+00  0.000e+00  2.345e+00  2.755e-01  0.000e+00  4.335e-03
 169500  1.20980e+00  0.000e+00  1.210e+00  0.000e+00  0.000e+00  0.000e+00  2.953e-01  7.670e-01  0.000e+00  1.475e-01
 170000  5.85407e-01  0.000e+00  5.854e-01  0.000e+00  0.000e+00  0.000e+00  5.597e-01  7.471e-03  0.000e+00  1.820e-02
 170500  4.01305e+00  0.000e+00  4.013e+00  0.000e+00  0.000e+00  0.000e+00  2.450e+00  1.514e+00  0.000e+00  4.897e-02
 171000  1.00934e+00  0.000e+00  1.009e+00  0.000e+00  0.000e+00  0.000e+00  4.189e-01  4.154e-01  0.000e+00  1.751e-01
 171500  1.15226e+00  0.000e+00  1.152e+00  0.000e+00  0.000e+00  0.000e+00  6.070e-01  3.865e-01  0.000e+00  1.588e-01
 172000  2.23562e+00  0.000e+00  2.236e+00  0.000e+00  0.000e+00  0.000e+00  1.549e+00  3.296e-01  0.000e+00  3.573e-01
 172500  5.71210e+00  0.000e+00  5.712e+00  0.000e+00  0.000e+00  0.000e+00  4.569e-01  5.019e+00  0.000e+00  2.358e-01
 173000  1.35008e+00  0.000e+00  1.350e+00  0.000e+00  0.000e+00  0.000e+00  7.243e-01  6.202e-01  0.000e+00  5.524e-03
 173500  1.52725e+00  0.000e+00  1.527e+00  0.000e+00  0.000e+00  0.000e+00  1.311e+00  7.856e-02  0.000e+00  1.376e-01
 174000  2.32200e+00  0.000e+00  2.322e+00  0.000e+00  0.000e+00  0.000e+00  2.041e+00  2.080e-01  0.000e+00  7.256e-02
 174500  1.84556e+00  0.000e+00  1.846e+00  0.000e+00  0.000e+00  0.000e+00  4.816e-01  6.586e-01  0.000e+00  7.053e-01
 175000  1.46092e+00  0.000e+00  1.461e+00  0.000e+00  0.000e+00  0.000e+00  1.517e-01  1.263e+00  0.000e+00  4.630e-02
 175500  8.95636e-01  0.000e+00  8.956e-01  0.000e+00  0.000e+00  0.000e+00  6.363e-01  2.102e-01  0.000e+00  4.923e-02
 176000  7.25030e-01  0.000e+00  7.250e-01  0.000e+00  0.000e+00  0.000e+00  4.704e-01  2.301e-01  0.000e+00  2.453e-02
 176500  2.15301e+00  0.000e+00  2.153e+00  0.000e+00  0.000e+00  0.000e+00  1.855e+00  2.946e-01  0.000e+00  3.683e-03
 177000  3.43737e+00  0.000e+00  3.437e+00  0.000e+00  0.000e+00  0.000e+00  6.516e-01  1.938e+00  0.000e+00  8.475e-01
 177500  2.61384e+00  0.000e+00  2.614e+00  0.000e+00  0.000e+00  0.000e+00  2.322e+00  2.196e-01  0.000e+00  7.209e-02
 178000  8.59868e-01  0.000e+00  8.599e-01  0.000e+00  0.000e+00  0.000e+00  5.765e-01  8.998e-02  0.000e+00  1.934e-01
 178500  1.91432e+00  0.000e+00  1.914e+00  0.000e+00  0.000e+00  0.000e+00  1.071e+00  8.405e-01  0.000e+00  2.549e-03
 179000  3.38886e+00  0.000e+00  3.389e+00  0.000e+00  0.000e+00  0.000e+00  1.403e+00  1.245e+00  0.000e+00  7.410e-01
 179500  1.26606e+00  0.000e+00  1.266e+00  0.000e+00  0.000e+00  0.000e+00  1.064e+00  1.693e-01  0.000e+00  3.268e-02
 180000  1.71914e+00  0.000e+00  1.719e+00  0.000e+00  0.000e+00  0.000e+00  6.297e-01  1.061e+00  0.000e+00  2.860e-02
 180500  8.20988e-01  0.000e+00  8.210e-01  0.000e+00  0.000e+00  0.000e+00  5.411e-01  6.738e-02  0.000e+00  2.125e-01
 181000  1.11515e+00  0.000e+00  1.115e+00  0.000e+00  0.000e+00  0.000e+00  6.691e-01  4.372e-01  0.000e+00  8.862e-03
 181500  1.75179e+00  0.000e+00  1.752e+00  0.000e+00  0.000e+00  0.000e+00  2.953e-01  1.106e+00  0.000e+00  3.509e-01
 182000  4.04992e-01  0.000e+00  4.050e-01  0.000e+00  0.000e+00  0.000e+00  3.907e-01  1.387e-02  0.000e+00  4.386e-04
 182500  1.01919e+00  0.000e+00  1.019e+00  0.000e+00  0.000e+00  0.000e+00  3.807e-01  6.232e-01  0.000e+00  1.525e-02
 183000  8.84224e-01  0.000e+00  8.842e-01  0.000e+00  0.000e+00  0.000e+00  2.572e-01  6.128e-01  0.000e+00  1.428e-02
 183500  2.59419e+00  0.000e+00  2.594e+00  0.000e+00  0.000e+00  0.000e+00  1.662e+00  5.456e-01  0.000e+00  3.861e-01
 184000  1.32259e+00  0.000e+00  1.323e+00  0.000e+00  0.000e+00  0.000e+00  5.722e-01  3.571e-01  0.000e+00  3.933e-01
 184500  1.31216e+00  0.000e+00  1.312e+00  0.000e+00  0.000e+00  0.000e+00  9.397e-01  1.889e-02  0.000e+00  3.536e-01
 185000  1.19111e+00  0.000e+00  1.191e+00  0.000e+00  0.000e+00  0.000e+00  1.014e+00  1.715e-01  0.000e+00  5.656e-03
 185500  1.77152e+00  0.000e+00  1.772e+00  0.000e+00  0.000e+00  0.000e+00  2.231e-01  1.055e+00  0.000e+00  4.937e-01
 186000  4.22342e+00  0.000e+00  4.223e+00  0.000e+00  0.000e+00  0.000e+00  4.335e-01  2.898e+00  0.000e+00  8.918e-01
 186500  2.13657e+00  0.000e+00  2.137e+00  0.000e+00  0.000e+00  0.000e+00  1.480e+00  6.309e-01  0.000e+00  2.558e-02
 187000  5.46814e-01  0.000e+00  5.468e-01  0.000e+00  0.000e+00  0.000e+00  3.472e-01  6.320e-02  0.000e+00  1.364e-01
 187500  1.41517e+00  0.000e+00  1.415e+00  0.000e+00  0.000e+00  0.000e+00  4.404e-01  2.452e-01  0.000e+00  7.296e-01
 188000  2.10998e+00  0.000e+00  2.110e+00  0.000e+00  0.000e+00  0.000e+00  5.415e-01  1.520e+00  0.000e+00  4.814e-02
 188500  4.06294e+00  0.000e+00  4.063e+00  0.000e+00  0.000e+00  0.000e+00  1.181e+00  2.880e+00  0.000e+00  1.447e-03
 189000  9.04446e-01  0.000e+00  9.044e-01  0.000e+00  0.000e+00  0.000e+00  1.184e-01  4.086e-01  0.000e+00  3.774e-01
 189500  2.08450e+00  0.000e+00  2.085e+00  0.000e+00  0.000e+00  0.000e+00  4.959e-01  8.265e-01  0.000e+00  7.621e-01
 190000  4.71879e+00  0.000e+00  4.719e+00  0.000e+00  0.000e+00  0.000e+00  2.245e+00  1.059e+00  0.000e+00  1.415e+00
 190500  2.82567e+00  0.000e+00  2.826e+00  0.000e+00  0.000e+00  0.000e+00  3.586e-01  2.010e+00  0.000e+00  4.575e-01
 191000  8.87545e-01  0.000e+00  8.875e-01  0.000e+00  0.000e+00  0.000e+00  2.565e-01  4.853e-01  0.000e+00  1.457e-01
 191500  2.69470e+00  0.000e+00  2.695e+00  0.000e+00  0.000e+00  0.000e+00  9.479e-01  1.702e+00  0.000e+00  4.494e-02
 192000  1.71207e+00  0.000e+00  1.712e+00  0.000e+00  0.000e+00  0.000e+00  9.148e-01  7.856e-01  0.000e+00  1.167e-02
 192500  3.34083e+00  0.000e+00  3.341e+00  0.000e+00  0.000e+00  0.000e+00  2.844e+00  1.536e-01  0.000e+00  3.434e-01
 193000  2.85977e+00  0.000e+00  2.860e+00  0.000e+00  0.000e+00  0.000e+00  2.623e+00  2.110e-01  0.000e+00  2.560e-02
 193500  2.28744e+00  0.000e+00  2.287e+00  0.000e+00  0.000e+00  0.000e+00  4.955e-01  1.257e+00  0.000e+00  5.349e-01
 194000  2.18825e+00  0.000e+00  2.188e+00  0.000e+00  0.000e+00  0.000e+00  1.271e+00  1.600e-01  0.000e+00  7.575e-01
 194500  9.47066e-01  0.000e+00  9.471e-01  0.000e+00  0.000e+00  0.000e+00  5.938e-01  3.488e-01  0.000e+00  4.465e-03
 195000  7.18224e-01  0.000e+00  7.182e-01  0.000e+00  0.000e+00  0.000e+00  3.773e-02  6.563e-01  0.000e+00  2.418e-02
 195500  1.01813e+00  0.000e+00  1.018e+00  0.000e+00  0.000e+00  0.000e+00  4.725e-01  4.066e-01  0.000e+00  1.390e-01
 196000  3.67287e+00  0.000e+00  3.673e+00  0.000e+00  0.000e+00  0.000e+00  1.803e+00  1.828e+00  0.000e+00  4.154e-02
 196500  2.04301e+00  0.000e+00  2.043e+00  0.000e+00  0.000e+00  0.000e+00  1.385e+00  4.448e-01  0.000e+00  2.134e-01
 197000  2.12743e+00  0.000e+00  2.127e+00  0.000e+00  0.000e+00  0.000e+00  7.775e-01  5.722e-01  0.000e+00  7.776e-01
 197500  4.58198e+00  0.000e+00  4.582e+00  0.000e+00  0.000e+00  0.000e+00  1.701e+00  7.338e-01  0.000e+00  2.148e+00
 198000  1.46372e+00  0.000e+00  1.464e+00  0.000e+00  0.000e+00  0.000e+00  4.018e-01  4.956e-01  0.000e+00  5.663e-01
 198500  2.46005e+00  0.000e+00  2.460e+00  0.000e+00  0.000e+00  0.000e+00  2.440e+00  1.956e-02  0.000e+00  1.930e-05
 199000  1.51393e+00  0.000e+00  1.514e+00  0.000e+00  0.000e+00  0.000e+00  4.244e-01  7.530e-01  0.000e+00  3.365e-01
 199500  8.66583e-01  0.000e+00  8.666e-01  0.000e+00  0.000e+00  0.000e+00  5.889e-01  2.152e-01  0.000e+00  6.241e-02
 200000  1.63357e+00  0.000e+00  1.634e+00  0.000e+00  0.000e+00  0.000e+00  1.036e+00  1.197e-01  0.000e+00  4.779e-01
 200500  2.05702e+00  0.000e+00  2.057e+00  0.000e+00  0.000e+00  0.000e+00  1.236e+00  5.344e-01  0.000e+00  2.864e-01
 201000  9.02945e-01  0.000e+00  9.029e-01  0.000e+00  0.000e+00  0.000e+00  6.393e-01  2.620e-01  0.000e+00  1.579e-03
 201500  2.37870e+00  0.000e+00  2.379e+00  0.000e+00  0.000e+00  0.000e+00  1.495e+00  8.558e-01  0.000e+00  2.771e-02
 202000  1.86523e+00  0.000e+00  1.865e+00  0.000e+00  0.000e+00  0.000e+00  4.437e-01  2.946e-01  0.000e+00  1.127e+00
 202500  3.33260e+00  0.000e+00  3.333e+00  0.000e+00  0.000e+00  0.000e+00  4.319e-01  2.839e+00  0.000e+00  6.215e-02
 203000  1.48387e+00  0.000e+00  1.484e+00  0.000e+00  0.000e+00  0.000e+00  1.130e+00  1.977e-02  0.000e+00  3.338e-01
 203500  2.24619e+00  0.000e+00  2.246e+00  0.000e+00  0.000e+00  0.000e+00  1.071e+00  8.265e-01  0.000e+00  3.489e-01
 204000  1.55921e+00  0.000e+00  1.559e+00  0.000e+00  0.000e+00  0.000e+00  2.312e-01  1.295e-01  0.000e+00  1.198e+00
 204500  7.91804e-01  0.000e+00  7.918e-01  0.000e+00  0.000e+00  0.000e+00  5.294e-01  9.341e-02  0.000e+00  1.690e-01
 205000  3.40663e+00  0.000e+00  3.407e+00  0.000e+00  0.000e+00  0.000e+00  2.754e+00  6.454e-01  0.000e+00  7.614e-03
 205500  8.90218e-01  0.000e+00  8.902e-01  0.000e+00  0.000e+00  0.000e+00  4.693e-01  4.188e-01  0.000e+00  2.166e-03
 206000  2.44423e+00  0.000e+00  2.444e+00  0.000e+00  0.000e+00  0.000e+00  1.199e+00  7.085e-01  0.000e+00  5.365e-01
 206500  5.16462e-01  0.000e+00  5.165e-01  0.000e+00  0.000e+00  0.000e+00  3.459e-01  1.418e-01  0.000e+00  2.869e-02
 207000  1.77933e+00  0.000e+00  1.779e+00  0.000e+00  0.000e+00  0.000e+00  1.495e+00  1.425e-02  0.000e+00  2.697e-01
 207500  7.53818e-01  0.000e+00  7.538e-01  0.000e+00  0.000e+00  0.000e+00  2.240e-01  3.931e-01  0.000e+00  1.367e-01
 208000  1.65386e+00  0.000e+00  1.654e+00  0.000e+00  0.000e+00  0.000e+00  1.564e+00  4.388e-02  0.000e+00  4.593e-02
 208500  1.40230e+00  0.000e+00  1.402e+00  0.000e+00  0.000e+00  0.000e+00  8.876e-01  2.262e-01  0.000e+00  2.885e-01
 209000  4.72165e+00  0.000e+00  4.722e+00  0.000e+00  0.000e+00  0.000e+00  1.637e+00  2.228e+00  0.000e+00  8.562e-01
 209500  2.85941e+00  0.000e+00  2.859e+00  0.000e+00  0.000e+00  0.000e+00  2.368e+00  2.675e-01  0.000e+00  2.237e-01
 210000  1.45219e+00  0.000e+00  1.452e+00  0.000e+00  0.000e+00  0.000e+00  6.292e-01  3.625e-01  0.000e+00  4.606e-01
 210500  1.26914e+00  0.000e+00  1.269e+00  0.000e+00  0.000e+00  0.000e+00  3.389e-01  5.702e-01  0.000e+00  3.601e-01
 211000  3.26330e+00  0.000e+00  3.263e+00  0.000e+00  0.000e+00  0.000e+00  4.446e-01  2.083e+00  0.000e+00  7.356e-01
 211500  2.71812e+00  0.000e+00  2.718e+00  0.000e+00  0.000e+00  0.000e+00  7.579e-01  1.914e+00  0.000e+00  4.654e-02
 212000  1.34551e+00  0.000e+00  1.346e+00  0.000e+00  0.000e+00  0.000e+00  4.997e-01  1.810e-01  0.000e+00  6.648e-01
 212500  1.16525e+00  0.000e+00  1.165e+00  0.000e+00  0.000e+00  0.000e+00  7.336e-01  4.305e-01  0.000e+00  1.061e-03
 213000  1.21265e+00  0.000e+00  1.213e+00  0.000e+00  0.000e+00  0.000e+00  2.049e-01  9.900e-01  0.000e+00  1.766e-02
 213500  2.20981e+00  0.000e+00  2.210e+00  0.000e+00  0.000e+00  0.000e+00  1.025e-01  1.971e+00  0.000e+00  1.365e-01
 214000  9.01197e-01  0.000e+00  9.012e-01  0.000e+00  0.000e+00  0.000e+00  2.210e-01  2.448e-01  0.000e+00  4.354e-01
 214500  1.17296e+00  0.000e+00  1.173e+00  0.000e+00  0.000e+00  0.000e+00  8.701e-01  2.425e-01  0.000e+00  6.028e-02
 215000  7.48965e-01  0.000e+00  7.490e-01  0.000e+00  0.000e+00  0.000e+00  7.288e-01  1.351e-02  0.000e+00  6.613e-03
 215500  1.63160e+00  0.000e+00  1.632e+00  0.000e+00  0.000e+00  0.000e+00  6.594e-01  3.820e-01  0.000e+00  5.902e-01
 216000  1.68445e+00  0.000e+00  1.684e+00  0.000e+00  0.000e+00  0.000e+00  9.196e-01  6.474e-01  0.000e+00  1.175e-01
 216500  1.92251e+00  0.000e+00  1.923e+00  0.000e+00  0.000e+00  0.000e+00  5.703e-01  9.797e-01  0.000e+00  3.725e-01
 217000  3.33052e+00  0.000e+00  3.331e+00  0.000e+00  0.000e+00  0.000e+00  2.394e+00  8.815e-01  0.000e+00  5.497e-02
 217500  8.86032e-01  0.000e+00  8.860e-01  0.000e+00  0.000e+00  0.000e+00  3.688e-02  8.481e-01  0.000e+00  1.054e-03
 218000  6.46050e-01  0.000e+00  6.460e-01  0.000e+00  0.000e+00  0.000e+00  3.877e-01  2.465e-01  0.000e+00  1.184e-02
 218500  4.31527e-01  0.000e+00  4.315e-01  0.000e+00  0.000e+00  0.000e+00  2.873e-01  1.688e-02  0.000e+00  1.274e-01
 219000  1.44798e+00  0.000e+00  1.448e+00  0.000e+00  0.000e+00  0.000e+00  7.976e-01  6.160e-01  0.000e+00  3.446e-02
 219500  1.66871e+00  0.000e+00  1.669e+00  0.000e+00  0.000e+00  0.000e+00  7.706e-01  6.499e-01  0.000e+00  2.482e-01
 220000  8.82042e-01  0.000e+00  8.820e-01  0.000e+00  0.000e+00  0.000e+00  4.213e-01  4.604e-01  0.000e+00  2.989e-04
 220500  4.03211e+00  0.000e+00  4.032e+00  0.000e+00  0.000e+00  0.000e+00  2.769e+00  9.808e-01  0.000e+00  2.820e-01
 221000  2.21458e+00  0.000e+00  2.215e+00  0.000e+00  0.000e+00  0.000e+00  2.367e-01  6.247e-01  0.000e+00  1.353e+00
 221500  1.23937e+00  0.000e+00  1.239e+00  0.000e+00  0.000e+00  0.000e+00  6.643e-01  8.725e-02  0.000e+00  4.878e-01
 222000  5.58868e-01  0.000e+00  5.589e-01  0.000e+00  0.000e+00  0.000e+00  4.895e-01  6.402e-02  0.000e+00  5.345e-03
 222500  2.27814e+00  0.000e+00  2.278e+00  0.000e+00  0.000e+00  0.000e+00  1.136e+00  1.089e+00  0.000e+00  5.350e-02
 223000  3.37024e+00  0.000e+00  3.370e+00  0.000e+00  0.000e+00  0.000e+00  1.943e+00  9.657e-01  0.000e+00  4.615e-01
 223500  2.21803e+00  0.000e+00  2.218e+00  0.000e+00  0.000e+00  0.000e+00  5.473e-01  1.464e-01  0.000e+00  1.524e+00
 224000  1.42997e+00  0.000e+00  1.430e+00  0.000e+00  0.000e+00  0.000e+00  1.344e+00  5.656e-02  0.000e+00  2.928e-02
 224500  2.51939e+00  0.000e+00  2.519e+00  0.000e+00  0.000e+00  0.000e+00  7.408e-01  5.413e-01  0.000e+00  1.237e+00
 225000  9.51697e-01  0.000e+00  9.517e-01  0.000e+00  0.000e+00  0.000e+00  4.847e-01  2.972e-01  0.000e+00  1.697e-01
 225500  1.46725e+00  0.000e+00  1.467e+00  0.000e+00  0.000e+00  0.000e+00  4.298e-01  5.028e-02  0.000e+00  9.872e-01
 226000  2.34345e+00  0.000e+00  2.343e+00  0.000e+00  0.000e+00  0.000e+00  5.789e-02  1.841e+00  0.000e+00  4.444e-01
 226500  3.26189e+00  0.000e+00  3.262e+00  0.000e+00  0.000e+00  0.000e+00  1.597e+00  1.518e+00  0.000e+00  1.468e-01
 227000  4.42389e-01  0.000e+00  4.424e-01  0.000e+00  0.000e+00  0.000e+00  2.066e-01  4.311e-03  0.000e+00  2.314e-01
 227500  3.40603e+00  0.000e+00  3.406e+00  0.000e+00  0.000e+00  0.000e+00  1.478e+00  1.558e+00  0.000e+00  3.702e-01
 228000  2.03714e+00  0.000e+00  2.037e+00  0.000e+00  0.000e+00  0.000e+00  6.916e-01  9.213e-01  0.000e+00  4.242e-01
 228500  1.38860e+00  0.000e+00  1.389e+00  0.000e+00  0.000e+00  0.000e+00  6.417e-01  5.459e-01  0.000e+00  2.010e-01
 229000  1.85901e+00  0.000e+00  1.859e+00  0.000e+00  0.000e+00  0.000e+00  9.806e-01  9.996e-02  0.000e+00  7.785e-01
 229500  1.25224e+00  0.000e+00  1.252e+00  0.000e+00  0.000e+00  0.000e+00  3.169e-01  6.101e-01  0.000e+00  3.253e-01
 230000  9.09090e-01  0.000e+00  9.091e-01  0.000e+00  0.000e+00  0.000e+00  2.623e-01  6.419e-01  0.000e+00  4.840e-03
 230500  1.48228e+00  0.000e+00  1.482e+00  0.000e+00  0.000e+00  0.000e+00  1.313e+00  8.484e-02  0.000e+00  8.397e-02
 231000  1.65900e+00  0.000e+00  1.659e+00  0.000e+00  0.000e+00  0.000e+00  1.224e+00  2.528e-02  0.000e+00  4.094e-01
 231500  2.40486e+00  0.000e+00  2.405e+00  0.000e+00  0.000e+00  0.000e+00  1.422e+00  6.735e-01  0.000e+00  3.092e-01
 232000  9.84779e-01  0.000e+00  9.848e-01  0.000e+00  0.000e+00  0.000e+00  1.458e-01  1.131e-01  0.000e+00  7.259e-01
 232500  7.48417e-01  0.000e+00  7.484e-01  0.000e+00  0.000e+00  0.000e+00  4.326e-01  1.994e-01  0.000e+00  1.164e-01
 233000  5.70479e-01  0.000e+00  5.705e-01  0.000e+00  0.000e+00  0.000e+00  2.956e-01  2.658e-01  0.000e+00  9.104e-03
 233500  1.91152e+00  0.000e+00  1.912e+00  0.000e+00  0.000e+00  0.000e+00  1.680e+00  1.395e-01  0.000e+00  9.166e-02
 234000  1.30777e+00  0.000e+00  1.308e+00  0.000e+00  0.000e+00  0.000e+00  4.392e-01  8.622e-01  0.000e+00  6.303e-03
 234500  1.65662e+00  0.000e+00  1.657e+00  0.000e+00  0.000e+00  0.000e+00  1.339e+00  1.965e-01  0.000e+00  1.214e-01
 235000  7.96940e-01  0.000e+00  7.969e-01  0.000e+00  0.000e+00  0.000e+00  4.758e-01  3.101e-01  0.000e+00  1.107e-02
 235500  6.80386e-01  0.000e+00  6.804e-01  0.000e+00  0.000e+00  0.000e+00  3.562e-01  1.936e-01  0.000e+00  1.306e-01
 236000  9.88362e-01  0.000e+00  9.884e-01  0.000e+00  0.000e+00  0.000e+00  5.974e-01  3.316e-01  0.000e+00  5.938e-02
 236500  2.73126e+00  0.000e+00  2.731e+00  0.000e+00  0.000e+00  0.000e+00  1.273e+00  1.245e+00  0.000e+00  2.130e-01
 237000  1.18360e+00  0.000e+00  1.184e+00  0.000e+00  0.000e+00  0.000e+00  6.379e-01  1.295e-01  0.000e+00  4.163e-01
 237500  2.89192e+00  0.000e+00  2.892e+00  0.000e+00  0.000e+00  0.000e+00  2.520e+00  6.358e-02  0.000e+00  3.083e-01
 238000  9.92940e-01  0.000e+00  9.929e-01  0.000e+00  0.000e+00  0.000e+00  1.660e-01  8.032e-01  0.000e+00  2.376e-02
 238500  6.97447e-01  0.000e+00  6.974e-01  0.000e+00  0.000e+00  0.000e+00  1.906e-01  4.939e-01  0.000e+00  1.293e-02
 239000  3.16841e+00  0.000e+00  3.168e+00  0.000e+00  0.000e+00  0.000e+00  8.459e-01  2.322e+00  0.000e+00  1.128e-04
 239500  1.10157e+00  0.000e+00  1.102e+00  0.000e+00  0.000e+00  0.000e+00  8.794e-01  1.931e-01  0.000e+00  2.907e-02
 240000  2.70406e+00  0.000e+00  2.704e+00  0.000e+00  0.000e+00  0.000e+00  1.795e+00  8.724e-01  0.000e+00  3.634e-02
 240500  4.46532e-01  0.000e+00  4.465e-01  0.000e+00  0.000e+00  0.000e+00  7.715e-02  3.687e-01  0.000e+00  7.203e-04
 241000  1.88880e+00  0.000e+00  1.889e+00  0.000e+00  0.000e+00  0.000e+00  1.144e+00  6.261e-01  0.000e+00  1.185e-01
 241500  2.96500e+00  0.000e+00  2.965e+00  0.000e+00  0.000e+00  0.000e+00  2.417e+00  4.306e-01  0.000e+00  1.172e-01
 242000  2.10532e+00  0.000e+00  2.105e+00  0.000e+00  0.000e+00  0.000e+00  1.245e+00  4.084e-01  0.000e+00  4.515e-01
 242500  1.69926e+00  0.000e+00  1.699e+00  0.000e+00  0.000e+00  0.000e+00  7.331e-01  3.126e-02  0.000e+00  9.349e-01
 243000  6.67854e-01  0.000e+00  6.679e-01  0.000e+00  0.000e+00  0.000e+00  1.915e-01  4.455e-01  0.000e+00  3.082e-02
 243500  1.75796e+00  0.000e+00  1.758e+00  0.000e+00  0.000e+00  0.000e+00  8.364e-01  8.560e-01  0.000e+00  6.549e-02
 244000  2.29181e+00  0.000e+00  2.292e+00  0.000e+00  0.000e+00  0.000e+00  1.062e+00  9.317e-01  0.000e+00  2.979e-01
 244500  1.29717e+00  0.000e+00  1.297e+00  0.000e+00  0.000e+00  0.000e+00  1.254e-01  9.703e-01  0.000e+00  2.015e-01
 245000  2.36732e+00  0.000e+00  2.367e+00  0.000e+00  0.000e+00  0.000e+00  1.116e+00  9.427e-01  0.000e+00  3.088e-01
 245500  1.86053e+00  0.000e+00  1.861e+00  0.000e+00  0.000e+00  0.000e+00  1.349e+00  4.972e-01  0.000e+00  1.469e-02
 246000  1.49823e+00  0.000e+00  1.498e+00  0.000e+00  0.000e+00  0.000e+00  9.439e-01  5.390e-01  0.000e+00  1.529e-02
 246500  1.14109e+00  0.000e+00  1.141e+00  0.000e+00  0.000e+00  0.000e+00  8.533e-01  9.319e-02  0.000e+00  1.946e-01
 247000  1.99189e+00  0.000e+00  1.992e+00  0.000e+00  0.000e+00  0.000e+00  1.756e+00  1.700e-01  0.000e+00  6.630e-02
 247500  1.42127e+00  0.000e+00  1.421e+00  0.000e+00  0.000e+00  0.000e+00  1.151e+00  1.219e-01  0.000e+00  1.481e-01
 248000  4.14672e+00  0.000e+00  4.147e+00  0.000e+00  0.000e+00  0.000e+00  2.435e+00  1.675e+00  0.000e+00  3.742e-02
 248500  1.78337e+00  0.000e+00  1.783e+00  0.000e+00  0.000e+00  0.000e+00  2.831e-01  5.740e-01  0.000e+00  9.263e-01
 249000  8.06543e-01  0.000e+00  8.065e-01  0.000e+00  0.000e+00  0.000e+00  6.719e-01  7.596e-02  0.000e+00  5.870e-02
 249500  1.05080e+00  0.000e+00  1.051e+00  0.000e+00  0.000e+00  0.000e+00  1.954e-01  8.115e-01  0.000e+00  4.389e-02
 250000  1.21951e+00  0.000e+00  1.220e+00  0.000e+00  0.000e+00  0.000e+00  5.951e-01  5.667e-01  0.000e+00  5.767e-02
 250500  6.33655e+00  0.000e+00  6.337e+00  0.000e+00  0.000e+00  0.000e+00  2.409e+00  3.486e+00  0.000e+00  4.409e-01
 251000  3.46530e+00  0.000e+00  3.465e+00  0.000e+00  0.000e+00  0.000e+00  3.269e+00  9.787e-02  0.000e+00  9.834e-02
 251500  2.53951e+00  0.000e+00  2.540e+00  0.000e+00  0.000e+00  0.000e+00  7.005e-01  1.685e+00  0.000e+00  1.539e-01
 252000  1.35612e+00  0.000e+00  1.356e+00  0.000e+00  0.000e+00  0.000e+00  7.520e-01  5.673e-01  0.000e+00  3.681e-02
 252500  1.27321e+00  0.000e+00  1.273e+00  0.000e+00  0.000e+00  0.000e+00  1.247e+00  8.044e-03  0.000e+00  1.807e-02
 253000  2.65591e+00  0.000e+00  2.656e+00  0.000e+00  0.000e+00  0.000e+00  2.005e+00  3.042e-01  0.000e+00  3.468e-01
 253500  6.89995e-01  0.000e+00  6.900e-01  0.000e+00  0.000e+00  0.000e+00  6.165e-01  1.513e-02  0.000e+00  5.833e-02
 254000  9.21652e-01  0.000e+00  9.217e-01  0.000e+00  0.000e+00  0.000e+00  1.524e-01  7.692e-01  0.000e+00  1.446e-04
 254500  1.19645e+00  0.000e+00  1.196e+00  0.000e+00  0.000e+00  0.000e+00  9.555e-01  1.276e-01  0.000e+00  1.133e-01
 255000  2.13256e-01  0.000e+00  2.133e-01  0.000e+00  0.000e+00  0.000e+00  7.857e-02  1.202e-01  0.000e+00  1.445e-02
 255500  6.08813e-01  0.000e+00  6.088e-01  0.000e+00  0.000e+00  0.000e+00  1.904e-01  4.039e-01  0.000e+00  1.451e-02
 256000  2.82348e+00  0.000e+00  2.823e+00  0.000e+00  0.000e+00  0.000e+00  1.248e+00  1.246e+00  0.000e+00  3.296e-01
 256500  1.69384e+00  0.000e+00  1.694e+00  0.000e+00  0.000e+00  0.000e+00  1.152e+00  5.115e-01  0.000e+00  2.992e-02
 257000  3.51914e+00  0.000e+00  3.519e+00  0.000e+00  0.000e+00  0.000e+00  1.871e+00  1.608e+00  0.000e+00  3.936e-02
 257500  1.62667e+00  0.000e+00  1.627e+00  0.000e+00  0.000e+00  0.000e+00  8.633e-01  3.316e-01  0.000e+00  4.318e-01
 258000  1.47543e+00  0.000e+00  1.475e+00  0.000e+00  0.000e+00  0.000e+00  9.957e-01  4.232e-01  0.000e+00  5.648e-02
 258500  2.05981e+00  0.000e+00  2.060e+00  0.000e+00  0.000e+00  0.000e+00  1.539e+00  1.846e-01  0.000e+00  3.364e-01
 259000  2.25533e+00  0.000e+00  2.255e+00  0.000e+00  0.000e+00  0.000e+00  1.035e+00  7.474e-01  0.000e+00  4.726e-01
 259500  1.94765e+00  0.000e+00  1.948e+00  0.000e+00  0.000e+00  0.000e+00  1.281e+00  3.668e-01  0.000e+00  2.993e-01
 260000  2.81407e+00  0.000e+00  2.814e+00  0.000e+00  0.000e+00  0.000e+00  2.246e+00  5.541e-01  0.000e+00  1.446e-02
 260500  9.10467e-01  0.000e+00  9.105e-01  0.000e+00  0.000e+00  0.000e+00  2.700e-01  1.899e-01  0.000e+00  4.506e-01
 261000  1.96719e+00  0.000e+00  1.967e+00  0.000e+00  0.000e+00  0.000e+00  6.703e-01  1.528e-01  0.000e+00  1.144e+00
 261500  2.01493e-01  0.000e+00  2.015e-01  0.000e+00  0.000e+00  0.000e+00  1.168e-01  7.254e-02  0.000e+00  1.212e-02
 262000  3.15517e+00  0.000e+00  3.155e+00  0.000e+00  0.000e+00  0.000e+00  7.058e-01  2.324e+00  0.000e+00  1.250e-01
 262500  8.49630e-01  0.000e+00  8.496e-01  0.000e+00  0.000e+00  0.000e+00  6.585e-01  1.910e-01  0.000e+00  4.351e-05
 263000  1.72467e+00  0.000e+00  1.725e+00  0.000e+00  0.000e+00  0.000e+00  6.542e-01  8.243e-01  0.000e+00  2.462e-01
 263500  5.34100e-01  0.000e+00  5.341e-01  0.000e+00  0.000e+00  0.000e+00  2.041e-01  2.289e-01  0.000e+00  1.011e-01
 264000  1.17336e+00  0.000e+00  1.173e+00  0.000e+00  0.000e+00  0.000e+00  1.484e-01  4.190e-01  0.000e+00  6.059e-01
 264500  6.59074e-01  0.000e+00  6.591e-01  0.000e+00  0.000e+00  0.000e+00  2.414e-01  3.493e-01  0.000e+00  6.835e-02
 265000  2.04150e+00  0.000e+00  2.042e+00  0.000e+00  0.000e+00  0.000e+00  1.613e+00  3.326e-01  0.000e+00  9.582e-02
 265500  1.28199e+00  0.000e+00  1.282e+00  0.000e+00  0.000e+00  0.000e+00  1.011e+00  2.701e-01  0.000e+00  8.676e-04
 266000  1.62985e+00  0.000e+00  1.630e+00  0.000e+00  0.000e+00  0.000e+00  5.489e-01  1.022e+00  0.000e+00  5.921e-02
 266500  7.34564e-01  0.000e+00  7.346e-01  0.000e+00  0.000e+00  0.000e+00  2.660e-01  3.365e-01  0.000e+00  1.320e-01
 267000  1.71447e+00  0.000e+00  1.714e+00  0.000e+00  0.000e+00  0.000e+00  1.148e+00  5.524e-01  0.000e+00  1.406e-02
 267500  1.48631e+00  0.000e+00  1.486e+00  0.000e+00  0.000e+00  0.000e+00  9.366e-01  3.475e-01  0.000e+00  2.021e-01
 268000  2.56347e+00  0.000e+00  2.563e+00  0.000e+00  0.000e+00  0.000e+00  1.552e+00  5.342e-01  0.000e+00  4.771e-01
 268500  1.45609e+00  0.000e+00  1.456e+00  0.000e+00  0.000e+00  0.000e+00  1.326e+00  6.170e-02  0.000e+00  6.834e-02
 269000  7.33369e-01  0.000e+00  7.334e-01  0.000e+00  0.000e+00  0.000e+00  5.896e-01  1.308e-01  0.000e+00  1.297e-02
 269500  2.03828e+00  0.000e+00  2.038e+00  0.000e+00  0.000e+00  0.000e+00  1.542e+00  2.124e-01  0.000e+00  2.839e-01
 270000  1.03246e+00  0.000e+00  1.032e+00  0.000e+00  0.000e+00  0.000e+00  9.564e-01  2.376e-02  0.000e+00  5.233e-02
 270500  7.68137e-01  0.000e+00  7.681e-01  0.000e+00  0.000e+00  0.000e+00  3.224e-02  1.691e-01  0.000e+00  5.668e-01
 271000  5.23248e+00  0.000e+00  5.232e+00  0.000e+00  0.000e+00  0.000e+00  5.006e-01  3.658e+00  0.000e+00  1.074e+00
 271500  6.18513e-01  0.000e+00  6.185e-01  0.000e+00  0.000e+00  0.000e+00  1.764e-01  3.318e-01  0.000e+00  1.103e-01
 272000  1.92966e+00  0.000e+00  1.930e+00  0.000e+00  0.000e+00  0.000e+00  7.168e-01  1.173e+00  0.000e+00  4.033e-02
 272500  2.55453e+00  0.000e+00  2.555e+00  0.000e+00  0.000e+00  0.000e+00  1.094e+00  1.468e-01  0.000e+00  1.314e+00
 273000  8.03058e-01  0.000e+00  8.031e-01  0.000e+00  0.000e+00  0.000e+00  7.659e-01  2.637e-02  0.000e+00  1.079e-02
 273500  2.12680e+00  0.000e+00  2.127e+00  0.000e+00  0.000e+00  0.000e+00  1.171e+00  9.457e-01  0.000e+00  1.019e-02
 274000  1.11571e+00  0.000e+00  1.116e+00  0.000e+00  0.000e+00  0.000e+00  2.162e-01  8.550e-01  0.000e+00  4.450e-02
 274500  1.56965e+00  0.000e+00  1.570e+00  0.000e+00  0.000e+00  0.000e+00  9.662e-01  5.967e-01  0.000e+00  6.771e-03
 275000  2.66212e-01  0.000e+00  2.662e-01  0.000e+00  0.000e+00  0.000e+00  2.441e-01  3.798e-03  0.000e+00  1.836e-02
 275500  1.32268e+00  0.000e+00  1.323e+00  0.000e+00  0.000e+00  0.000e+00  1.121e+00  1.958e-01  0.000e+00  6.028e-03
 276000  1.04066e+00  0.000e+00  1.041e+00  0.000e+00  0.000e+00  0.000e+00  8.677e-01  1.680e-01  0.000e+00  4.956e-03
 276500  1.46635e+00  0.000e+00  1.466e+00  0.000e+00  0.000e+00  0.000e+00  9.356e-01  5.194e-01  0.000e+00  1.131e-02
 277000  2.00425e+00  0.000e+00  2.004e+00  0.000e+00  0.000e+00  0.000e+00  1.382e+00  5.236e-01  0.000e+00  9.867e-02
 277500  3.09036e-01  0.000e+00  3.090e-01  0.000e+00  0.000e+00  0.000e+00  3.000e-01  7.610e-03  0.000e+00  1.406e-03
 278000  3.59174e-01  0.000e+00  3.592e-01  0.000e+00  0.000e+00  0.000e+00  2.093e-01  1.301e-01  0.000e+00  1.981e-02
 278500  2.82281e+00  0.000e+00  2.823e+00  0.000e+00  0.000e+00  0.000e+00  1.241e+00  1.018e+00  0.000e+00  5.637e-01
 279000  2.44428e+00  0.000e+00  2.444e+00  0.000e+00  0.000e+00  0.000e+00  7.244e-01  1.692e+00  0.000e+00  2.784e-02
 279500  1.47198e+00  0.000e+00  1.472e+00  0.000e+00  0.000e+00  0.000e+00  6.987e-01  7.732e-01  0.000e+00  5.593e-05
 280000  2.60419e+00  0.000e+00  2.604e+00  0.000e+00  0.000e+00  0.000e+00  9.851e-02  2.345e+00  0.000e+00  1.609e-01
 280500  1.38593e+00  0.000e+00  1.386e+00  0.000e+00  0.000e+00  0.000e+00  6.716e-01  7.092e-01  0.000e+00  5.176e-03
 281000  1.78588e+00  0.000e+00  1.786e+00  0.000e+00  0.000e+00  0.000e+00  1.560e+00  1.859e-02  0.000e+00  2.071e-01
 281500  1.80916e+00  0.000e+00  1.809e+00  0.000e+00  0.000e+00  0.000e+00  1.586e+00  1.941e-01  0.000e+00  2.920e-02
 282000  7.60640e-01  0.000e+00  7.606e-01  0.000e+00  0.000e+00  0.000e+00  6.384e-01  6.370e-02  0.000e+00  5.853e-02
 282500  1.27454e+00  0.000e+00  1.275e+00  0.000e+00  0.000e+00  0.000e+00  8.234e-01  4.376e-01  0.000e+00  1.348e-02
 283000  2.14745e+00  0.000e+00  2.147e+00  0.000e+00  0.000e+00  0.000e+00  7.519e-01  8.415e-01  0.000e+00  5.541e-01
 283500  1.18984e+00  0.000e+00  1.190e+00  0.000e+00  0.000e+00  0.000e+00  7.185e-01  7.677e-02  0.000e+00  3.946e-01
 284000  2.37387e+00  0.000e+00  2.374e+00  0.000e+00  0.000e+00  0.000e+00  1.156e+00  7.844e-01  0.000e+00  4.330e-01
 284500  9.64577e-01  0.000e+00  9.646e-01  0.000e+00  0.000e+00  0.000e+00  3.955e-01  3.979e-01  0.000e+00  1.712e-01
 285000  1.01690e+00  0.000e+00  1.017e+00  0.000e+00  0.000e+00  0.000e+00  6.990e-01  2.505e-01  0.000e+00  6.746e-02
 285500  1.53025e+00  0.000e+00  1.530e+00  0.000e+00  0.000e+00  0.000e+00  1.135e+00  2.111e-01  0.000e+00  1.842e-01
 286000  2.11127e+00  0.000e+00  2.111e+00  0.000e+00  0.000e+00  0.000e+00  5.921e-01  3.899e-01  0.000e+00  1.129e+00
 286500  1.60131e+00  0.000e+00  1.601e+00  0.000e+00  0.000e+00  0.000e+00  1.194e+00  3.347e-01  0.000e+00  7.241e-02
 287000  1.40341e+00  0.000e+00  1.403e+00  0.000e+00  0.000e+00  0.000e+00  2.691e-01  4.246e-01  0.000e+00  7.097e-01
 287500  1.16645e+00  0.000e+00  1.166e+00  0.000e+00  0.000e+00  0.000e+00  2.401e-01  8.918e-01  0.000e+00  3.459e-02
 288000  2.21643e+00  0.000e+00  2.216e+00  0.000e+00  0.000e+00  0.000e+00  2.177e+00  1.601e-02  0.000e+00  2.334e-02
 288500  1.09581e+00  0.000e+00  1.096e+00  0.000e+00  0.000e+00  0.000e+00  8.876e-01  2.050e-01  0.000e+00  3.215e-03
 289000  2.61826e+00  0.000e+00  2.618e+00  0.000e+00  0.000e+00  0.000e+00  1.923e+00  4.118e-01  0.000e+00  2.839e-01
 289500  2.00321e+00  0.000e+00  2.003e+00  0.000e+00  0.000e+00  0.000e+00  1.014e+00  9.576e-01  0.000e+00  3.207e-02
 290000  2.96862e-01  0.000e+00  2.969e-01  0.000e+00  0.000e+00  0.000e+00  3.390e-02  8.646e-02  0.000e+00  1.765e-01
 290500  6.68517e-01  0.000e+00  6.685e-01  0.000e+00  0.000e+00  0.000e+00  2.828e-01  2.900e-01  0.000e+00  9.572e-02
 291000  7.57031e-01  0.000e+00  7.570e-01  0.000e+00  0.000e+00  0.000e+00  2.615e-01  3.653e-01  0.000e+00  1.303e-01
 291500  5.61810e-01  0.000e+00  5.618e-01  0.000e+00  0.000e+00  0.000e+00  3.021e-01  2.256e-01  0.000e+00  3.408e-02
 292000  5.65986e-01  0.000e+00  5.660e-01  0.000e+00  0.000e+00  0.000e+00  2.563e-01  2.919e-01  0.000e+00  1.775e-02
 292500  2.05960e+00  0.000e+00  2.060e+00  0.000e+00  0.000e+00  0.000e+00  1.661e+00  2.517e-01  0.000e+00  1.468e-01
 293000  1.45846e+00  0.000e+00  1.458e+00  0.000e+00  0.000e+00  0.000e+00  5.250e-01  6.401e-01  0.000e+00  2.934e-01
 293500  1.19559e+00  0.000e+00  1.196e+00  0.000e+00  0.000e+00  0.000e+00  5.667e-01  2.172e-02  0.000e+00  6.071e-01
 294000  3.55910e+00  0.000e+00  3.559e+00  0.000e+00  0.000e+00  0.000e+00  3.399e+00  7.461e-02  0.000e+00  8.499e-02
 294500  9.24153e-01  0.000e+00  9.242e-01  0.000e+00  0.000e+00  0.000e+00  6.429e-01  2.773e-01  0.000e+00  3.906e-03
 295000  1.84694e-01  0.000e+00  1.847e-01  0.000e+00  0.000e+00  0.000e+00  5.659e-02  1.263e-01  0.000e+00  1.769e-03
 295500  2.45717e+00  0.000e+00  2.457e+00  0.000e+00  0.000e+00  0.000e+00  1.380e+00  1.889e-01  0.000e+00  8.885e-01
 296000  2.18648e+00  0.000e+00  2.186e+00  0.000e+00  0.000e+00  0.000e+00  1.317e+00  8.450e-01  0.000e+00  2.470e-02
 296500  2.12255e+00  0.000e+00  2.123e+00  0.000e+00  0.000e+00  0.000e+00  1.715e+00  3.370e-01  0.000e+00  7.041e-02
 297000  2.43639e+00  0.000e+00  2.436e+00  0.000e+00  0.000e+00  0.000e+00  1.252e+00  1.009e+00  0.000e+00  1.752e-01
 297500  2.35830e+00  0.000e+00  2.358e+00  0.000e+00  0.000e+00  0.000e+00  1.601e+00  6.979e-02  0.000e+00  6.875e-01
 298000  9.49370e-01  0.000e+00  9.494e-01  0.000e+00  0.000e+00  0.000e+00  3.336e-01  5.489e-01  0.000e+00  6.685e-02
 298500  2.53858e+00  0.000e+00  2.539e+00  0.000e+00  0.000e+00  0.000e+00  6.147e-01  1.254e+00  0.000e+00  6.703e-01
 299000  1.38775e+00  0.000e+00  1.388e+00  0.000e+00  0.000e+00  0.000e+00  1.021e+00  2.397e-01  0.000e+00  1.273e-01
 299500  1.16396e+00  0.000e+00  1.164e+00  0.000e+00  0.000e+00  0.000e+00  4.943e-01  5.459e-01  0.000e+00  1.238e-01
 300000  7.83580e-01  0.000e+00  7.836e-01  0.000e+00  0.000e+00  0.000e+00  5.189e-01  2.556e-01  0.000e+00  9.062e-03
 300500  1.17309e+00  0.000e+00  1.173e+00  0.000e+00  0.000e+00  0.000e+00  1.924e-01  8.204e-01  0.000e+00  1.603e-01
 301000  9.27964e-01  0.000e+00  9.280e-01  0.000e+00  0.000e+00  0.000e+00  2.158e-01  1.534e-01  0.000e+00  5.587e-01
 301500  1.21057e+00  0.000e+00  1.211e+00  0.000e+00  0.000e+00  0.000e+00  2.748e-01  8.892e-01  0.000e+00  4.658e-02
 302000  2.28146e-01  0.000e+00  2.281e-01  0.000e+00  0.000e+00  0.000e+00  1.865e-01  4.001e-02  0.000e+00  1.596e-03
 302500  9.21665e-01  0.000e+00  9.217e-01  0.000e+00  0.000e+00  0.000e+00  7.540e-02  6.606e-01  0.000e+00  1.857e-01
 303000  3.14094e-01  0.000e+00  3.141e-01  0.000e+00  0.000e+00  0.000e+00  1.566e-01  1.200e-01  0.000e+00  3.747e-02
 303500  2.34719e+00  0.000e+00  2.347e+00  0.000e+00  0.000e+00  0.000e+00  1.258e+00  1.077e+00  0.000e+00  1.226e-02
 304000  7.16477e-01  0.000e+00  7.165e-01  0.000e+00  0.000e+00  0.000e+00  6.121e-01  1.015e-01  0.000e+00  2.848e-03
 304500  5.03893e+00  0.000e+00  5.039e+00  0.000e+00  0.000e+00  0.000e+00  3.697e+00  1.254e+00  0.000e+00  8.780e-02
 305000  1.78220e+00  0.000e+00  1.782e+00  0.000e+00  0.000e+00  0.000e+00  1.456e+00  2.692e-01  0.000e+00  5.664e-02
 305500  1.34350e+00  0.000e+00  1.343e+00  0.000e+00  0.000e+00  0.000e+00  6.335e-01  2.716e-01  0.000e+00  4.385e-01
 306000  4.35064e-01  0.000e+00  4.351e-01  0.000e+00  0.000e+00  0.000e+00  3.347e-01  8.495e-02  0.000e+00  1.545e-02
 306500  1.20741e+00  0.000e+00  1.207e+00  0.000e+00  0.000e+00  0.000e+00  1.084e+00  9.763e-02  0.000e+00  2.594e-02
 307000  2.49475e+00  0.000e+00  2.495e+00  0.000e+00  0.000e+00  0.000e+00  9.439e-01  1.179e+00  0.000e+00  3.723e-01
 307500  1.69466e+00  0.000e+00  1.695e+00  0.000e+00  0.000e+00  0.000e+00  1.087e+00  6.000e-01  0.000e+00  7.499e-03
 308000  4.40858e-01  0.000e+00  4.409e-01  0.000e+00  0.000e+00  0.000e+00  1.911e-01  2.363e-01  0.000e+00  1.346e-02
 308500  3.40213e+00  0.000e+00  3.402e+00  0.000e+00  0.000e+00  0.000e+00  1.640e+00  3.086e-01  0.000e+00  1.453e+00
 309000  9.95170e-01  0.000e+00  9.952e-01  0.000e+00  0.000e+00  0.000e+00  8.611e-01  1.055e-01  0.000e+00  2.863e-02
 309500  2.37978e+00  0.000e+00  2.380e+00  0.000e+00  0.000e+00  0.000e+00  1.573e+00  2.827e-01  0.000e+00  5.239e-01
 310000  1.61965e+00  0.000e+00  1.620e+00  0.000e+00  0.000e+00  0.000e+00  1.363e+00  2.310e-01  0.000e+00  2.586e-02
 310500  1.02017e+00  0.000e+00  1.020e+00  0.000e+00  0.000e+00  0.000e+00  7.777e-01  1.316e-01  0.000e+00  1.109e-01
 311000  1.15168e+00  0.000e+00  1.152e+00  0.000e+00  0.000e+00  0.000e+00  6.348e-01  4.506e-01  0.000e+00  6.630e-02
 311500  2.69698e-01  0.000e+00  2.697e-01  0.000e+00  0.000e+00  0.000e+00  8.347e-02  5.854e-02  0.000e+00  1.277e-01
 312000  1.97473e+00  0.000e+00  1.975e+00  0.000e+00  0.000e+00  0.000e+00  3.569e-01  8.014e-01  0.000e+00  8.164e-01
 312500  9.22779e-01  0.000e+00  9.228e-01  0.000e+00  0.000e+00  0.000e+00  2.937e-01  4.837e-01  0.000e+00  1.454e-01
 313000  3.86452e+00  0.000e+00  3.865e+00  0.000e+00  0.000e+00  0.000e+00  1.230e+00  4.416e-01  0.000e+00  2.193e+00
 313500  4.46126e-01  0.000e+00  4.461e-01  0.000e+00  0.000e+00  0.000e+00  2.827e-01  1.106e-01  0.000e+00  5.275e-02
 314000  1.90707e+00  0.000e+00  1.907e+00  0.000e+00  0.000e+00  0.000e+00  1.372e+00  5.219e-02  0.000e+00  4.830e-01
 314500  2.00157e+00  0.000e+00  2.002e+00  0.000e+00  0.000e+00  0.000e+00  3.783e-01  1.555e+00  0.000e+00  6.820e-02
 315000  2.45462e+00  0.000e+00  2.455e+00  0.000e+00  0.000e+00  0.000e+00  1.238e+00  9.174e-01  0.000e+00  2.997e-01
 315500  6.02987e-01  0.000e+00  6.030e-01  0.000e+00  0.000e+00  0.000e+00  4.886e-01  8.773e-02  0.000e+00  2.667e-02
 316000  2.27323e+00  0.000e+00  2.273e+00  0.000e+00  0.000e+00  0.000e+00  4.590e-01  1.157e+00  0.000e+00  6.574e-01
 316500  2.02678e+00  0.000e+00  2.027e+00  0.000e+00  0.000e+00  0.000e+00  1.678e+00  3.205e-01  0.000e+00  2.853e-02
 317000  3.59927e+00  0.000e+00  3.599e+00  0.000e+00  0.000e+00  0.000e+00  2.111e+00  1.153e+00  0.000e+00  3.353e-01
 317500  2.01449e+00  0.000e+00  2.014e+00  0.000e+00  0.000e+00  0.000e+00  1.278e+00  1.615e-01  0.000e+00  5.754e-01
 318000  9.97139e-01  0.000e+00  9.971e-01  0.000e+00  0.000e+00  0.000e+00  5.240e-01  2.790e-01  0.000e+00  1.941e-01
 318500  2.41121e+00  0.000e+00  2.411e+00  0.000e+00  0.000e+00  0.000e+00  4.232e-01  1.597e+00  0.000e+00  3.910e-01
 319000  1.72145e+00  0.000e+00  1.721e+00  0.000e+00  0.000e+00  0.000e+00  6.462e-01  6.428e-01  0.000e+00  4.325e-01
 319500  1.06376e+00  0.000e+00  1.064e+00  0.000e+00  0.000e+00  0.000e+00  5.083e-01  1.296e-01  0.000e+00  4.259e-01
 320000  1.24835e+00  0.000e+00  1.248e+00  0.000e+00  0.000e+00  0.000e+00  2.246e-01  1.043e-01  0.000e+00  9.194e-01
 320500  3.46763e-01  0.000e+00  3.468e-01  0.000e+00  0.000e+00  0.000e+00  2.634e-01  7.966e-02  0.000e+00  3.674e-03
 321000  8.14506e-01  0.000e+00  8.145e-01  0.000e+00  0.000e+00  0.000e+00  5.288e-01  2.810e-01  0.000e+00  4.776e-03
 321500  1.16709e+00  0.000e+00  1.167e+00  0.000e+00  0.000e+00  0.000e+00  1.793e-01  3.864e-01  0.000e+00  6.014e-01
 322000  1.21536e+00  0.000e+00  1.215e+00  0.000e+00  0.000e+00  0.000e+00  9.635e-01  9.588e-02  0.000e+00  1.560e-01
 322500  6.21507e-01  0.000e+00  6.215e-01  0.000e+00  0.000e+00  0.000e+00  3.206e-01  2.892e-01  0.000e+00  1.173e-02
 323000  7.17500e-01  0.000e+00  7.175e-01  0.000e+00  0.000e+00  0.000e+00  2.550e-01  1.648e-01  0.000e+00  2.977e-01
 323500  1.17700e+00  0.000e+00  1.177e+00  0.000e+00  0.000e+00  0.000e+00  9.945e-01  1.379e-01  0.000e+00  4.460e-02
 324000  6.51993e-01  0.000e+00  6.520e-01  0.000e+00  0.000e+00  0.000e+00  2.707e-01  3.811e-01  0.000e+00  2.027e-04
 324500  2.63981e+00  0.000e+00  2.640e+00  0.000e+00  0.000e+00  0.000e+00  2.243e+00  3.763e-01  0.000e+00  2.083e-02
 325000  4.73482e-01  0.000e+00  4.735e-01  0.000e+00  0.000e+00  0.000e+00  2.160e-01  2.006e-01  0.000e+00  5.684e-02
 325500  1.22891e+00  0.000e+00  1.229e+00  0.000e+00  0.000e+00  0.000e+00  6.167e-01  4.570e-01  0.000e+00  1.552e-01
 326000  1.45275e+00  0.000e+00  1.453e+00  0.000e+00  0.000e+00  0.000e+00  2.810e-01  8.675e-01  0.000e+00  3.042e-01
 326500  2.50914e+00  0.000e+00  2.509e+00  0.000e+00  0.000e+00  0.000e+00  1.820e+00  5.383e-01  0.000e+00  1.506e-01
 327000  1.56750e+00  0.000e+00  1.567e+00  0.000e+00  0.000e+00  0.000e+00  6.810e-01  4.952e-01  0.000e+00  3.913e-01
 327500  9.29417e-01  0.000e+00  9.294e-01  0.000e+00  0.000e+00  0.000e+00  2.245e-01  5.081e-01  0.000e+00  1.969e-01
 328000  1.96072e+00  0.000e+00  1.961e+00  0.000e+00  0.000e+00  0.000e+00  6.077e-01  3.716e-01  0.000e+00  9.814e-01
 328500  1.09441e+00  0.000e+00  1.094e+00  0.000e+00  0.000e+00  0.000e+00  8.531e-01  2.275e-01  0.000e+00  1.388e-02
 329000  2.52242e+00  0.000e+00  2.522e+00  0.000e+00  0.000e+00  0.000e+00  1.881e+00  6.361e-01  0.000e+00  5.726e-03
 329500  1.40615e+00  0.000e+00  1.406e+00  0.000e+00  0.000e+00  0.000e+00  4.667e-01  9.218e-01  0.000e+00  1.775e-02
 330000  2.64516e+00  0.000e+00  2.645e+00  0.000e+00  0.000e+00  0.000e+00  1.136e+00  1.509e+00  0.000e+00  5.177e-04
 330500  1.79910e+00  0.000e+00  1.799e+00  0.000e+00  0.000e+00  0.000e+00  3.342e-01  1.225e+00  0.000e+00  2.402e-01
 331000  3.08054e+00  0.000e+00  3.081e+00  0.000e+00  0.000e+00  0.000e+00  2.033e+00  1.013e+00  0.000e+00  3.430e-02
 331500  7.55254e-01  0.000e+00  7.553e-01  0.000e+00  0.000e+00  0.000e+00  5.869e-01  4.438e-02  0.000e+00  1.240e-01
 332000  1.08723e+00  0.000e+00  1.087e+00  0.000e+00  0.000e+00  0.000e+00  6.519e-01  8.675e-02  0.000e+00  3.486e-01
 332500  1.10801e+00  0.000e+00  1.108e+00  0.000e+00  0.000e+00  0.000e+00  1.363e-01  6.210e-01  0.000e+00  3.507e-01
 333000  1.46870e+00  0.000e+00  1.469e+00  0.000e+00  0.000e+00  0.000e+00  7.926e-01  5.198e-01  0.000e+00  1.563e-01
 333500  3.44256e+00  0.000e+00  3.443e+00  0.000e+00  0.000e+00  0.000e+00  1.541e+00  1.561e+00  0.000e+00  3.407e-01
 334000  3.71440e+00  0.000e+00  3.714e+00  0.000e+00  0.000e+00  0.000e+00  3.561e+00  1.201e-01  0.000e+00  3.345e-02
 334500  1.49895e+00  0.000e+00  1.499e+00  0.000e+00  0.000e+00  0.000e+00  5.473e-01  7.253e-01  0.000e+00  2.264e-01
 335000  1.02666e+00  0.000e+00  1.027e+00  0.000e+00  0.000e+00  0.000e+00  6.839e-01  1.437e-01  0.000e+00  1.990e-01
 335500  2.38537e+00  0.000e+00  2.385e+00  0.000e+00  0.000e+00  0.000e+00  9.613e-01  4.111e-01  0.000e+00  1.013e+00
 336000  2.80929e+00  0.000e+00  2.809e+00  0.000e+00  0.000e+00  0.000e+00  1.957e-01  2.739e-01  0.000e+00  2.340e+00
 336500  1.57888e+00  0.000e+00  1.579e+00  0.000e+00  0.000e+00  0.000e+00  5.303e-01  2.386e-01  0.000e+00  8.100e-01
 337000  2.91046e+00  0.000e+00  2.910e+00  0.000e+00  0.000e+00  0.000e+00  1.240e+00  9.203e-01  0.000e+00  7.497e-01
 337500  3.24522e+00  0.000e+00  3.245e+00  0.000e+00  0.000e+00  0.000e+00  2.001e+00  2.580e-01  0.000e+00  9.858e-01
 338000  5.47436e-01  0.000e+00  5.474e-01  0.000e+00  0.000e+00  0.000e+00  4.259e-01  1.097e-01  0.000e+00  1.184e-02
 338500  1.25717e+00  0.000e+00  1.257e+00  0.000e+00  0.000e+00  0.000e+00  9.475e-01  2.448e-01  0.000e+00  6.490e-02
 339000  1.11735e+00  0.000e+00  1.117e+00  0.000e+00  0.000e+00  0.000e+00  8.248e-01  1.260e-01  0.000e+00  1.665e-01
 339500  1.69295e+00  0.000e+00  1.693e+00  0.000e+00  0.000e+00  0.000e+00  4.975e-01  1.195e+00  0.000e+00  7.731e-05
 340000  8.12432e-01  0.000e+00  8.124e-01  0.000e+00  0.000e+00  0.000e+00  3.934e-01  3.286e-01  0.000e+00  9.044e-02
 340500  1.64958e+00  0.000e+00  1.650e+00  0.000e+00  0.000e+00  0.000e+00  6.747e-01  5.244e-01  0.000e+00  4.505e-01
 341000  5.37381e-01  0.000e+00  5.374e-01  0.000e+00  0.000e+00  0.000e+00  6.843e-02  1.905e-01  0.000e+00  2.785e-01
 341500  3.87500e+00  0.000e+00  3.875e+00  0.000e+00  0.000e+00  0.000e+00  1.808e+00  1.843e+00  0.000e+00  2.238e-01
 342000  2.99636e+00  0.000e+00  2.996e+00  0.000e+00  0.000e+00  0.000e+00  3.682e-01  9.289e-01  0.000e+00  1.699e+00
 342500  1.22228e+00  0.000e+00  1.222e+00  0.000e+00  0.000e+00  0.000e+00  8.460e-01  2.308e-01  0.000e+00  1.456e-01
 343000  1.67887e+00  0.000e+00  1.679e+00  0.000e+00  0.000e+00  0.000e+00  1.034e+00  3.971e-02  0.000e+00  6.053e-01
 343500  8.29472e-01  0.000e+00  8.295e-01  0.000e+00  0.000e+00  0.000e+00  3.385e-01  2.707e-01  0.000e+00  2.202e-01
 344000  1.45053e+00  0.000e+00  1.451e+00  0.000e+00  0.000e+00  0.000e+00  9.993e-01  4.372e-01  0.000e+00  1.405e-02
 344500  1.94301e+00  0.000e+00  1.943e+00  0.000e+00  0.000e+00  0.000e+00  1.023e+00  7.637e-01  0.000e+00  1.567e-01
 345000  1.25765e+00  0.000e+00  1.258e+00  0.000e+00  0.000e+00  0.000e+00  6.143e-01  5.908e-01  0.000e+00  5.251e-02
 345500  1.51390e+00  0.000e+00  1.514e+00  0.000e+00  0.000e+00  0.000e+00  2.407e-01  1.259e+00  0.000e+00  1.387e-02
 346000  3.19019e+00  0.000e+00  3.190e+00  0.000e+00  0.000e+00  0.000e+00  2.171e+00  7.387e-01  0.000e+00  2.806e-01
 346500  8.78910e-01  0.000e+00  8.789e-01  0.000e+00  0.000e+00  0.000e+00  6.320e-01  8.984e-02  0.000e+00  1.571e-01
 347000  7.82789e-01  0.000e+00  7.828e-01  0.000e+00  0.000e+00  0.000e+00  6.963e-01  7.692e-02  0.000e+00  9.544e-03
 347500  2.10272e-01  0.000e+00  2.103e-01  0.000e+00  0.000e+00  0.000e+00  1.702e-01  3.282e-02  0.000e+00  7.261e-03
 348000  1.84838e+00  0.000e+00  1.848e+00  0.000e+00  0.000e+00  0.000e+00  1.160e+00  2.605e-01  0.000e+00  4.274e-01
 348500  2.44636e+00  0.000e+00  2.446e+00  0.000e+00  0.000e+00  0.000e+00  1.120e+00  4.529e-01  0.000e+00  8.737e-01
 349000  4.81982e+00  0.000e+00  4.820e+00  0.000e+00  0.000e+00  0.000e+00  2.344e+00  2.419e+00  0.000e+00  5.699e-02
 349500  1.45827e+00  0.000e+00  1.458e+00  0.000e+00  0.000e+00  0.000e+00  4.995e-01  3.447e-01  0.000e+00  6.141e-01
 350000  1.70670e+00  0.000e+00  1.707e+00  0.000e+00  0.000e+00  0.000e+00  6.806e-01  6.744e-01  0.000e+00  3.517e-01
 350500  2.00982e+00  0.000e+00  2.010e+00  0.000e+00  0.000e+00  0.000e+00  1.662e+00  1.500e-01  0.000e+00  1.976e-01
 351000  1.39582e+00  0.000e+00  1.396e+00  0.000e+00  0.000e+00  0.000e+00  8.612e-01  3.913e-01  0.000e+00  1.434e-01
 351500  3.09585e+00  0.000e+00  3.096e+00  0.000e+00  0.000e+00  0.000e+00  1.566e+00  1.366e+00  0.000e+00  1.637e-01
 352000  2.29656e+00  0.000e+00  2.297e+00  0.000e+00  0.000e+00  0.000e+00  8.797e-01  1.316e+00  0.000e+00  1.012e-01
 352500  1.43079e+00  0.000e+00  1.431e+00  0.000e+00  0.000e+00  0.000e+00  6.722e-01  2.852e-01  0.000e+00  4.734e-01
 353000  5.06657e-01  0.000e+00  5.067e-01  0.000e+00  0.000e+00  0.000e+00  1.731e-01  2.023e-01  0.000e+00  1.312e-01
 353500  2.53206e+00  0.000e+00  2.532e+00  0.000e+00  0.000e+00  0.000e+00  2.374e+00  1.447e-01  0.000e+00  1.364e-02
 354000  2.65780e+00  0.000e+00  2.658e+00  0.000e+00  0.000e+00  0.000e+00  1.635e+00  1.011e+00  0.000e+00  1.221e-02
 354500  3.15895e+00  0.000e+00  3.159e+00  0.000e+00  0.000e+00  0.000e+00  1.394e+00  1.642e+00  0.000e+00  1.237e-01
 355000  2.18487e+00  0.000e+00  2.185e+00  0.000e+00  0.000e+00  0.000e+00  7.495e-01  1.209e+00  0.000e+00  2.265e-01
 355500  1.95394e+00  0.000e+00  1.954e+00  0.000e+00  0.000e+00  0.000e+00  1.301e+00  4.244e-01  0.000e+00  2.282e-01
 356000  2.79955e+00  0.000e+00  2.800e+00  0.000e+00  0.000e+00  0.000e+00  9.706e-01  7.802e-01  0.000e+00  1.049e+00
 356500  2.53134e+00  0.000e+00  2.531e+00  0.000e+00  0.000e+00  0.000e+00  1.579e+00  9.289e-01  0.000e+00  2.356e-02
 357000  1.27412e+00  0.000e+00  1.274e+00  0.000e+00  0.000e+00  0.000e+00  1.289e-01  1.128e+00  0.000e+00  1.693e-02
 357500  1.79140e+00  0.000e+00  1.791e+00  0.000e+00  0.000e+00  0.000e+00  8.549e-01  9.508e-02  0.000e+00  8.414e-01
 358000  2.74055e+00  0.000e+00  2.741e+00  0.000e+00  0.000e+00  0.000e+00  1.610e+00  3.910e-02  0.000e+00  1.091e+00
 358500  1.82003e+00  0.000e+00  1.820e+00  0.000e+00  0.000e+00  0.000e+00  6.675e-01  6.813e-01  0.000e+00  4.712e-01
 359000  3.70404e+00  0.000e+00  3.704e+00  0.000e+00  0.000e+00  0.000e+00  2.261e+00  3.190e-01  0.000e+00  1.124e+00
 359500  1.30447e+00  0.000e+00  1.304e+00  0.000e+00  0.000e+00  0.000e+00  1.199e+00  8.171e-02  0.000e+00  2.401e-02
 360000  2.60132e+00  0.000e+00  2.601e+00  0.000e+00  0.000e+00  0.000e+00  7.287e-01  1.117e+00  0.000e+00  7.556e-01
 360500  1.64492e+00  0.000e+00  1.645e+00  0.000e+00  0.000e+00  0.000e+00  3.359e-01  1.060e+00  0.000e+00  2.490e-01
 361000  3.52910e+00  0.000e+00  3.529e+00  0.000e+00  0.000e+00  0.000e+00  2.270e+00  5.300e-01  0.000e+00  7.287e-01
 361500  1.61790e+00  0.000e+00  1.618e+00  0.000e+00  0.000e+00  0.000e+00  1.120e+00  3.489e-01  0.000e+00  1.493e-01
 362000  7.03596e-01  0.000e+00  7.036e-01  0.000e+00  0.000e+00  0.000e+00  3.403e-01  2.865e-01  0.000e+00  7.681e-02
 362500  5.70565e-01  0.000e+00  5.706e-01  0.000e+00  0.000e+00  0.000e+00  2.716e-01  2.850e-01  0.000e+00  1.400e-02
 363000  1.16619e+00  0.000e+00  1.166e+00  0.000e+00  0.000e+00  0.000e+00  2.597e-01  7.038e-01  0.000e+00  2.028e-01
 363500  2.02644e+00  0.000e+00  2.026e+00  0.000e+00  0.000e+00  0.000e+00  2.757e-01  1.747e+00  0.000e+00  3.357e-03
 364000  2.66476e+00  0.000e+00  2.665e+00  0.000e+00  0.000e+00  0.000e+00  2.102e+00  9.658e-02  0.000e+00  4.662e-01
 364500  1.56665e+00  0.000e+00  1.567e+00  0.000e+00  0.000e+00  0.000e+00  4.718e-01  1.128e-01  0.000e+00  9.820e-01
 365000  1.55121e+00  0.000e+00  1.551e+00  0.000e+00  0.000e+00  0.000e+00  5.442e-01  5.843e-01  0.000e+00  4.227e-01
 365500  2.33198e+00  0.000e+00  2.332e+00  0.000e+00  0.000e+00  0.000e+00  2.313e+00  1.825e-02  0.000e+00  5.506e-04
 366000  2.42634e+00  0.000e+00  2.426e+00  0.000e+00  0.000e+00  0.000e+00  1.814e+00  3.771e-01  0.000e+00  2.350e-01
 366500  1.47940e+00  0.000e+00  1.479e+00  0.000e+00  0.000e+00  0.000e+00  3.420e-01  6.744e-01  0.000e+00  4.630e-01
 367000  3.23875e+00  0.000e+00  3.239e+00  0.000e+00  0.000e+00  0.000e+00  1.620e+00  1.391e+00  0.000e+00  2.275e-01
 367500  1.13808e+00  0.000e+00  1.138e+00  0.000e+00  0.000e+00  0.000e+00  8.381e-01  1.277e-01  0.000e+00  1.723e-01
 368000  1.20862e+00  0.000e+00  1.209e+00  0.000e+00  0.000e+00  0.000e+00  9.725e-01  8.384e-02  0.000e+00  1.523e-01
 368500  1.65511e+00  0.000e+00  1.655e+00  0.000e+00  0.000e+00  0.000e+00  3.256e-01  1.873e-01  0.000e+00  1.142e+00
 369000  1.87063e+00  0.000e+00  1.871e+00  0.000e+00  0.000e+00  0.000e+00  7.391e-01  1.127e+00  0.000e+00  4.578e-03
 369500  3.97385e+00  0.000e+00  3.974e+00  0.000e+00  0.000e+00  0.000e+00  2.769e+00  1.095e+00  0.000e+00  1.102e-01
 370000  1.04318e+00  0.000e+00  1.043e+00  0.000e+00  0.000e+00  0.000e+00  1.014e+00  1.835e-02  0.000e+00  1.098e-02
 370500  7.22033e-01  0.000e+00  7.220e-01  0.000e+00  0.000e+00  0.000e+00  4.721e-01  1.005e-01  0.000e+00  1.494e-01
 371000  2.36250e+00  0.000e+00  2.363e+00  0.000e+00  0.000e+00  0.000e+00  7.941e-01  5.160e-01  0.000e+00  1.052e+00
 371500  2.41452e+00  0.000e+00  2.415e+00  0.000e+00  0.000e+00  0.000e+00  8.532e-01  1.231e+00  0.000e+00  3.299e-01
 372000  1.83826e+00  0.000e+00  1.838e+00  0.000e+00  0.000e+00  0.000e+00  1.675e+00  1.340e-01  0.000e+00  2.923e-02
 372500  2.39759e+00  0.000e+00  2.398e+00  0.000e+00  0.000e+00  0.000e+00  1.332e+00  6.033e-01  0.000e+00  4.618e-01
 373000  1.01056e+00  0.000e+00  1.011e+00  0.000e+00  0.000e+00  0.000e+00  1.803e-01  7.947e-01  0.000e+00  3.558e-02
 373500  1.95407e+00  0.000e+00  1.954e+00  0.000e+00  0.000e+00  0.000e+00  1.651e+00  3.023e-01  0.000e+00  9.115e-04
 374000  9.37384e-01  0.000e+00  9.374e-01  0.000e+00  0.000e+00  0.000e+00  1.178e-01  7.692e-01  0.000e+00  5.038e-02
 374500  5.25720e+00  0.000e+00  5.257e+00  0.000e+00  0.000e+00  0.000e+00  4.347e+00  8.107e-01  0.000e+00  9.926e-02
 375000  1.01136e+00  0.000e+00  1.011e+00  0.000e+00  0.000e+00  0.000e+00  3.882e-01  1.260e-01  0.000e+00  4.972e-01
 375500  2.30226e+00  0.000e+00  2.302e+00  0.000e+00  0.000e+00  0.000e+00  5.725e-01  8.840e-01  0.000e+00  8.458e-01
 376000  9.29318e-01  0.000e+00  9.293e-01  0.000e+00  0.000e+00  0.000e+00  5.887e-01  3.096e-01  0.000e+00  3.099e-02
 376500  1.76951e+00  0.000e+00  1.770e+00  0.000e+00  0.000e+00  0.000e+00  1.480e+00  1.732e-01  0.000e+00  1.167e-01
 377000  2.79161e+00  0.000e+00  2.792e+00  0.000e+00  0.000e+00  0.000e+00  1.152e+00  1.631e+00  0.000e+00  8.700e-03
 377500  3.22391e+00  0.000e+00  3.224e+00  0.000e+00  0.000e+00  0.000e+00  1.734e+00  1.469e+00  0.000e+00  2.081e-02
 378000  1.23029e+00  0.000e+00  1.230e+00  0.000e+00  0.000e+00  0.000e+00  8.155e-01  4.092e-01  0.000e+00  5.564e-03
 378500  1.57950e+00  0.000e+00  1.580e+00  0.000e+00  0.000e+00  0.000e+00  1.610e-01  1.228e+00  0.000e+00  1.907e-01
 379000  3.09198e+00  0.000e+00  3.092e+00  0.000e+00  0.000e+00  0.000e+00  2.077e+00  7.712e-01  0.000e+00  2.433e-01
 379500  1.76046e+00  0.000e+00  1.760e+00  0.000e+00  0.000e+00  0.000e+00  1.392e-01  1.071e+00  0.000e+00  5.500e-01
 380000  2.02088e+00  0.000e+00  2.021e+00  0.000e+00  0.000e+00  0.000e+00  5.226e-01  1.229e+00  0.000e+00  2.688e-01
 380500  1.96375e+00  0.000e+00  1.964e+00  0.000e+00  0.000e+00  0.000e+00  1.462e+00  6.212e-02  0.000e+00  4.397e-01
 381000  2.97407e+00  0.000e+00  2.974e+00  0.000e+00  0.000e+00  0.000e+00  2.859e+00  8.066e-02  0.000e+00  3.470e-02
 381500  1.45418e+00  0.000e+00  1.454e+00  0.000e+00  0.000e+00  0.000e+00  9.619e-01  1.843e-01  0.000e+00  3.079e-01
 382000  3.08435e+00  0.000e+00  3.084e+00  0.000e+00  0.000e+00  0.000e+00  2.145e-01  1.046e+00  0.000e+00  1.824e+00
 382500  4.02865e+00  0.000e+00  4.029e+00  0.000e+00  0.000e+00  0.000e+00  2.260e+00  5.482e-01  0.000e+00  1.221e+00
 383000  3.42696e+00  0.000e+00  3.427e+00  0.000e+00  0.000e+00  0.000e+00  1.081e+00  2.280e-01  0.000e+00  2.118e+00
 383500  1.08140e+00  0.000e+00  1.081e+00  0.000e+00  0.000e+00  0.000e+00  6.908e-01  3.020e-01  0.000e+00  8.854e-02
 384000  2.63561e+00  0.000e+00  2.636e+00  0.000e+00  0.000e+00  0.000e+00  5.379e-01  9.951e-01  0.000e+00  1.103e+00
 384500  3.25688e-01  0.000e+00  3.257e-01  0.000e+00  0.000e+00  0.000e+00  1.383e-01  1.087e-01  0.000e+00  7.871e-02
 385000  1.60989e+00  0.000e+00  1.610e+00  0.000e+00  0.000e+00  0.000e+00  8.729e-01  2.125e-01  0.000e+00  5.245e-01
 385500  1.82266e+00  0.000e+00  1.823e+00  0.000e+00  0.000e+00  0.000e+00  1.467e+00  3.469e-01  0.000e+00  8.593e-03
 386000  2.43538e+00  0.000e+00  2.435e+00  0.000e+00  0.000e+00  0.000e+00  1.164e+00  7.856e-01  0.000e+00  4.856e-01
 386500  1.22137e+00  0.000e+00  1.221e+00  0.000e+00  0.000e+00  0.000e+00  2.918e-01  7.370e-01  0.000e+00  1.927e-01
 387000  6.72942e-01  0.000e+00  6.729e-01  0.000e+00  0.000e+00  0.000e+00  1.337e-01  3.674e-01  0.000e+00  1.719e-01
 387500  1.06595e+00  0.000e+00  1.066e+00  0.000e+00  0.000e+00  0.000e+00  6.106e-01  4.553e-01  0.000e+00  1.055e-04
 388000  1.81254e+00  0.000e+00  1.813e+00  0.000e+00  0.000e+00  0.000e+00  7.824e-01  2.465e-01  0.000e+00  7.836e-01
 388500  1.14641e+00  0.000e+00  1.146e+00  0.000e+00  0.000e+00  0.000e+00  9.935e-01  6.984e-02  0.000e+00  8.308e-02
 389000  2.70630e+00  0.000e+00  2.706e+00  0.000e+00  0.000e+00  0.000e+00  8.910e-01  1.589e+00  0.000e+00  2.259e-01
 389500  2.03513e+00  0.000e+00  2.035e+00  0.000e+00  0.000e+00  0.000e+00  1.056e+00  4.048e-01  0.000e+00  5.745e-01
 390000  1.60457e+00  0.000e+00  1.605e+00  0.000e+00  0.000e+00  0.000e+00  2.089e-01  5.640e-01  0.000e+00  8.317e-01
 390500  8.33757e-01  0.000e+00  8.338e-01  0.000e+00  0.000e+00  0.000e+00  1.820e-01  6.386e-01  0.000e+00  1.316e-02
 391000  1.18911e+00  0.000e+00  1.189e+00  0.000e+00  0.000e+00  0.000e+00  1.964e-01  1.468e-01  0.000e+00  8.459e-01
 391500  7.28279e-01  0.000e+00  7.283e-01  0.000e+00  0.000e+00  0.000e+00  1.231e-01  3.084e-01  0.000e+00  2.968e-01
 392000  1.73281e+00  0.000e+00  1.733e+00  0.000e+00  0.000e+00  0.000e+00  1.069e+00  4.763e-01  0.000e+00  1.880e-01
 392500  1.66612e+00  0.000e+00  1.666e+00  0.000e+00  0.000e+00  0.000e+00  6.578e-01  5.641e-01  0.000e+00  4.442e-01
 393000  1.60468e+00  0.000e+00  1.605e+00  0.000e+00  0.000e+00  0.000e+00  1.068e+00  5.301e-01  0.000e+00  6.330e-03
 393500  1.45127e+00  0.000e+00  1.451e+00  0.000e+00  0.000e+00  0.000e+00  1.101e+00  1.443e-01  0.000e+00  2.060e-01
 394000  3.30898e+00  0.000e+00  3.309e+00  0.000e+00  0.000e+00  0.000e+00  6.520e-01  1.639e+00  0.000e+00  1.018e+00
 394500  6.20121e+00  0.000e+00  6.201e+00  0.000e+00  0.000e+00  0.000e+00  4.116e+00  2.085e+00  0.000e+00  1.783e-05
 395000  1.69061e+00  0.000e+00  1.691e+00  0.000e+00  0.000e+00  0.000e+00  9.791e-01  2.860e-01  0.000e+00  4.255e-01
 395500  2.58373e+00  0.000e+00  2.584e+00  0.000e+00  0.000e+00  0.000e+00  2.242e+00  3.305e-01  0.000e+00  1.091e-02
 396000  2.87230e+00  0.000e+00  2.872e+00  0.000e+00  0.000e+00  0.000e+00  4.287e-01  2.442e+00  0.000e+00  1.938e-03
 396500  2.04063e+00  0.000e+00  2.041e+00  0.000e+00  0.000e+00  0.000e+00  4.170e-01  1.037e+00  0.000e+00  5.868e-01
 397000  2.65050e+00  0.000e+00  2.651e+00  0.000e+00  0.000e+00  0.000e+00  2.117e+00  3.853e-01  0.000e+00  1.487e-01
 397500  1.28997e+00  0.000e+00  1.290e+00  0.000e+00  0.000e+00  0.000e+00  1.090e+00  1.998e-01  0.000e+00  3.155e-08
 398000  3.19393e+00  0.000e+00  3.194e+00  0.000e+00  0.000e+00  0.000e+00  2.555e+00  1.083e-01  0.000e+00  5.308e-01
 398500  3.68228e+00  0.000e+00  3.682e+00  0.000e+00  0.000e+00  0.000e+00  2.408e-01  2.955e+00  0.000e+00  4.866e-01
 399000  6.91524e-01  0.000e+00  6.915e-01  0.000e+00  0.000e+00  0.000e+00  3.318e-01  1.392e-01  0.000e+00  2.205e-01
 399500  2.57364e+00  0.000e+00  2.574e+00  0.000e+00  0.000e+00  0.000e+00  2.100e+00  4.732e-01  0.000e+00  1.162e-04
 400000  2.01872e+00  0.000e+00  2.019e+00  0.000e+00  0.000e+00  0.000e+00  9.826e-01  7.085e-01  0.000e+00  3.276e-01
