# energy [kcal/mol] of ethane
#  conf       e_pot  e_nonbond   e_bonded  e_boundary      e_vdw     e_elst     e_bond    e_angle     e_tors      e_oop
      0  2.81699e-01  0.000e+00  2.817e-01  0.000e+00  0.000e+00  0.000e+00  9.474e-02  1.870e-01  2.337e-09  0.000e+00
     25  6.64846e+01  0.000e+00  6.648e+01  0.000e+00  0.000e+00  0.000e+00  3.204e+01  3.364e+01  8.116e-01  0.000e+00
     50  5.60837e+01  0.000e+00  5.608e+01  0.000e+00  0.000e+00  0.000e+00  8.611e+00  4.662e+01  8.486e-01  0.000e+00
     75  6.46268e+01  0.000e+00  6.463e+01  0.000e+00  0.000e+00  0.000e+00  1.232e+01  5.086e+01  1.446e+00  0.000e+00
    100  9.05028e+01  0.000e+00  9.050e+01  0.000e+00  0.000e+00  0.000e+00  4.111e+01  4.880e+01  5.922e-01  0.000e+00
    125  6.68533e+01  0.000e+00  6.685e+01  0.000e+00  0.000e+00  0.000e+00  1.328e+01  5.251e+01  1.059e+00  0.000e+00
    150  7.94030e+01  0.000e+00  7.940e+01  0.000e+00  0.000e+00  0.000e+00  2.893e+01  4.999e+01  4.833e-01  0.000e+00
    175  5.21480e+01  0.000e+00  5.215e+01  0.000e+00  0.000e+00  0.000e+00  1.130e+01  4.019e+01  6.589e-01  0.000e+00
    200  7.58968e+01  0.000e+00  7.590e+01  0.000e+00  0.000e+00  0.000e+00  4.895e+01  2.641e+01  5.348e-01  0.000e+00
    225  5.85104e+01  0.000e+00  5.851e+01  0.000e+00  0.000e+00  0.000e+00  2.119e+01  3.714e+01  1.764e-01  0.000e+00
    250  7.28538e+01  0.000e+00  7.285e+01  0.000e+00  0.000e+00  0.000e+00  1.308e+01  5.895e+01  8.190e-01  0.000e+00
    275  4.55690e+01  0.000e+00  4.557e+01  0.000e+00  0.000e+00  0.000e+00  1.453e+01  3.049e+01  5.406e-01  0.000e+00
    300  3.07532e+01  0.000e+00  3.075e+01  0.000e+00  0.000e+00  0.000e+00  9.025e+00  2.080e+01  9.308e-01  0.000e+00
    325  4.03753e+01  0.000e+00  4.038e+01  0.000e+00  0.000e+00  0.000e+00  1.665e+01  2.225e+01  1.474e+00  0.000e+00
    350  5.39361e+01  0.000e+00  5.394e+01  0.000e+00  0.000e+00  0.000e+00  3.593e+01  1.651e+01  1.500e+00  0.000e+00
    375  5.39958e+01  0.000e+00  5.400e+01  0.000e+00  0.000e+00  0.000e+00  3.233e+01  2.018e+01  1.478e+00  0.000e+00
    400  3.74270e+01  0.000e+00  3.743e+01  0.000e+00  0.000e+00  0.000e+00  2.482e+01  1.220e+01  4.101e-01  0.000e+00
    425  5.10236e+01  0.000e+00  5.102e+01  0.000e+00  0.000e+00  0.000e+00  3.262e+01  1.816e+01  2.466e-01  0.000e+00
    450  5.72688e+01  0.000e+00  5.727e+01  0.000e+00  0.000e+00  0.000e+00  3.520e+01  2.109e+01  9.719e-01  0.000e+00
    475  5.46107e+01  0.000e+00  5.461e+01  0.000e+00  0.000e+00  0.000e+00  2.849e+01  2.489e+01  1.229e+00  0.000e+00
    500  6.29228e+01  0.000e+00  6.292e+01  0.000e+00  0.000e+00  0.000e+00  3.139e+01  3.026e+01  1.268e+00  0.000e+00
    525  3.73755e+01  0.000e+00  3.738e+01  0.000e+00  0.000e+00  0.000e+00  2.333e+01  1.325e+01  7.957e-01  0.000e+00
    550  7.95719e+01  0.000e+00  7.957e+01  0.000e+00  0.000e+00  0.000e+00  5.984e+01  1.914e+01  5.908e-01  0.000e+00
    575  4.11992e+01  0.000e+00  4.120e+01  0.000e+00  0.000e+00  0.000e+00  1.338e+01  2.707e+01  7.484e-01  0.000e+00
    600  6.47296e+01  0.000e+00  6.473e+01  0.000e+00  0.000e+00  0.000e+00  2.013e+01  4.383e+01  7.722e-01  0.000e+00
    625  8.88184e+01  0.000e+00  8.882e+01  0.000e+00  0.000e+00  0.000e+00  2.423e+01  6.352e+01  1.068e+00  0.000e+00
    650  8.95896e+01  0.000e+00  8.959e+01  0.000e+00  0.000e+00  0.000e+00  2.936e+01  5.945e+01  7.767e-01  0.000e+00
    675  7.79322e+01  0.000e+00  7.793e+01  0.000e+00  0.000e+00  0.000e+00  2.470e+01  5.215e+01  1.087e+00  0.000e+00
    700  8.33629e+01  0.000e+00  8.336e+01  0.000e+00  0.000e+00  0.000e+00  1.140e+01  7.089e+01  1.077e+00  0.000e+00
    725  9.13397e+01  0.000e+00  9.134e+01  0.000e+00  0.000e+00  0.000e+00  1.609e+01  7.427e+01  9.812e-01  0.000e+00
    750  7.27537e+01  0.000e+00  7.275e+01  0.000e+00  0.000e+00  0.000e+00  3.968e+00  6.828e+01  5.088e-01  0.000e+00
    775  9.78805e+01  0.000e+00  9.788e+01  0.000e+00  0.000e+00  0.000e+00  3.065e+01  6.608e+01  1.154e+00  0.000e+00
    800  1.04124e+02  0.000e+00  1.041e+02  0.000e+00  0.000e+00  0.000e+00  3.816e+01  6.527e+01  6.951e-01  0.000e+00
    825  7.32031e+01  0.000e+00  7.320e+01  0.000e+00  0.000e+00  0.000e+00  3.274e+01  3.978e+01  6.801e-01  0.000e+00
    850  4.80337e+01  0.000e+00  4.803e+01  0.000e+00  0.000e+00  0.000e+00  2.655e+01  2.129e+01  2.019e-01  0.000e+00
    875  4.79510e+01  0.000e+00  4.795e+01  0.000e+00  0.000e+00  0.000e+00  1.980e+01  2.785e+01  3.094e-01  0.000e+00
    900  5.98170e+01  0.000e+00  5.982e+01  0.000e+00  0.000e+00  0.000e+00  2.264e+01  3.673e+01  4.504e-01  0.000e+00
    925  4.37229e+01  0.000e+00  4.372e+01  0.000e+00  0.000e+00  0.000e+00  2.365e+01  1.995e+01  1.226e-01  0.000e+00
    950  4.10928e+01  0.000e+00  4.109e+01  0.000e+00  0.000e+00  0.000e+00  1.445e+01  2.622e+01  4.196e-01  0.000e+00
    975  3.71425e+01  0.000e+00  3.714e+01  0.000e+00  0.000e+00  0.000e+00  2.624e+01  1.074e+01  1.632e-01  0.000e+00
   1000  2.63210e+01  0.000e+00  2.632e+01  0.000e+00  0.000e+00  0.000e+00  5.461e+00  1.993e+01  9.312e-01  0.000e+00
   1025  3.17056e+01  0.000e+00  3.171e+01  0.000e+00  0.000e+00  0.000e+00  1.650e+01  1.438e+01  8.273e-01  0.000e+00
   1050  2.70929e+01  0.000e+00  2.709e+01  0.000e+00  0.000e+00  0.000e+00  1.471e+01  1.180e+01  5.833e-01  0.000e+00
   1075  5.48928e+01  0.000e+00  5.489e+01  0.000e+00  0.000e+00  0.000e+00  3.397e+01  1.969e+01  1.228e+00  0.000e+00
   1100  4.81710e+01  0.000e+00  4.817e+01  0.000e+00  0.000e+00  0.000e+00  2.979e+01  1.701e+01  1.377e+00  0.000e+00
   1125  3.32961e+01  0.000e+00  3.330e+01  0.000e+00  0.000e+00  0.000e+00  1.427e+01  1.803e+01  9.961e-01  0.000e+00
   1150  2.55283e+01  0.000e+00  2.553e+01  0.000e+00  0.000e+00  0.000e+00  9.781e+00  1.427e+01  1.481e+00  0.000e+00
   1175  3.13419e+01  0.000e+00  3.134e+01  0.000e+00  0.000e+00  0.000e+00  1.962e+01  1.057e+01  1.153e+00  0.000e+00
   1200  2.84339e+01  0.000e+00  2.843e+01  0.000e+00  0.000e+00  0.000e+00  5.965e+00  2.075e+01  1.715e+00  0.000e+00
   1225  4.27985e+01  0.000e+00  4.280e+01  0.000e+00  0.000e+00  0.000e+00  2.363e+01  1.814e+01  1.035e+00  0.000e+00
   1250  3.76009e+01  0.000e+00  3.760e+01  0.000e+00  0.000e+00  0.000e+00  2.624e+01  1.013e+01  1.230e+00  0.000e+00
   1275  6.54769e+01  0.000e+00  6.548e+01  0.000e+00  0.000e+00  0.000e+00  4.410e+01  2.045e+01  9.232e-01  0.000e+00
   1300  3.95765e+01  0.000e+00  3.958e+01  0.000e+00  0.000e+00  0.000e+00  9.346e+00  2.943e+01  8.019e-01  0.000e+00
   1325  3.89212e+01  0.000e+00  3.892e+01  0.000e+00  0.000e+00  0.000e+00  2.388e+01  1.411e+01  9.328e-01  0.000e+00
   1350  6.03279e+01  0.000e+00  6.033e+01  0.000e+00  0.000e+00  0.000e+00  1.641e+01  4.323e+01  6.938e-01  0.000e+00
   1375  3.91102e+01  0.000e+00  3.911e+01  0.000e+00  0.000e+00  0.000e+00  2.088e+01  1.714e+01  1.085e+00  0.000e+00
   1400  5.59505e+01  0.000e+00  5.595e+01  0.000e+00  0.000e+00  0.000e+00  1.502e+01  3.944e+01  1.497e+00  0.000e+00
   1425  7.15281e+01  0.000e+00  7.153e+01  0.000e+00  0.000e+00  0.000e+00  3.295e+01  3.669e+01  1.881e+00  0.000e+00
   1450  5.57066e+01  0.000e+00  5.571e+01  0.000e+00  0.000e+00  0.000e+00  2.759e+01  2.576e+01  2.357e+00  0.000e+00
   1475  4.13125e+01  0.000e+00  4.131e+01  0.000e+00  0.000e+00  0.000e+00  5.431e+00  3.386e+01  2.025e+00  0.000e+00
   1500  7.12669e+01  0.000e+00  7.127e+01  0.000e+00  0.000e+00  0.000e+00  2.138e+01  4.786e+01  2.020e+00  0.000e+00
   1525  8.83286e+01  0.000e+00  8.833e+01  0.000e+00  0.000e+00  0.000e+00  3.323e+01  5.317e+01  1.934e+00  0.000e+00
   1550  8.40396e+01  0.000e+00  8.404e+01  0.000e+00  0.000e+00  0.000e+00  2.022e+01  6.198e+01  1.844e+00  0.000e+00
   1575  7.77915e+01  0.000e+00  7.779e+01  0.000e+00  0.000e+00  0.000e+00  2.971e+01  4.587e+01  2.212e+00  0.000e+00
   1600  6.36597e+01  0.000e+00  6.366e+01  0.000e+00  0.000e+00  0.000e+00  2.279e+01  3.877e+01  2.094e+00  0.000e+00
   1625  5.44045e+01  0.000e+00  5.440e+01  0.000e+00  0.000e+00  0.000e+00  2.938e+01  2.362e+01  1.403e+00  0.000e+00
   1650  4.70710e+01  0.000e+00  4.707e+01  0.000e+00  0.000e+00  0.000e+00  1.610e+01  2.901e+01  1.963e+00  0.000e+00
   1675  3.14745e+01  0.000e+00  3.147e+01  0.000e+00  0.000e+00  0.000e+00  7.186e+00  2.277e+01  1.521e+00  0.000e+00
   1700  2.99900e+01  0.000e+00  2.999e+01  0.000e+00  0.000e+00  0.000e+00  1.514e+01  1.328e+01  1.567e+00  0.000e+00
   1725  5.28591e+01  0.000e+00  5.286e+01  0.000e+00  0.000e+00  0.000e+00  3.483e+01  1.617e+01  1.859e+00  0.000e+00
   1750  4.66806e+01  0.000e+00  4.668e+01  0.000e+00  0.000e+00  0.000e+00  2.675e+01  1.794e+01  1.986e+00  0.000e+00
   1775  5.25788e+01  0.000e+00  5.258e+01  0.000e+00  0.000e+00  0.000e+00  1.651e+01  3.386e+01  2.213e+00  0.000e+00
   1800  5.57110e+01  0.000e+00  5.571e+01  0.000e+00  0.000e+00  0.000e+00  9.794e+00  4.382e+01  2.098e+00  0.000e+00
   1825  3.76581e+01  0.000e+00  3.766e+01  0.000e+00  0.000e+00  0.000e+00  1.576e+01  1.946e+01  2.432e+00  0.000e+00
   1850  4.02948e+01  0.000e+00  4.029e+01  0.000e+00  0.000e+00  0.000e+00  2.602e+01  1.248e+01  1.791e+00  0.000e+00
   1875  3.19244e+01  0.000e+00  3.192e+01  0.000e+00  0.000e+00  0.000e+00  1.542e+01  1.482e+01  1.691e+00  0.000e+00
   1900  3.47318e+01  0.000e+00  3.473e+01  0.000e+00  0.000e+00  0.000e+00  1.340e+01  1.944e+01  1.888e+00  0.000e+00
   1925  2.82848e+01  0.000e+00  2.828e+01  0.000e+00  0.000e+00  0.000e+00  1.283e+01  1.397e+01  1.479e+00  0.000e+00
   1950  3.25692e+01  0.000e+00  3.257e+01  0.000e+00  0.000e+00  0.000e+00  1.743e+01  1.406e+01  1.083e+00  0.000e+00
   1975  5.57796e+01  0.000e+00  5.578e+01  0.000e+00  0.000e+00  0.000e+00  2.858e+01  2.586e+01  1.332e+00  0.000e+00
   2000  7.95011e+01  0.000e+00  7.950e+01  0.000e+00  0.000e+00  0.000e+00  1.051e+01  6.700e+01  1.994e+00  0.000e+00
   2025  4.64791e+01  0.000e+00  4.648e+01  0.000e+00  0.000e+00  0.000e+00  1.234e+01  3.227e+01  1.871e+00  0.000e+00
   2050  4.99272e+01  0.000e+00  4.993e+01  0.000e+00  0.000e+00  0.000e+00  1.589e+01  3.237e+01  1.670e+00  0.000e+00
   2075  5.85277e+01  0.000e+00  5.853e+01  0.000e+00  0.000e+00  0.000e+00  1.487e+01  4.227e+01  1.388e+00  0.000e+00
   2100  4.18915e+01  0.000e+00  4.189e+01  0.000e+00  0.000e+00  0.000e+00  9.355e+00  3.135e+01  1.189e+00  0.000e+00
   2125  6.68260e+01  0.000e+00  6.683e+01  0.000e+00  0.000e+00  0.000e+00  1.662e+01  4.903e+01  1.179e+00  0.000e+00
   2150  6.57291e+01  0.000e+00  6.573e+01  0.000e+00  0.000e+00  0.000e+00  3.078e+01  3.401e+01  9.373e-01  0.000e+00
   2175  4.48589e+01  0.000e+00  4.486e+01  0.000e+00  0.000e+00  0.000e+00  2.463e+01  1.875e+01  1.475e+00  0.000e+00
   2200  6.07177e+01  0.000e+00  6.072e+01  0.000e+00  0.000e+00  0.000e+00  2.406e+01  3.558e+01  1.083e+00  0.000e+00
   2225  3.55805e+01  0.000e+00  3.558e+01  0.000e+00  0.000e+00  0.000e+00  1.509e+01  1.934e+01  1.152e+00  0.000e+00
   2250  3.74676e+01  0.000e+00  3.747e+01  0.000e+00  0.000e+00  0.000e+00  2.106e+01  1.472e+01  1.690e+00  0.000e+00
   2275  4.72529e+01  0.000e+00  4.725e+01  0.000e+00  0.000e+00  0.000e+00  2.198e+01  2.343e+01  1.841e+00  0.000e+00
   2300  3.52023e+01  0.000e+00  3.520e+01  0.000e+00  0.000e+00  0.000e+00  2.348e+01  1.003e+01  1.694e+00  0.000e+00
   2325  2.53494e+01  0.000e+00  2.535e+01  0.000e+00  0.000e+00  0.000e+00  1.252e+01  1.120e+01  1.632e+00  0.000e+00
   2350  2.83329e+01  0.000e+00  2.833e+01  0.000e+00  0.000e+00  0.000e+00  2.043e+01  6.511e+00  1.396e+00  0.000e+00
   2375  2.46373e+01  0.000e+00  2.464e+01  0.000e+00  0.000e+00  0.000e+00  7.645e+00  1.578e+01  1.213e+00  0.000e+00
   2400  3.16945e+01  0.000e+00  3.169e+01  0.000e+00  0.000e+00  0.000e+00  4.463e+00  2.589e+01  1.340e+00  0.000e+00
   2425  5.25005e+01  0.000e+00  5.250e+01  0.000e+00  0.000e+00  0.000e+00  1.876e+01  3.242e+01  1.325e+00  0.000e+00
   2450  3.47497e+01  0.000e+00  3.475e+01  0.000e+00  0.000e+00  0.000e+00  1.694e+01  1.725e+01  5.649e-01  0.000e+00
   2475  2.91655e+01  0.000e+00  2.917e+01  0.000e+00  0.000e+00  0.000e+00  8.221e+00  2.011e+01  8.357e-01  0.000e+00
   2500  3.26324e+01  0.000e+00  3.263e+01  0.000e+00  0.000e+00  0.000e+00  1.529e+01  1.592e+01  1.419e+00  0.000e+00
   2525  3.37712e+01  0.000e+00  3.377e+01  0.000e+00  0.000e+00  0.000e+00  1.848e+01  1.411e+01  1.177e+00  0.000e+00
   2550  4.52999e+01  0.000e+00  4.530e+01  0.000e+00  0.000e+00  0.000e+00  7.346e+00  3.625e+01  1.701e+00  0.000e+00
   2575  9.06249e+01  0.000e+00  9.062e+01  0.000e+00  0.000e+00  0.000e+00  3.850e+01  5.102e+01  1.103e+00  0.000e+00
   2600  5.63016e+01  0.000e+00  5.630e+01  0.000e+00  0.000e+00  0.000e+00  2.097e+01  3.385e+01  1.480e+00  0.000e+00
   2625  5.15962e+01  0.000e+00  5.160e+01  0.000e+00  0.000e+00  0.000e+00  1.592e+01  3.422e+01  1.454e+00  0.000e+00
   2650  7.53236e+01  0.000e+00  7.532e+01  0.000e+00  0.000e+00  0.000e+00  3.889e+01  3.536e+01  1.069e+00  0.000e+00
   2675  3.72237e+01  0.000e+00  3.722e+01  0.000e+00  0.000e+00  0.000e+00  1.529e+01  2.018e+01  1.751e+00  0.000e+00
   2700  4.72327e+01  0.000e+00  4.723e+01  0.000e+00  0.000e+00  0.000e+00  1.347e+01  3.221e+01  1.554e+00  0.000e+00
   2725  5.96292e+01  0.000e+00  5.963e+01  0.000e+00  0.000e+00  0.000e+00  3.439e+01  2.383e+01  1.410e+00  0.000e+00
   2750  5.62449e+01  0.000e+00  5.624e+01  0.000e+00  0.000e+00  0.000e+00  1.634e+01  3.841e+01  1.503e+00  0.000e+00
   2775  1.01861e+02  0.000e+00  1.019e+02  0.000e+00  0.000e+00  0.000e+00  6.030e+01  4.066e+01  9.006e-01  0.000e+00
   2800  7.62214e+01  0.000e+00  7.622e+01  0.000e+00  0.000e+00  0.000e+00  4.961e+01  2.555e+01  1.063e+00  0.000e+00
   2825  6.36944e+01  0.000e+00  6.369e+01  0.000e+00  0.000e+00  0.000e+00  1.820e+01  4.412e+01  1.376e+00  0.000e+00
   2850  2.57308e+01  0.000e+00  2.573e+01  0.000e+00  0.000e+00  0.000e+00  8.109e+00  1.605e+01  1.574e+00  0.000e+00
   2875  4.43652e+01  0.000e+00  4.437e+01  0.000e+00  0.000e+00  0.000e+00  1.664e+01  2.632e+01  1.406e+00  0.000e+00
   2900  4.45897e+01  0.000e+00  4.459e+01  0.000e+00  0.000e+00  0.000e+00  3.799e+01  4.778e+00  1.819e+00  0.000e+00
   2925  4.28290e+01  0.000e+00  4.283e+01  0.000e+00  0.000e+00  0.000e+00  1.796e+01  2.322e+01  1.643e+00  0.000e+00
   2950  7.61281e+01  0.000e+00  7.613e+01  0.000e+00  0.000e+00  0.000e+00  4.099e+01  3.391e+01  1.223e+00  0.000e+00
   2975  6.26735e+01  0.000e+00  6.267e+01  0.000e+00  0.000e+00  0.000e+00  4.008e+01  2.126e+01  1.330e+00  0.000e+00
   3000  4.68369e+01  0.000e+00  4.684e+01  0.000e+00  0.000e+00  0.000e+00  1.140e+01  3.413e+01  1.312e+00  0.000e+00
   3025  4.14710e+01  0.000e+00  4.147e+01  0.000e+00  0.000e+00  0.000e+00  3.848e+00  3.642e+01  1.205e+00  0.000e+00
   3050  6.14445e+01  0.000e+00  6.144e+01  0.000e+00  0.000e+00  0.000e+00  2.359e+01  3.682e+01  1.029e+00  0.000e+00
   3075  6.09080e+01  0.000e+00  6.091e+01  0.000e+00  0.000e+00  0.000e+00  2.867e+01  3.157e+01  6.643e-01  0.000e+00
   3100  4.51495e+01  0.000e+00  4.515e+01  0.000e+00  0.000e+00  0.000e+00  3.815e+00  4.001e+01  1.327e+00  0.000e+00
   3125  6.13584e+01  0.000e+00  6.136e+01  0.000e+00  0.000e+00  0.000e+00  3.218e+01  2.836e+01  8.189e-01  0.000e+00
   3150  4.79934e+01  0.000e+00  4.799e+01  0.000e+00  0.000e+00  0.000e+00  1.643e+01  3.098e+01  5.802e-01  0.000e+00
   3175  5.24772e+01  0.000e+00  5.248e+01  0.000e+00  0.000e+00  0.000e+00  3.283e+01  1.912e+01  5.252e-01  0.000e+00
   3200  4.07005e+01  0.000e+00  4.070e+01  0.000e+00  0.000e+00  0.000e+00  2.373e+01  1.624e+01  7.338e-01  0.000e+00
   3225  4.92619e+01  0.000e+00  4.926e+01  0.000e+00  0.000e+00  0.000e+00  2.017e+01  2.855e+01  5.417e-01  0.000e+00
   3250  2.88185e+01  0.000e+00  2.882e+01  0.000e+00  0.000e+00  0.000e+00  8.596e+00  1.953e+01  6.902e-01  0.000e+00
   3275  4.24933e+01  0.000e+00  4.249e+01  0.000e+00  0.000e+00  0.000e+00  1.067e+01  3.152e+01  3.017e-01  0.000e+00
   3300  6.18926e+01  0.000e+00  6.189e+01  0.000e+00  0.000e+00  0.000e+00  2.791e+01  3.306e+01  9.297e-01  0.000e+00
   3325  3.59601e+01  0.000e+00  3.596e+01  0.000e+00  0.000e+00  0.000e+00  1.628e+01  1.902e+01  6.553e-01  0.000e+00
   3350  4.63812e+01  0.000e+00  4.638e+01  0.000e+00  0.000e+00  0.000e+00  9.209e+00  3.614e+01  1.033e+00  0.000e+00
   3375  4.99268e+01  0.000e+00  4.993e+01  0.000e+00  0.000e+00  0.000e+00  3.650e+01  1.258e+01  8.495e-01  0.000e+00
   3400  5.95265e+01  0.000e+00  5.953e+01  0.000e+00  0.000e+00  0.000e+00  3.468e+01  2.289e+01  1.955e+00  0.000e+00
   3425  3.76793e+01  0.000e+00  3.768e+01  0.000e+00  0.000e+00  0.000e+00  3.976e+00  3.244e+01  1.266e+00  0.000e+00
   3450  6.63227e+01  0.000e+00  6.632e+01  0.000e+00  0.000e+00  0.000e+00  3.027e+01  3.457e+01  1.486e+00  0.000e+00
   3475  3.24557e+01  0.000e+00  3.246e+01  0.000e+00  0.000e+00  0.000e+00  6.059e+00  2.459e+01  1.809e+00  0.000e+00
   3500  5.16682e+01  0.000e+00  5.167e+01  0.000e+00  0.000e+00  0.000e+00  2.208e+01  2.747e+01  2.121e+00  0.000e+00
   3525  6.56675e+01  0.000e+00  6.567e+01  0.000e+00  0.000e+00  0.000e+00  1.343e+01  5.006e+01  2.180e+00  0.000e+00
   3550  5.22780e+01  0.000e+00  5.228e+01  0.000e+00  0.000e+00  0.000e+00  1.893e+01  3.095e+01  2.391e+00  0.000e+00
   3575  5.76466e+01  0.000e+00  5.765e+01  0.000e+00  0.000e+00  0.000e+00  3.178e+01  2.318e+01  2.688e+00  0.000e+00
   3600  4.03594e+01  0.000e+00  4.036e+01  0.000e+00  0.000e+00  0.000e+00  1.541e+01  2.254e+01  2.406e+00  0.000e+00
   3625  3.31774e+01  0.000e+00  3.318e+01  0.000e+00  0.000e+00  0.000e+00  1.716e+01  1.370e+01  2.318e+00  0.000e+00
   3650  3.66605e+01  0.000e+00  3.666e+01  0.000e+00  0.000e+00  0.000e+00  1.734e+01  1.767e+01  1.648e+00  0.000e+00
   3675  3.74312e+01  0.000e+00  3.743e+01  0.000e+00  0.000e+00  0.000e+00  1.482e+01  2.126e+01  1.352e+00  0.000e+00
   3700  4.81301e+01  0.000e+00  4.813e+01  0.000e+00  0.000e+00  0.000e+00  1.806e+01  2.824e+01  1.828e+00  0.000e+00
   3725  6.17170e+01  0.000e+00  6.172e+01  0.000e+00  0.000e+00  0.000e+00  2.453e+01  3.507e+01  2.117e+00  0.000e+00
   3750  5.90275e+01  0.000e+00  5.903e+01  0.000e+00  0.000e+00  0.000e+00  2.816e+01  2.906e+01  1.811e+00  0.000e+00
   3775  7.73602e+01  0.000e+00  7.736e+01  0.000e+00  0.000e+00  0.000e+00  2.324e+01  5.256e+01  1.563e+00  0.000e+00
   3800  4.95890e+01  0.000e+00  4.959e+01  0.000e+00  0.000e+00  0.000e+00  1.270e+01  3.500e+01  1.886e+00  0.000e+00
   3825  4.05857e+01  0.000e+00  4.059e+01  0.000e+00  0.000e+00  0.000e+00  4.467e+00  3.383e+01  2.291e+00  0.000e+00
   3850  4.93518e+01  0.000e+00  4.935e+01  0.000e+00  0.000e+00  0.000e+00  1.167e+01  3.519e+01  2.496e+00  0.000e+00
   3875  7.35994e+01  0.000e+00  7.360e+01  0.000e+00  0.000e+00  0.000e+00  3.522e+01  3.584e+01  2.537e+00  0.000e+00
   3900  7.04231e+01  0.000e+00  7.042e+01  0.000e+00  0.000e+00  0.000e+00  3.839e+01  2.939e+01  2.643e+00  0.000e+00
   3925  2.75801e+01  0.000e+00  2.758e+01  0.000e+00  0.000e+00  0.000e+00  8.909e+00  1.623e+01  2.438e+00  0.000e+00
   3950  5.72060e+01  0.000e+00  5.721e+01  0.000e+00  0.000e+00  0.000e+00  1.992e+01  3.514e+01  2.144e+00  0.000e+00
   3975  4.60369e+01  0.000e+00  4.604e+01  0.000e+00  0.000e+00  0.000e+00  1.005e+01  3.398e+01  2.001e+00  0.000e+00
   4000  5.96298e+01  0.000e+00  5.963e+01  0.000e+00  0.000e+00  0.000e+00  3.059e+01  2.698e+01  2.057e+00  0.000e+00
   4025  3.45435e+01  0.000e+00  3.454e+01  0.000e+00  0.000e+00  0.000e+00  1.248e+01  1.988e+01  2.182e+00  0.000e+00
   4050  4.36298e+01  0.000e+00  4.363e+01  0.000e+00  0.000e+00  0.000e+00  6.062e+00  3.534e+01  2.230e+00  0.000e+00
   4075  2.92221e+01  0.000e+00  2.922e+01  0.000e+00  0.000e+00  0.000e+00  1.434e+01  1.257e+01  2.303e+00  0.000e+00
   4100  6.10138e+01  0.000e+00  6.101e+01  0.000e+00  0.000e+00  0.000e+00  4.719e+01  1.184e+01  1.989e+00  0.000e+00
   4125  4.18619e+01  0.000e+00  4.186e+01  0.000e+00  0.000e+00  0.000e+00  2.443e+01  1.548e+01  1.955e+00  0.000e+00
   4150  4.92936e+01  0.000e+00  4.929e+01  0.000e+00  0.000e+00  0.000e+00  2.914e+01  1.842e+01  1.736e+00  0.000e+00
   4175  3.21216e+01  0.000e+00  3.212e+01  0.000e+00  0.000e+00  0.000e+00  1.029e+01  1.991e+01  1.918e+00  0.000e+00
   4200  3.82580e+01  0.000e+00  3.826e+01  0.000e+00  0.000e+00  0.000e+00  1.431e+01  2.255e+01  1.393e+00  0.000e+00
   4225  3.52477e+01  0.000e+00  3.525e+01  0.000e+00  0.000e+00  0.000e+00  1.447e+01  2.001e+01  7.678e-01  0.000e+00
   4250  3.44179e+01  0.000e+00  3.442e+01  0.000e+00  0.000e+00  0.000e+00  1.326e+01  2.019e+01  9.777e-01  0.000e+00
   4275  6.46189e+01  0.000e+00  6.462e+01  0.000e+00  0.000e+00  0.000e+00  3.095e+01  3.197e+01  1.695e+00  0.000e+00
   4300  7.32874e+01  0.000e+00  7.329e+01  0.000e+00  0.000e+00  0.000e+00  3.367e+01  3.821e+01  1.403e+00  0.000e+00
   4325  3.75058e+01  0.000e+00  3.751e+01  0.000e+00  0.000e+00  0.000e+00  1.032e+01  2.583e+01  1.353e+00  0.000e+00
   4350  4.31126e+01  0.000e+00  4.311e+01  0.000e+00  0.000e+00  0.000e+00  1.550e+01  2.595e+01  1.666e+00  0.000e+00
   4375  2.85838e+01  0.000e+00  2.858e+01  0.000e+00  0.000e+00  0.000e+00  5.342e+00  2.185e+01  1.396e+00  0.000e+00
   4400  5.69259e+01  0.000e+00  5.693e+01  0.000e+00  0.000e+00  0.000e+00  2.037e+01  3.562e+01  9.406e-01  0.000e+00
   4425  3.96664e+01  0.000e+00  3.967e+01  0.000e+00  0.000e+00  0.000e+00  1.159e+01  2.749e+01  5.870e-01  0.000e+00
   4450  5.30638e+01  0.000e+00  5.306e+01  0.000e+00  0.000e+00  0.000e+00  1.448e+01  3.737e+01  1.209e+00  0.000e+00
   4475  3.51244e+01  0.000e+00  3.512e+01  0.000e+00  0.000e+00  0.000e+00  5.260e+00  2.842e+01  1.444e+00  0.000e+00
   4500  5.25216e+01  0.000e+00  5.252e+01  0.000e+00  0.000e+00  0.000e+00  2.321e+01  2.798e+01  1.333e+00  0.000e+00
   4525  4.35027e+01  0.000e+00  4.350e+01  0.000e+00  0.000e+00  0.000e+00  6.293e+00  3.579e+01  1.420e+00  0.000e+00
   4550  5.29825e+01  0.000e+00  5.298e+01  0.000e+00  0.000e+00  0.000e+00  1.314e+01  3.851e+01  1.333e+00  0.000e+00
   4575  7.59360e+01  0.000e+00  7.594e+01  0.000e+00  0.000e+00  0.000e+00  2.433e+01  4.981e+01  1.799e+00  0.000e+00
   4600  3.97544e+01  0.000e+00  3.975e+01  0.000e+00  0.000e+00  0.000e+00  6.920e+00  3.138e+01  1.455e+00  0.000e+00
   4625  4.80346e+01  0.000e+00  4.803e+01  0.000e+00  0.000e+00  0.000e+00  1.377e+01  3.300e+01  1.263e+00  0.000e+00
   4650  6.34552e+01  0.000e+00  6.346e+01  0.000e+00  0.000e+00  0.000e+00  2.567e+01  3.600e+01  1.787e+00  0.000e+00
   4675  5.45775e+01  0.000e+00  5.458e+01  0.000e+00  0.000e+00  0.000e+00  1.302e+01  3.986e+01  1.697e+00  0.000e+00
   4700  3.30362e+01  0.000e+00  3.304e+01  0.000e+00  0.000e+00  0.000e+00  1.658e+01  1.479e+01  1.668e+00  0.000e+00
   4725  3.33404e+01  0.000e+00  3.334e+01  0.000e+00  0.000e+00  0.000e+00  9.081e+00  2.240e+01  1.860e+00  0.000e+00
   4750  3.33265e+01  0.000e+00  3.333e+01  0.000e+00  0.000e+00  0.000e+00  6.775e+00  2.443e+01  2.124e+00  0.000e+00
   4775  4.32648e+01  0.000e+00  4.326e+01  0.000e+00  0.000e+00  0.000e+00  9.880e+00  3.123e+01  2.152e+00  0.000e+00
   4800  4.80976e+01  0.000e+00  4.810e+01  0.000e+00  0.000e+00  0.000e+00  9.844e+00  3.622e+01  2.029e+00  0.000e+00
   4825  5.08755e+01  0.000e+00  5.088e+01  0.000e+00  0.000e+00  0.000e+00  1.734e+01  3.147e+01  2.070e+00  0.000e+00
   4850  3.36802e+01  0.000e+00  3.368e+01  0.000e+00  0.000e+00  0.000e+00  1.458e+01  1.664e+01  2.454e+00  0.000e+00
   4875  3.58942e+01  0.000e+00  3.589e+01  0.000e+00  0.000e+00  0.000e+00  1.919e+01  1.422e+01  2.483e+00  0.000e+00
   4900  5.25396e+01  0.000e+00  5.254e+01  0.000e+00  0.000e+00  0.000e+00  1.915e+01  3.099e+01  2.392e+00  0.000e+00
   4925  3.45990e+01  0.000e+00  3.460e+01  0.000e+00  0.000e+00  0.000e+00  3.109e+00  2.921e+01  2.280e+00  0.000e+00
   4950  8.34925e+01  0.000e+00  8.349e+01  0.000e+00  0.000e+00  0.000e+00  4.846e+01  3.256e+01  2.472e+00  0.000e+00
   4975  7.15732e+01  0.000e+00  7.157e+01  0.000e+00  0.000e+00  0.000e+00  2.541e+01  4.399e+01  2.171e+00  0.000e+00
   5000  3.73905e+01  0.000e+00  3.739e+01  0.000e+00  0.000e+00  0.000e+00  1.824e+01  1.666e+01  2.488e+00  0.000e+00
   5025  4.46652e+01  0.000e+00  4.467e+01  0.000e+00  0.000e+00  0.000e+00  1.288e+01  2.973e+01  2.058e+00  0.000e+00
   5050  4.88125e+01  0.000e+00  4.881e+01  0.000e+00  0.000e+00  0.000e+00  2.542e+01  2.106e+01  2.325e+00  0.000e+00
   5075  3.01121e+01  0.000e+00  3.011e+01  0.000e+00  0.000e+00  0.000e+00  1.256e+01  1.524e+01  2.317e+00  0.000e+00
   5100  3.45046e+01  0.000e+00  3.450e+01  0.000e+00  0.000e+00  0.000e+00  1.632e+01  1.565e+01  2.536e+00  0.000e+00
   5125  3.80587e+01  0.000e+00  3.806e+01  0.000e+00  0.000e+00  0.000e+00  1.322e+01  2.276e+01  2.074e+00  0.000e+00
   5150  4.50475e+01  0.000e+00  4.505e+01  0.000e+00  0.000e+00  0.000e+00  1.729e+01  2.560e+01  2.153e+00  0.000e+00
   5175  5.99832e+01  0.000e+00  5.998e+01  0.000e+00  0.000e+00  0.000e+00  1.864e+01  3.949e+01  1.855e+00  0.000e+00
   5200  7.46911e+01  0.000e+00  7.469e+01  0.000e+00  0.000e+00  0.000e+00  1.401e+01  5.882e+01  1.858e+00  0.000e+00
   5225  6.40025e+01  0.000e+00  6.400e+01  0.000e+00  0.000e+00  0.000e+00  1.030e+01  5.189e+01  1.806e+00  0.000e+00
   5250  6.65948e+01  0.000e+00  6.659e+01  0.000e+00  0.000e+00  0.000e+00  1.260e+01  5.203e+01  1.962e+00  0.000e+00
   5275  8.08827e+01  0.000e+00  8.088e+01  0.000e+00  0.000e+00  0.000e+00  2.960e+01  4.904e+01  2.242e+00  0.000e+00
   5300  8.07870e+01  0.000e+00  8.079e+01  0.000e+00  0.000e+00  0.000e+00  3.898e+01  3.961e+01  2.193e+00  0.000e+00
   5325  8.07175e+01  0.000e+00  8.072e+01  0.000e+00  0.000e+00  0.000e+00  7.766e+00  7.091e+01  2.040e+00  0.000e+00
   5350  1.03627e+02  0.000e+00  1.036e+02  0.000e+00  0.000e+00  0.000e+00  3.272e+01  6.911e+01  1.794e+00  0.000e+00
   5375  7.14546e+01  0.000e+00  7.145e+01  0.000e+00  0.000e+00  0.000e+00  2.122e+01  4.866e+01  1.575e+00  0.000e+00
   5400  8.44143e+01  0.000e+00  8.441e+01  0.000e+00  0.000e+00  0.000e+00  3.004e+01  5.307e+01  1.310e+00  0.000e+00
   5425  7.55462e+01  0.000e+00  7.555e+01  0.000e+00  0.000e+00  0.000e+00  3.470e+01  3.902e+01  1.821e+00  0.000e+00
   5450  5.84555e+01  0.000e+00  5.846e+01  0.000e+00  0.000e+00  0.000e+00  2.291e+01  3.401e+01  1.539e+00  0.000e+00
   5475  5.22486e+01  0.000e+00  5.225e+01  0.000e+00  0.000e+00  0.000e+00  2.451e+01  2.630e+01  1.440e+00  0.000e+00
   5500  4.54926e+01  0.000e+00  4.549e+01  0.000e+00  0.000e+00  0.000e+00  2.376e+01  1.982e+01  1.914e+00  0.000e+00
   5525  4.23475e+01  0.000e+00  4.235e+01  0.000e+00  0.000e+00  0.000e+00  1.141e+01  2.897e+01  1.969e+00  0.000e+00
   5550  5.85540e+01  0.000e+00  5.855e+01  0.000e+00  0.000e+00  0.000e+00  4.309e+01  1.350e+01  1.970e+00  0.000e+00
   5575  5.47737e+01  0.000e+00  5.477e+01  0.000e+00  0.000e+00  0.000e+00  1.333e+01  3.942e+01  2.014e+00  0.000e+00
   5600  3.48188e+01  0.000e+00  3.482e+01  0.000e+00  0.000e+00  0.000e+00  1.073e+01  2.191e+01  2.179e+00  0.000e+00
   5625  3.66869e+01  0.000e+00  3.669e+01  0.000e+00  0.000e+00  0.000e+00  1.048e+01  2.387e+01  2.340e+00  0.000e+00
   5650  5.09358e+01  0.000e+00  5.094e+01  0.000e+00  0.000e+00  0.000e+00  1.812e+01  3.101e+01  1.801e+00  0.000e+00
   5675  4.34973e+01  0.000e+00  4.350e+01  0.000e+00  0.000e+00  0.000e+00  1.390e+01  2.781e+01  1.790e+00  0.000e+00
   5700  3.83387e+01  0.000e+00  3.834e+01  0.000e+00  0.000e+00  0.000e+00  1.591e+01  2.081e+01  1.616e+00  0.000e+00
   5725  6.07808e+01  0.000e+00  6.078e+01  0.000e+00  0.000e+00  0.000e+00  4.702e+01  1.222e+01  1.547e+00  0.000e+00
   5750  5.12470e+01  0.000e+00  5.125e+01  0.000e+00  0.000e+00  0.000e+00  1.553e+01  3.431e+01  1.409e+00  0.000e+00
   5775  3.97846e+01  0.000e+00  3.978e+01  0.000e+00  0.000e+00  0.000e+00  9.616e+00  2.865e+01  1.519e+00  0.000e+00
   5800  3.29949e+01  0.000e+00  3.299e+01  0.000e+00  0.000e+00  0.000e+00  1.732e+01  1.371e+01  1.966e+00  0.000e+00
   5825  3.35998e+01  0.000e+00  3.360e+01  0.000e+00  0.000e+00  0.000e+00  1.003e+01  2.194e+01  1.622e+00  0.000e+00
   5850  5.62387e+01  0.000e+00  5.624e+01  0.000e+00  0.000e+00  0.000e+00  2.081e+01  3.358e+01  1.844e+00  0.000e+00
   5875  5.10125e+01  0.000e+00  5.101e+01  0.000e+00  0.000e+00  0.000e+00  2.525e+01  2.389e+01  1.871e+00  0.000e+00
   5900  3.65297e+01  0.000e+00  3.653e+01  0.000e+00  0.000e+00  0.000e+00  1.433e+01  1.992e+01  2.286e+00  0.000e+00
   5925  4.99795e+01  0.000e+00  4.998e+01  0.000e+00  0.000e+00  0.000e+00  2.518e+01  2.249e+01  2.306e+00  0.000e+00
   5950  4.27406e+01  0.000e+00  4.274e+01  0.000e+00  0.000e+00  0.000e+00  8.447e+00  3.209e+01  2.201e+00  0.000e+00
   5975  3.48679e+01  0.000e+00  3.487e+01  0.000e+00  0.000e+00  0.000e+00  1.344e+01  1.911e+01  2.322e+00  0.000e+00
   6000  4.54806e+01  0.000e+00  4.548e+01  0.000e+00  0.000e+00  0.000e+00  2.517e+01  1.813e+01  2.179e+00  0.000e+00
   6025  5.43359e+01  0.000e+00  5.434e+01  0.000e+00  0.000e+00  0.000e+00  3.658e+01  1.559e+01  2.167e+00  0.000e+00
   6050  4.93410e+01  0.000e+00  4.934e+01  0.000e+00  0.000e+00  0.000e+00  3.261e+01  1.441e+01  2.321e+00  0.000e+00
   6075  5.18531e+01  0.000e+00  5.185e+01  0.000e+00  0.000e+00  0.000e+00  1.440e+01  3.609e+01  1.369e+00  0.000e+00
   6100  4.89597e+01  0.000e+00  4.896e+01  0.000e+00  0.000e+00  0.000e+00  1.161e+01  3.564e+01  1.706e+00  0.000e+00
   6125  5.87490e+01  0.000e+00  5.875e+01  0.000e+00  0.000e+00  0.000e+00  1.579e+01  4.145e+01  1.512e+00  0.000e+00
   6150  3.98210e+01  0.000e+00  3.982e+01  0.000e+00  0.000e+00  0.000e+00  6.994e+00  3.048e+01  2.351e+00  0.000e+00
   6175  4.53463e+01  0.000e+00  4.535e+01  0.000e+00  0.000e+00  0.000e+00  2.121e+01  2.171e+01  2.424e+00  0.000e+00
   6200  2.92515e+01  0.000e+00  2.925e+01  0.000e+00  0.000e+00  0.000e+00  6.626e+00  2.009e+01  2.540e+00  0.000e+00
   6225  2.59445e+01  0.000e+00  2.594e+01  0.000e+00  0.000e+00  0.000e+00  6.379e+00  1.688e+01  2.689e+00  0.000e+00
   6250  3.13652e+01  0.000e+00  3.137e+01  0.000e+00  0.000e+00  0.000e+00  8.123e+00  2.084e+01  2.401e+00  0.000e+00
   6275  2.46787e+01  0.000e+00  2.468e+01  0.000e+00  0.000e+00  0.000e+00  1.121e+01  1.093e+01  2.539e+00  0.000e+00
   6300  5.19734e+01  0.000e+00  5.197e+01  0.000e+00  0.000e+00  0.000e+00  1.639e+01  3.320e+01  2.376e+00  0.000e+00
   6325  4.63203e+01  0.000e+00  4.632e+01  0.000e+00  0.000e+00  0.000e+00  7.511e+00  3.660e+01  2.212e+00  0.000e+00
   6350  5.77601e+01  0.000e+00  5.776e+01  0.000e+00  0.000e+00  0.000e+00  2.238e+01  3.379e+01  1.594e+00  0.000e+00
   6375  4.64965e+01  0.000e+00  4.650e+01  0.000e+00  0.000e+00  0.000e+00  1.365e+01  3.119e+01  1.659e+00  0.000e+00
   6400  2.88124e+01  0.000e+00  2.881e+01  0.000e+00  0.000e+00  0.000e+00  1.532e+01  1.139e+01  2.108e+00  0.000e+00
   6425  4.13883e+01  0.000e+00  4.139e+01  0.000e+00  0.000e+00  0.000e+00  1.481e+01  2.456e+01  2.015e+00  0.000e+00
   6450  5.73141e+01  0.000e+00  5.731e+01  0.000e+00  0.000e+00  0.000e+00  2.451e+01  3.158e+01  1.222e+00  0.000e+00
   6475  5.16554e+01  0.000e+00  5.166e+01  0.000e+00  0.000e+00  0.000e+00  2.420e+01  2.583e+01  1.630e+00  0.000e+00
   6500  4.29161e+01  0.000e+00  4.292e+01  0.000e+00  0.000e+00  0.000e+00  2.230e+01  1.984e+01  7.750e-01  0.000e+00
   6525  6.34900e+01  0.000e+00  6.349e+01  0.000e+00  0.000e+00  0.000e+00  1.964e+01  4.321e+01  6.387e-01  0.000e+00
   6550  5.56425e+01  0.000e+00  5.564e+01  0.000e+00  0.000e+00  0.000e+00  1.867e+01  3.625e+01  7.237e-01  0.000e+00
   6575  6.39040e+01  0.000e+00  6.390e+01  0.000e+00  0.000e+00  0.000e+00  2.223e+01  4.140e+01  2.714e-01  0.000e+00
   6600  4.34794e+01  0.000e+00  4.348e+01  0.000e+00  0.000e+00  0.000e+00  1.719e+01  2.613e+01  1.597e-01  0.000e+00
   6625  2.90778e+01  0.000e+00  2.908e+01  0.000e+00  0.000e+00  0.000e+00  9.686e+00  1.864e+01  7.493e-01  0.000e+00
   6650  3.91545e+01  0.000e+00  3.915e+01  0.000e+00  0.000e+00  0.000e+00  1.296e+01  2.572e+01  4.673e-01  0.000e+00
   6675  4.02228e+01  0.000e+00  4.022e+01  0.000e+00  0.000e+00  0.000e+00  1.728e+01  2.271e+01  2.399e-01  0.000e+00
   6700  8.07116e+01  0.000e+00  8.071e+01  0.000e+00  0.000e+00  0.000e+00  2.670e+01  5.352e+01  4.902e-01  0.000e+00
   6725  7.27168e+01  0.000e+00  7.272e+01  0.000e+00  0.000e+00  0.000e+00  1.805e+01  5.317e+01  1.500e+00  0.000e+00
   6750  5.06564e+01  0.000e+00  5.066e+01  0.000e+00  0.000e+00  0.000e+00  3.210e+01  1.810e+01  4.526e-01  0.000e+00
   6775  4.83086e+01  0.000e+00  4.831e+01  0.000e+00  0.000e+00  0.000e+00  2.051e+01  2.734e+01  4.617e-01  0.000e+00
   6800  8.81771e+01  0.000e+00  8.818e+01  0.000e+00  0.000e+00  0.000e+00  3.972e+01  4.750e+01  9.488e-01  0.000e+00
   6825  1.02253e+02  0.000e+00  1.023e+02  0.000e+00  0.000e+00  0.000e+00  4.989e+01  5.132e+01  1.041e+00  0.000e+00
   6850  1.15152e+02  0.000e+00  1.152e+02  0.000e+00  0.000e+00  0.000e+00  3.988e+01  7.438e+01  8.969e-01  0.000e+00
   6875  8.23696e+01  0.000e+00  8.237e+01  0.000e+00  0.000e+00  0.000e+00  2.924e+01  5.139e+01  1.747e+00  0.000e+00
   6900  5.50043e+01  0.000e+00  5.500e+01  0.000e+00  0.000e+00  0.000e+00  3.532e+01  1.805e+01  1.627e+00  0.000e+00
   6925  7.86581e+01  0.000e+00  7.866e+01  0.000e+00  0.000e+00  0.000e+00  2.725e+01  5.026e+01  1.147e+00  0.000e+00
   6950  7.97930e+01  0.000e+00  7.979e+01  0.000e+00  0.000e+00  0.000e+00  4.084e+01  3.783e+01  1.122e+00  0.000e+00
   6975  5.98247e+01  0.000e+00  5.982e+01  0.000e+00  0.000e+00  0.000e+00  1.711e+01  4.136e+01  1.361e+00  0.000e+00
   7000  7.62586e+01  0.000e+00  7.626e+01  0.000e+00  0.000e+00  0.000e+00  2.386e+01  5.150e+01  9.031e-01  0.000e+00
   7025  6.24436e+01  0.000e+00  6.244e+01  0.000e+00  0.000e+00  0.000e+00  1.317e+01  4.837e+01  9.116e-01  0.000e+00
   7050  6.18938e+01  0.000e+00  6.189e+01  0.000e+00  0.000e+00  0.000e+00  1.398e+01  4.715e+01  7.597e-01  0.000e+00
   7075  5.72267e+01  0.000e+00  5.723e+01  0.000e+00  0.000e+00  0.000e+00  1.860e+01  3.793e+01  6.952e-01  0.000e+00
   7100  5.00579e+01  0.000e+00  5.006e+01  0.000e+00  0.000e+00  0.000e+00  1.926e+01  3.017e+01  6.292e-01  0.000e+00
   7125  8.17005e+01  0.000e+00  8.170e+01  0.000e+00  0.000e+00  0.000e+00  3.814e+01  4.272e+01  8.440e-01  0.000e+00
   7150  4.02151e+01  0.000e+00  4.022e+01  0.000e+00  0.000e+00  0.000e+00  7.827e+00  3.209e+01  2.947e-01  0.000e+00
   7175  5.31250e+01  0.000e+00  5.313e+01  0.000e+00  0.000e+00  0.000e+00  1.238e+01  4.053e+01  2.202e-01  0.000e+00
   7200  4.76862e+01  0.000e+00  4.769e+01  0.000e+00  0.000e+00  0.000e+00  5.942e+00  4.140e+01  3.399e-01  0.000e+00
   7225  4.51953e+01  0.000e+00  4.520e+01  0.000e+00  0.000e+00  0.000e+00  2.213e+01  2.294e+01  1.285e-01  0.000e+00
   7250  6.83639e+01  0.000e+00  6.836e+01  0.000e+00  0.000e+00  0.000e+00  2.466e+01  4.253e+01  1.169e+00  0.000e+00
   7275  5.90967e+01  0.000e+00  5.910e+01  0.000e+00  0.000e+00  0.000e+00  4.218e+01  1.650e+01  4.079e-01  0.000e+00
   7300  6.83408e+01  0.000e+00  6.834e+01  0.000e+00  0.000e+00  0.000e+00  3.370e+01  3.383e+01  8.157e-01  0.000e+00
   7325  4.68862e+01  0.000e+00  4.689e+01  0.000e+00  0.000e+00  0.000e+00  7.991e+00  3.800e+01  8.916e-01  0.000e+00
   7350  6.24536e+01  0.000e+00  6.245e+01  0.000e+00  0.000e+00  0.000e+00  3.571e+01  2.559e+01  1.152e+00  0.000e+00
   7375  5.92001e+01  0.000e+00  5.920e+01  0.000e+00  0.000e+00  0.000e+00  1.772e+01  4.075e+01  7.323e-01  0.000e+00
   7400  6.10779e+01  0.000e+00  6.108e+01  0.000e+00  0.000e+00  0.000e+00  3.161e+01  2.781e+01  1.652e+00  0.000e+00
   7425  4.83263e+01  0.000e+00  4.833e+01  0.000e+00  0.000e+00  0.000e+00  2.049e+01  2.653e+01  1.312e+00  0.000e+00
   7450  4.09855e+01  0.000e+00  4.099e+01  0.000e+00  0.000e+00  0.000e+00  1.226e+01  2.744e+01  1.288e+00  0.000e+00
   7475  4.59931e+01  0.000e+00  4.599e+01  0.000e+00  0.000e+00  0.000e+00  6.996e+00  3.748e+01  1.520e+00  0.000e+00
   7500  6.64021e+01  0.000e+00  6.640e+01  0.000e+00  0.000e+00  0.000e+00  2.044e+01  4.492e+01  1.043e+00  0.000e+00
   7525  4.49622e+01  0.000e+00  4.496e+01  0.000e+00  0.000e+00  0.000e+00  1.943e+01  2.473e+01  8.035e-01  0.000e+00
   7550  4.80254e+01  0.000e+00  4.803e+01  0.000e+00  0.000e+00  0.000e+00  2.268e+01  2.430e+01  1.044e+00  0.000e+00
   7575  4.01554e+01  0.000e+00  4.016e+01  0.000e+00  0.000e+00  0.000e+00  2.450e+01  1.518e+01  4.811e-01  0.000e+00
   7600  3.94195e+01  0.000e+00  3.942e+01  0.000e+00  0.000e+00  0.000e+00  1.241e+01  2.641e+01  6.019e-01  0.000e+00
   7625  7.18662e+01  0.000e+00  7.187e+01  0.000e+00  0.000e+00  0.000e+00  5.643e+01  1.515e+01  2.890e-01  0.000e+00
   7650  2.66081e+01  0.000e+00  2.661e+01  0.000e+00  0.000e+00  0.000e+00  1.504e+01  1.122e+01  3.472e-01  0.000e+00
   7675  3.65666e+01  0.000e+00  3.657e+01  0.000e+00  0.000e+00  0.000e+00  8.539e+00  2.739e+01  6.326e-01  0.000e+00
   7700  3.69524e+01  0.000e+00  3.695e+01  0.000e+00  0.000e+00  0.000e+00  7.615e+00  2.886e+01  4.768e-01  0.000e+00
   7725  5.25831e+01  0.000e+00  5.258e+01  0.000e+00  0.000e+00  0.000e+00  3.249e+01  2.004e+01  5.219e-02  0.000e+00
   7750  6.42190e+01  0.000e+00  6.422e+01  0.000e+00  0.000e+00  0.000e+00  4.120e+01  2.287e+01  1.460e-01  0.000e+00
   7775  3.18013e+01  0.000e+00  3.180e+01  0.000e+00  0.000e+00  0.000e+00  1.246e+01  1.911e+01  2.352e-01  0.000e+00
   7800  2.97191e+01  0.000e+00  2.972e+01  0.000e+00  0.000e+00  0.000e+00  2.253e+01  7.115e+00  6.988e-02  0.000e+00
   7825  3.25626e+01  0.000e+00  3.256e+01  0.000e+00  0.000e+00  0.000e+00  1.296e+01  1.904e+01  5.701e-01  0.000e+00
   7850  2.91082e+01  0.000e+00  2.911e+01  0.000e+00  0.000e+00  0.000e+00  1.321e+01  1.566e+01  2.400e-01  0.000e+00
   7875  4.12062e+01  0.000e+00  4.121e+01  0.000e+00  0.000e+00  0.000e+00  1.756e+01  2.329e+01  3.557e-01  0.000e+00
   7900  3.01371e+01  0.000e+00  3.014e+01  0.000e+00  0.000e+00  0.000e+00  4.883e+00  2.483e+01  4.208e-01  0.000e+00
   7925  3.42217e+01  0.000e+00  3.422e+01  0.000e+00  0.000e+00  0.000e+00  6.378e+00  2.717e+01  6.725e-01  0.000e+00
   7950  3.93974e+01  0.000e+00  3.940e+01  0.000e+00  0.000e+00  0.000e+00  2.922e+01  1.002e+01  1.665e-01  0.000e+00
   7975  3.86550e+01  0.000e+00  3.866e+01  0.000e+00  0.000e+00  0.000e+00  3.540e+01  3.208e+00  4.727e-02  0.000e+00
   8000  2.86035e+01  0.000e+00  2.860e+01  0.000e+00  0.000e+00  0.000e+00  1.735e+01  1.100e+01  2.518e-01  0.000e+00
   8025  3.93794e+01  0.000e+00  3.938e+01  0.000e+00  0.000e+00  0.000e+00  3.175e+01  7.490e+00  1.412e-01  0.000e+00
   8050  3.95092e+01  0.000e+00  3.951e+01  0.000e+00  0.000e+00  0.000e+00  1.912e+01  2.020e+01  1.892e-01  0.000e+00
   8075  3.09758e+01  0.000e+00  3.098e+01  0.000e+00  0.000e+00  0.000e+00  1.604e+01  1.457e+01  3.648e-01  0.000e+00
   8100  2.84601e+01  0.000e+00  2.846e+01  0.000e+00  0.000e+00  0.000e+00  1.598e+01  1.228e+01  1.986e-01  0.000e+00
   8125  4.25448e+01  0.000e+00  4.254e+01  0.000e+00  0.000e+00  0.000e+00  1.643e+01  2.538e+01  7.279e-01  0.000e+00
   8150  3.97123e+01  0.000e+00  3.971e+01  0.000e+00  0.000e+00  0.000e+00  2.340e+01  1.596e+01  3.547e-01  0.000e+00
   8175  8.36054e+01  0.000e+00  8.361e+01  0.000e+00  0.000e+00  0.000e+00  2.298e+01  5.974e+01  8.825e-01  0.000e+00
   8200  6.45993e+01  0.000e+00  6.460e+01  0.000e+00  0.000e+00  0.000e+00  2.905e+01  3.410e+01  1.453e+00  0.000e+00
   8225  7.06852e+01  0.000e+00  7.069e+01  0.000e+00  0.000e+00  0.000e+00  4.732e+01  2.161e+01  1.752e+00  0.000e+00
   8250  6.11387e+01  0.000e+00  6.114e+01  0.000e+00  0.000e+00  0.000e+00  3.242e+01  2.764e+01  1.080e+00  0.000e+00
   8275  1.06386e+02  0.000e+00  1.064e+02  0.000e+00  0.000e+00  0.000e+00  3.596e+01  6.934e+01  1.076e+00  0.000e+00
   8300  9.19134e+01  0.000e+00  9.191e+01  0.000e+00  0.000e+00  0.000e+00  3.603e+01  5.562e+01  2.594e-01  0.000e+00
   8325  7.69208e+01  0.000e+00  7.692e+01  0.000e+00  0.000e+00  0.000e+00  4.324e+01  3.299e+01  6.976e-01  0.000e+00
   8350  6.48518e+01  0.000e+00  6.485e+01  0.000e+00  0.000e+00  0.000e+00  4.485e+01  1.958e+01  4.237e-01  0.000e+00
   8375  4.89568e+01  0.000e+00  4.896e+01  0.000e+00  0.000e+00  0.000e+00  3.665e+01  1.147e+01  8.420e-01  0.000e+00
   8400  2.90585e+01  0.000e+00  2.906e+01  0.000e+00  0.000e+00  0.000e+00  2.163e+01  6.847e+00  5.796e-01  0.000e+00
   8425  2.40142e+01  0.000e+00  2.401e+01  0.000e+00  0.000e+00  0.000e+00  1.042e+01  1.226e+01  1.331e+00  0.000e+00
   8450  3.51026e+01  0.000e+00  3.510e+01  0.000e+00  0.000e+00  0.000e+00  5.173e+00  2.920e+01  7.271e-01  0.000e+00
   8475  3.54134e+01  0.000e+00  3.541e+01  0.000e+00  0.000e+00  0.000e+00  1.299e+01  2.185e+01  5.697e-01  0.000e+00
   8500  1.67060e+01  0.000e+00  1.671e+01  0.000e+00  0.000e+00  0.000e+00  9.416e+00  7.031e+00  2.586e-01  0.000e+00
   8525  1.96947e+01  0.000e+00  1.969e+01  0.000e+00  0.000e+00  0.000e+00  8.348e+00  1.085e+01  4.957e-01  0.000e+00
   8550  5.93652e+01  0.000e+00  5.937e+01  0.000e+00  0.000e+00  0.000e+00  2.050e+01  3.770e+01  1.164e+00  0.000e+00
   8575  5.30631e+01  0.000e+00  5.306e+01  0.000e+00  0.000e+00  0.000e+00  2.932e+01  2.266e+01  1.077e+00  0.000e+00
   8600  6.39104e+01  0.000e+00  6.391e+01  0.000e+00  0.000e+00  0.000e+00  1.357e+01  4.905e+01  1.296e+00  0.000e+00
   8625  5.73574e+01  0.000e+00  5.736e+01  0.000e+00  0.000e+00  0.000e+00  8.168e+00  4.796e+01  1.232e+00  0.000e+00
   8650  5.44952e+01  0.000e+00  5.450e+01  0.000e+00  0.000e+00  0.000e+00  1.343e+01  3.985e+01  1.214e+00  0.000e+00
   8675  4.75393e+01  0.000e+00  4.754e+01  0.000e+00  0.000e+00  0.000e+00  1.024e+01  3.640e+01  8.951e-01  0.000e+00
   8700  6.90127e+01  0.000e+00  6.901e+01  0.000e+00  0.000e+00  0.000e+00  3.305e+01  3.457e+01  1.394e+00  0.000e+00
   8725  6.21272e+01  0.000e+00  6.213e+01  0.000e+00  0.000e+00  0.000e+00  1.517e+01  4.535e+01  1.608e+00  0.000e+00
   8750  5.97459e+01  0.000e+00  5.975e+01  0.000e+00  0.000e+00  0.000e+00  2.483e+01  3.319e+01  1.726e+00  0.000e+00
   8775  6.03550e+01  0.000e+00  6.036e+01  0.000e+00  0.000e+00  0.000e+00  2.430e+01  3.441e+01  1.645e+00  0.000e+00
   8800  5.32636e+01  0.000e+00  5.326e+01  0.000e+00  0.000e+00  0.000e+00  3.219e+01  1.907e+01  2.000e+00  0.000e+00
   8825  2.60067e+01  0.000e+00  2.601e+01  0.000e+00  0.000e+00  0.000e+00  1.738e+01  6.140e+00  2.483e+00  0.000e+00
   8850  4.01628e+01  0.000e+00  4.016e+01  0.000e+00  0.000e+00  0.000e+00  2.055e+01  1.703e+01  2.583e+00  0.000e+00
   8875  3.22952e+01  0.000e+00  3.230e+01  0.000e+00  0.000e+00  0.000e+00  1.737e+01  1.247e+01  2.454e+00  0.000e+00
   8900  5.58550e+01  0.000e+00  5.585e+01  0.000e+00  0.000e+00  0.000e+00  3.721e+01  1.636e+01  2.294e+00  0.000e+00
   8925  5.69925e+01  0.000e+00  5.699e+01  0.000e+00  0.000e+00  0.000e+00  1.236e+01  4.295e+01  1.683e+00  0.000e+00
   8950  5.33864e+01  0.000e+00  5.339e+01  0.000e+00  0.000e+00  0.000e+00  1.327e+01  3.828e+01  1.838e+00  0.000e+00
   8975  4.90302e+01  0.000e+00  4.903e+01  0.000e+00  0.000e+00  0.000e+00  1.119e+01  3.585e+01  1.989e+00  0.000e+00
   9000  2.90921e+01  0.000e+00  2.909e+01  0.000e+00  0.000e+00  0.000e+00  1.210e+01  1.453e+01  2.471e+00  0.000e+00
   9025  7.11744e+01  0.000e+00  7.117e+01  0.000e+00  0.000e+00  0.000e+00  2.489e+01  4.414e+01  2.140e+00  0.000e+00
   9050  2.83218e+01  0.000e+00  2.832e+01  0.000e+00  0.000e+00  0.000e+00  1.194e+01  1.395e+01  2.430e+00  0.000e+00
   9075  4.33856e+01  0.000e+00  4.339e+01  0.000e+00  0.000e+00  0.000e+00  3.248e+01  8.171e+00  2.739e+00  0.000e+00
   9100  2.89086e+01  0.000e+00  2.891e+01  0.000e+00  0.000e+00  0.000e+00  4.866e+00  2.188e+01  2.159e+00  0.000e+00
   9125  3.11606e+01  0.000e+00  3.116e+01  0.000e+00  0.000e+00  0.000e+00  6.122e+00  2.312e+01  1.921e+00  0.000e+00
   9150  3.29644e+01  0.000e+00  3.296e+01  0.000e+00  0.000e+00  0.000e+00  1.858e+01  1.223e+01  2.157e+00  0.000e+00
   9175  4.06586e+01  0.000e+00  4.066e+01  0.000e+00  0.000e+00  0.000e+00  1.007e+01  2.913e+01  1.450e+00  0.000e+00
   9200  4.87766e+01  0.000e+00  4.878e+01  0.000e+00  0.000e+00  0.000e+00  2.418e+01  2.296e+01  1.637e+00  0.000e+00
   9225  4.96926e+01  0.000e+00  4.969e+01  0.000e+00  0.000e+00  0.000e+00  2.059e+01  2.743e+01  1.677e+00  0.000e+00
   9250  3.81449e+01  0.000e+00  3.814e+01  0.000e+00  0.000e+00  0.000e+00  1.527e+01  2.053e+01  2.346e+00  0.000e+00
   9275  5.84421e+01  0.000e+00  5.844e+01  0.000e+00  0.000e+00  0.000e+00  1.789e+01  3.846e+01  2.086e+00  0.000e+00
   9300  7.96941e+01  0.000e+00  7.969e+01  0.000e+00  0.000e+00  0.000e+00  4.050e+01  3.728e+01  1.914e+00  0.000e+00
   9325  7.19202e+01  0.000e+00  7.192e+01  0.000e+00  0.000e+00  0.000e+00  3.230e+01  3.741e+01  2.203e+00  0.000e+00
   9350  5.83435e+01  0.000e+00  5.834e+01  0.000e+00  0.000e+00  0.000e+00  3.003e+01  2.624e+01  2.069e+00  0.000e+00
   9375  1.11061e+02  0.000e+00  1.111e+02  0.000e+00  0.000e+00  0.000e+00  8.055e+01  2.817e+01  2.343e+00  0.000e+00
   9400  8.83953e+01  0.000e+00  8.840e+01  0.000e+00  0.000e+00  0.000e+00  6.497e+01  2.108e+01  2.347e+00  0.000e+00
   9425  5.58586e+01  0.000e+00  5.586e+01  0.000e+00  0.000e+00  0.000e+00  4.234e+01  1.106e+01  2.456e+00  0.000e+00
   9450  4.13517e+01  0.000e+00  4.135e+01  0.000e+00  0.000e+00  0.000e+00  1.867e+01  2.032e+01  2.369e+00  0.000e+00
   9475  4.44699e+01  0.000e+00  4.447e+01  0.000e+00  0.000e+00  0.000e+00  2.178e+01  2.053e+01  2.155e+00  0.000e+00
   9500  5.10824e+01  0.000e+00  5.108e+01  0.000e+00  0.000e+00  0.000e+00  1.979e+01  2.939e+01  1.901e+00  0.000e+00
   9525  6.16293e+01  0.000e+00  6.163e+01  0.000e+00  0.000e+00  0.000e+00  3.317e+01  2.658e+01  1.877e+00  0.000e+00
   9550  3.14159e+01  0.000e+00  3.142e+01  0.000e+00  0.000e+00  0.000e+00  1.108e+01  1.853e+01  1.805e+00  0.000e+00
   9575  5.26104e+01  0.000e+00  5.261e+01  0.000e+00  0.000e+00  0.000e+00  1.797e+01  3.281e+01  1.835e+00  0.000e+00
   9600  4.55249e+01  0.000e+00  4.552e+01  0.000e+00  0.000e+00  0.000e+00  2.072e+01  2.324e+01  1.563e+00  0.000e+00
   9625  4.62087e+01  0.000e+00  4.621e+01  0.000e+00  0.000e+00  0.000e+00  2.130e+01  2.333e+01  1.577e+00  0.000e+00
   9650  6.35164e+01  0.000e+00  6.352e+01  0.000e+00  0.000e+00  0.000e+00  5.258e+01  9.595e+00  1.338e+00  0.000e+00
   9675  4.01709e+01  0.000e+00  4.017e+01  0.000e+00  0.000e+00  0.000e+00  1.378e+01  2.528e+01  1.103e+00  0.000e+00
   9700  4.85759e+01  0.000e+00  4.858e+01  0.000e+00  0.000e+00  0.000e+00  3.095e+01  1.712e+01  5.146e-01  0.000e+00
   9725  4.59103e+01  0.000e+00  4.591e+01  0.000e+00  0.000e+00  0.000e+00  3.364e+01  1.198e+01  2.847e-01  0.000e+00
   9750  2.77225e+01  0.000e+00  2.772e+01  0.000e+00  0.000e+00  0.000e+00  1.592e+01  1.159e+01  2.114e-01  0.000e+00
   9775  1.64794e+01  0.000e+00  1.648e+01  0.000e+00  0.000e+00  0.000e+00  1.022e+01  5.962e+00  2.989e-01  0.000e+00
   9800  2.09914e+01  0.000e+00  2.099e+01  0.000e+00  0.000e+00  0.000e+00  9.112e+00  1.103e+01  8.515e-01  0.000e+00
   9825  5.73652e+01  0.000e+00  5.737e+01  0.000e+00  0.000e+00  0.000e+00  1.677e+01  3.940e+01  1.197e+00  0.000e+00
   9850  7.54240e+01  0.000e+00  7.542e+01  0.000e+00  0.000e+00  0.000e+00  1.478e+01  5.947e+01  1.174e+00  0.000e+00
   9875  2.44508e+01  0.000e+00  2.445e+01  0.000e+00  0.000e+00  0.000e+00  1.386e+01  9.061e+00  1.528e+00  0.000e+00
   9900  5.39482e+01  0.000e+00  5.395e+01  0.000e+00  0.000e+00  0.000e+00  1.877e+01  3.417e+01  1.009e+00  0.000e+00
   9925  3.56229e+01  0.000e+00  3.562e+01  0.000e+00  0.000e+00  0.000e+00  1.489e+01  1.971e+01  1.022e+00  0.000e+00
   9950  5.10425e+01  0.000e+00  5.104e+01  0.000e+00  0.000e+00  0.000e+00  2.339e+01  2.654e+01  1.115e+00  0.000e+00
   9975  5.94711e+01  0.000e+00  5.947e+01  0.000e+00  0.000e+00  0.000e+00  4.139e+01  1.746e+01  6.306e-01  0.000e+00
  10000  3.42610e+01  0.000e+00  3.426e+01  0.000e+00  0.000e+00  0.000e+00  9.952e+00  2.390e+01  4.104e-01  0.000e+00
  10025  4.71592e+01  0.000e+00  4.716e+01  0.000e+00  0.000e+00  0.000e+00  2.391e+01  2.276e+01  4.908e-01  0.000e+00
  10050  4.76383e+01  0.000e+00  4.764e+01  0.000e+00  0.000e+00  0.000e+00  1.805e+01  2.909e+01  5.055e-01  0.000e+00
  10075  4.26746e+01  0.000e+00  4.267e+01  0.000e+00  0.000e+00  0.000e+00  6.965e+00  3.496e+01  7.484e-01  0.000e+00
  10100  4.74680e+01  0.000e+00  4.747e+01  0.000e+00  0.000e+00  0.000e+00  2.653e+01  2.022e+01  7.152e-01  0.000e+00
  10125  7.42905e+01  0.000e+00  7.429e+01  0.000e+00  0.000e+00  0.000e+00  3.862e+01  3.463e+01  1.040e+00  0.000e+00
  10150  4.61591e+01  0.000e+00  4.616e+01  0.000e+00  0.000e+00  0.000e+00  1.271e+01  3.225e+01  1.202e+00  0.000e+00
  10175  6.38913e+01  0.000e+00  6.389e+01  0.000e+00  0.000e+00  0.000e+00  2.944e+01  3.278e+01  1.671e+00  0.000e+00
  10200  6.84144e+01  0.000e+00  6.841e+01  0.000e+00  0.000e+00  0.000e+00  2.027e+01  4.672e+01  1.425e+00  0.000e+00
  10225  5.82475e+01  0.000e+00  5.825e+01  0.000e+00  0.000e+00  0.000e+00  2.469e+01  3.211e+01  1.448e+00  0.000e+00
  10250  5.42910e+01  0.000e+00  5.429e+01  0.000e+00  0.000e+00  0.000e+00  3.140e+01  2.110e+01  1.791e+00  0.000e+00
  10275  4.96742e+01  0.000e+00  4.967e+01  0.000e+00  0.000e+00  0.000e+00  9.784e+00  3.874e+01  1.151e+00  0.000e+00
  10300  9.30397e+01  0.000e+00  9.304e+01  0.000e+00  0.000e+00  0.000e+00  4.241e+01  4.888e+01  1.743e+00  0.000e+00
  10325  9.46209e+01  0.000e+00  9.462e+01  0.000e+00  0.000e+00  0.000e+00  3.719e+01  5.596e+01  1.475e+00  0.000e+00
  10350  6.20194e+01  0.000e+00  6.202e+01  0.000e+00  0.000e+00  0.000e+00  3.722e+01  2.423e+01  5.704e-01  0.000e+00
  10375  3.64853e+01  0.000e+00  3.649e+01  0.000e+00  0.000e+00  0.000e+00  9.897e+00  2.595e+01  6.341e-01  0.000e+00
  10400  4.49700e+01  0.000e+00  4.497e+01  0.000e+00  0.000e+00  0.000e+00  1.883e+01  2.580e+01  3.417e-01  0.000e+00
  10425  1.84045e+01  0.000e+00  1.840e+01  0.000e+00  0.000e+00  0.000e+00  1.056e+01  7.782e+00  6.115e-02  0.000e+00
  10450  3.22812e+01  0.000e+00  3.228e+01  0.000e+00  0.000e+00  0.000e+00  2.023e+01  1.140e+01  6.482e-01  0.000e+00
  10475  3.46628e+01  0.000e+00  3.466e+01  0.000e+00  0.000e+00  0.000e+00  1.711e+01  1.674e+01  8.145e-01  0.000e+00
  10500  3.80933e+01  0.000e+00  3.809e+01  0.000e+00  0.000e+00  0.000e+00  2.135e+01  1.622e+01  5.160e-01  0.000e+00
  10525  4.55881e+01  0.000e+00  4.559e+01  0.000e+00  0.000e+00  0.000e+00  1.592e+01  2.910e+01  5.679e-01  0.000e+00
  10550  4.74930e+01  0.000e+00  4.749e+01  0.000e+00  0.000e+00  0.000e+00  1.765e+01  2.910e+01  7.425e-01  0.000e+00
  10575  3.11833e+01  0.000e+00  3.118e+01  0.000e+00  0.000e+00  0.000e+00  8.667e+00  2.193e+01  5.850e-01  0.000e+00
  10600  5.63740e+01  0.000e+00  5.637e+01  0.000e+00  0.000e+00  0.000e+00  1.435e+01  4.089e+01  1.133e+00  0.000e+00
  10625  6.94610e+01  0.000e+00  6.946e+01  0.000e+00  0.000e+00  0.000e+00  3.308e+01  3.497e+01  1.412e+00  0.000e+00
  10650  5.72883e+01  0.000e+00  5.729e+01  0.000e+00  0.000e+00  0.000e+00  2.133e+01  3.459e+01  1.359e+00  0.000e+00
  10675  6.72973e+01  0.000e+00  6.730e+01  0.000e+00  0.000e+00  0.000e+00  3.179e+01  3.381e+01  1.698e+00  0.000e+00
  10700  8.40734e+01  0.000e+00  8.407e+01  0.000e+00  0.000e+00  0.000e+00  2.413e+01  5.835e+01  1.595e+00  0.000e+00
  10725  9.11955e+01  0.000e+00  9.120e+01  0.000e+00  0.000e+00  0.000e+00  4.203e+01  4.765e+01  1.514e+00  0.000e+00
  10750  5.96599e+01  0.000e+00  5.966e+01  0.000e+00  0.000e+00  0.000e+00  4.328e+01  1.475e+01  1.625e+00  0.000e+00
  10775  6.46553e+01  0.000e+00  6.466e+01  0.000e+00  0.000e+00  0.000e+00  3.506e+01  2.781e+01  1.781e+00  0.000e+00
  10800  9.57854e+01  0.000e+00  9.579e+01  0.000e+00  0.000e+00  0.000e+00  6.330e+01  3.093e+01  1.560e+00  0.000e+00
  10825  8.89868e+01  0.000e+00  8.899e+01  0.000e+00  0.000e+00  0.000e+00  4.909e+01  3.863e+01  1.272e+00  0.000e+00
  10850  6.90087e+01  0.000e+00  6.901e+01  0.000e+00  0.000e+00  0.000e+00  2.887e+01  3.861e+01  1.525e+00  0.000e+00
  10875  5.44668e+01  0.000e+00  5.447e+01  0.000e+00  0.000e+00  0.000e+00  6.331e+00  4.653e+01  1.603e+00  0.000e+00
  10900  6.07045e+01  0.000e+00  6.070e+01  0.000e+00  0.000e+00  0.000e+00  2.583e+01  3.331e+01  1.565e+00  0.000e+00
  10925  7.95580e+01  0.000e+00  7.956e+01  0.000e+00  0.000e+00  0.000e+00  1.409e+01  6.376e+01  1.712e+00  0.000e+00
  10950  4.29315e+01  0.000e+00  4.293e+01  0.000e+00  0.000e+00  0.000e+00  1.399e+01  2.739e+01  1.550e+00  0.000e+00
  10975  5.61174e+01  0.000e+00  5.612e+01  0.000e+00  0.000e+00  0.000e+00  8.473e+00  4.610e+01  1.540e+00  0.000e+00
  11000  7.78031e+01  0.000e+00  7.780e+01  0.000e+00  0.000e+00  0.000e+00  2.182e+01  5.465e+01  1.339e+00  0.000e+00
  11025  6.48078e+01  0.000e+00  6.481e+01  0.000e+00  0.000e+00  0.000e+00  1.643e+01  4.670e+01  1.684e+00  0.000e+00
  11050  6.22884e+01  0.000e+00  6.229e+01  0.000e+00  0.000e+00  0.000e+00  4.710e+00  5.609e+01  1.492e+00  0.000e+00
  11075  7.50736e+01  0.000e+00  7.507e+01  0.000e+00  0.000e+00  0.000e+00  4.096e+01  3.225e+01  1.870e+00  0.000e+00
  11100  5.13934e+01  0.000e+00  5.139e+01  0.000e+00  0.000e+00  0.000e+00  2.100e+01  2.854e+01  1.852e+00  0.000e+00
  11125  4.95509e+01  0.000e+00  4.955e+01  0.000e+00  0.000e+00  0.000e+00  1.388e+01  3.411e+01  1.559e+00  0.000e+00
  11150  6.84462e+01  0.000e+00  6.845e+01  0.000e+00  0.000e+00  0.000e+00  3.563e+01  3.116e+01  1.662e+00  0.000e+00
  11175  4.96386e+01  0.000e+00  4.964e+01  0.000e+00  0.000e+00  0.000e+00  2.010e+01  2.746e+01  2.082e+00  0.000e+00
  11200  5.88031e+01  0.000e+00  5.880e+01  0.000e+00  0.000e+00  0.000e+00  2.204e+01  3.430e+01  2.461e+00  0.000e+00
  11225  6.72621e+01  0.000e+00  6.726e+01  0.000e+00  0.000e+00  0.000e+00  2.159e+01  4.358e+01  2.097e+00  0.000e+00
  11250  4.27745e+01  0.000e+00  4.277e+01  0.000e+00  0.000e+00  0.000e+00  1.565e+01  2.515e+01  1.978e+00  0.000e+00
  11275  5.46673e+01  0.000e+00  5.467e+01  0.000e+00  0.000e+00  0.000e+00  2.939e+01  2.324e+01  2.038e+00  0.000e+00
  11300  2.44270e+01  0.000e+00  2.443e+01  0.000e+00  0.000e+00  0.000e+00  8.847e+00  1.351e+01  2.074e+00  0.000e+00
  11325  5.70031e+01  0.000e+00  5.700e+01  0.000e+00  0.000e+00  0.000e+00  1.993e+01  3.501e+01  2.063e+00  0.000e+00
  11350  6.27671e+01  0.000e+00  6.277e+01  0.000e+00  0.000e+00  0.000e+00  3.007e+01  3.081e+01  1.882e+00  0.000e+00
  11375  5.59136e+01  0.000e+00  5.591e+01  0.000e+00  0.000e+00  0.000e+00  3.168e+01  2.271e+01  1.531e+00  0.000e+00
  11400  3.97572e+01  0.000e+00  3.976e+01  0.000e+00  0.000e+00  0.000e+00  9.364e+00  2.895e+01  1.442e+00  0.000e+00
  11425  7.03276e+01  0.000e+00  7.033e+01  0.000e+00  0.000e+00  0.000e+00  2.209e+01  4.711e+01  1.136e+00  0.000e+00
  11450  8.75331e+01  0.000e+00  8.753e+01  0.000e+00  0.000e+00  0.000e+00  5.284e+01  3.366e+01  1.026e+00  0.000e+00
  11475  6.18328e+01  0.000e+00  6.183e+01  0.000e+00  0.000e+00  0.000e+00  1.507e+01  4.549e+01  1.275e+00  0.000e+00
  11500  5.67818e+01  0.000e+00  5.678e+01  0.000e+00  0.000e+00  0.000e+00  2.196e+01  3.402e+01  7.999e-01  0.000e+00
  11525  3.53955e+01  0.000e+00  3.540e+01  0.000e+00  0.000e+00  0.000e+00  8.655e+00  2.569e+01  1.048e+00  0.000e+00
  11550  4.02348e+01  0.000e+00  4.023e+01  0.000e+00  0.000e+00  0.000e+00  8.633e+00  3.042e+01  1.179e+00  0.000e+00
  11575  4.87135e+01  0.000e+00  4.871e+01  0.000e+00  0.000e+00  0.000e+00  1.451e+01  3.289e+01  1.313e+00  0.000e+00
  11600  3.91061e+01  0.000e+00  3.911e+01  0.000e+00  0.000e+00  0.000e+00  7.925e+00  2.907e+01  2.111e+00  0.000e+00
  11625  6.02535e+01  0.000e+00  6.025e+01  0.000e+00  0.000e+00  0.000e+00  3.022e+01  2.877e+01  1.264e+00  0.000e+00
  11650  3.03044e+01  0.000e+00  3.030e+01  0.000e+00  0.000e+00  0.000e+00  6.438e+00  2.290e+01  9.651e-01  0.000e+00
  11675  5.78000e+01  0.000e+00  5.780e+01  0.000e+00  0.000e+00  0.000e+00  3.023e+01  2.690e+01  6.676e-01  0.000e+00
  11700  5.48607e+01  0.000e+00  5.486e+01  0.000e+00  0.000e+00  0.000e+00  2.187e+01  3.215e+01  8.407e-01  0.000e+00
  11725  3.58050e+01  0.000e+00  3.580e+01  0.000e+00  0.000e+00  0.000e+00  1.774e+01  1.772e+01  3.397e-01  0.000e+00
  11750  7.62713e+01  0.000e+00  7.627e+01  0.000e+00  0.000e+00  0.000e+00  5.159e+01  2.442e+01  2.632e-01  0.000e+00
  11775  2.89255e+01  0.000e+00  2.893e+01  0.000e+00  0.000e+00  0.000e+00  1.961e+00  2.648e+01  4.799e-01  0.000e+00
  11800  5.64765e+01  0.000e+00  5.648e+01  0.000e+00  0.000e+00  0.000e+00  2.715e+01  2.853e+01  7.945e-01  0.000e+00
  11825  5.30442e+01  0.000e+00  5.304e+01  0.000e+00  0.000e+00  0.000e+00  1.616e+01  3.558e+01  1.300e+00  0.000e+00
  11850  6.06589e+01  0.000e+00  6.066e+01  0.000e+00  0.000e+00  0.000e+00  3.507e+01  2.458e+01  1.018e+00  0.000e+00
  11875  4.83088e+01  0.000e+00  4.831e+01  0.000e+00  0.000e+00  0.000e+00  2.277e+01  2.474e+01  7.966e-01  0.000e+00
  11900  5.05972e+01  0.000e+00  5.060e+01  0.000e+00  0.000e+00  0.000e+00  1.387e+01  3.578e+01  9.456e-01  0.000e+00
  11925  5.84350e+01  0.000e+00  5.843e+01  0.000e+00  0.000e+00  0.000e+00  1.444e+01  4.199e+01  2.009e+00  0.000e+00
  11950  4.91975e+01  0.000e+00  4.920e+01  0.000e+00  0.000e+00  0.000e+00  1.677e+01  3.031e+01  2.115e+00  0.000e+00
  11975  5.13979e+01  0.000e+00  5.140e+01  0.000e+00  0.000e+00  0.000e+00  1.630e+01  3.281e+01  2.290e+00  0.000e+00
  12000  5.53898e+01  0.000e+00  5.539e+01  0.000e+00  0.000e+00  0.000e+00  1.236e+01  4.044e+01  2.590e+00  0.000e+00
  12025  6.76638e+01  0.000e+00  6.766e+01  0.000e+00  0.000e+00  0.000e+00  1.133e+01  5.385e+01  2.488e+00  0.000e+00
  12050  6.35608e+01  0.000e+00  6.356e+01  0.000e+00  0.000e+00  0.000e+00  2.884e+01  3.213e+01  2.594e+00  0.000e+00
  12075  4.41656e+01  0.000e+00  4.417e+01  0.000e+00  0.000e+00  0.000e+00  9.379e+00  3.222e+01  2.567e+00  0.000e+00
  12100  5.53906e+01  0.000e+00  5.539e+01  0.000e+00  0.000e+00  0.000e+00  2.072e+01  3.248e+01  2.188e+00  0.000e+00
  12125  6.05231e+01  0.000e+00  6.052e+01  0.000e+00  0.000e+00  0.000e+00  2.485e+01  3.400e+01  1.669e+00  0.000e+00
  12150  6.07178e+01  0.000e+00  6.072e+01  0.000e+00  0.000e+00  0.000e+00  1.994e+01  3.914e+01  1.631e+00  0.000e+00
  12175  4.51777e+01  0.000e+00  4.518e+01  0.000e+00  0.000e+00  0.000e+00  1.083e+01  3.224e+01  2.103e+00  0.000e+00
  12200  4.35431e+01  0.000e+00  4.354e+01  0.000e+00  0.000e+00  0.000e+00  2.153e+01  1.957e+01  2.443e+00  0.000e+00
  12225  7.24887e+01  0.000e+00  7.249e+01  0.000e+00  0.000e+00  0.000e+00  2.953e+01  4.068e+01  2.284e+00  0.000e+00
  12250  3.04369e+01  0.000e+00  3.044e+01  0.000e+00  0.000e+00  0.000e+00  1.074e+01  1.732e+01  2.370e+00  0.000e+00
  12275  6.61391e+01  0.000e+00  6.614e+01  0.000e+00  0.000e+00  0.000e+00  1.522e+01  4.852e+01  2.391e+00  0.000e+00
  12300  6.35307e+01  0.000e+00  6.353e+01  0.000e+00  0.000e+00  0.000e+00  2.400e+01  3.688e+01  2.652e+00  0.000e+00
  12325  5.48289e+01  0.000e+00  5.483e+01  0.000e+00  0.000e+00  0.000e+00  1.739e+01  3.528e+01  2.158e+00  0.000e+00
  12350  7.44081e+01  0.000e+00  7.441e+01  0.000e+00  0.000e+00  0.000e+00  2.108e+01  5.087e+01  2.462e+00  0.000e+00
  12375  7.97339e+01  0.000e+00  7.973e+01  0.000e+00  0.000e+00  0.000e+00  1.160e+01  6.578e+01  2.358e+00  0.000e+00
  12400  6.36789e+01  0.000e+00  6.368e+01  0.000e+00  0.000e+00  0.000e+00  1.257e+01  4.866e+01  2.444e+00  0.000e+00
  12425  4.86830e+01  0.000e+00  4.868e+01  0.000e+00  0.000e+00  0.000e+00  1.066e+01  3.572e+01  2.302e+00  0.000e+00
  12450  3.88331e+01  0.000e+00  3.883e+01  0.000e+00  0.000e+00  0.000e+00  1.523e+01  2.107e+01  2.534e+00  0.000e+00
  12475  4.63032e+01  0.000e+00  4.630e+01  0.000e+00  0.000e+00  0.000e+00  7.757e+00  3.643e+01  2.114e+00  0.000e+00
  12500  3.15402e+01  0.000e+00  3.154e+01  0.000e+00  0.000e+00  0.000e+00  1.321e+01  1.587e+01  2.460e+00  0.000e+00
  12525  4.04707e+01  0.000e+00  4.047e+01  0.000e+00  0.000e+00  0.000e+00  1.830e+01  1.970e+01  2.476e+00  0.000e+00
  12550  4.71964e+01  0.000e+00  4.720e+01  0.000e+00  0.000e+00  0.000e+00  1.143e+01  3.346e+01  2.315e+00  0.000e+00
  12575  8.93010e+01  0.000e+00  8.930e+01  0.000e+00  0.000e+00  0.000e+00  2.500e+01  6.218e+01  2.122e+00  0.000e+00
  12600  8.94591e+01  0.000e+00  8.946e+01  0.000e+00  0.000e+00  0.000e+00  8.308e+00  7.895e+01  2.201e+00  0.000e+00
  12625  9.92386e+01  0.000e+00  9.924e+01  0.000e+00  0.000e+00  0.000e+00  1.290e+01  8.503e+01  1.311e+00  0.000e+00
  12650  1.38628e+02  0.000e+00  1.386e+02  0.000e+00  0.000e+00  0.000e+00  4.456e+01  9.305e+01  1.021e+00  0.000e+00
  12675  1.17098e+02  0.000e+00  1.171e+02  0.000e+00  0.000e+00  0.000e+00  3.188e+01  8.457e+01  6.474e-01  0.000e+00
  12700  1.14757e+02  0.000e+00  1.148e+02  0.000e+00  0.000e+00  0.000e+00  3.517e+01  7.904e+01  5.426e-01  0.000e+00
  12725  1.03476e+02  0.000e+00  1.035e+02  0.000e+00  0.000e+00  0.000e+00  1.869e+01  8.427e+01  5.159e-01  0.000e+00
  12750  1.41105e+02  0.000e+00  1.411e+02  0.000e+00  0.000e+00  0.000e+00  3.024e+01  1.100e+02  9.036e-01  0.000e+00
  12775  1.14827e+02  0.000e+00  1.148e+02  0.000e+00  0.000e+00  0.000e+00  1.637e+01  9.794e+01  5.166e-01  0.000e+00
  12800  1.16670e+02  0.000e+00  1.167e+02  0.000e+00  0.000e+00  0.000e+00  1.768e+01  9.838e+01  6.124e-01  0.000e+00
  12825  1.13388e+02  0.000e+00  1.134e+02  0.000e+00  0.000e+00  0.000e+00  3.265e+01  8.008e+01  6.577e-01  0.000e+00
  12850  1.14942e+02  0.000e+00  1.149e+02  0.000e+00  0.000e+00  0.000e+00  1.970e+01  9.384e+01  1.406e+00  0.000e+00
  12875  7.74931e+01  0.000e+00  7.749e+01  0.000e+00  0.000e+00  0.000e+00  2.530e+01  5.113e+01  1.065e+00  0.000e+00
  12900  4.85364e+01  0.000e+00  4.854e+01  0.000e+00  0.000e+00  0.000e+00  6.730e+00  4.033e+01  1.472e+00  0.000e+00
  12925  9.01443e+01  0.000e+00  9.014e+01  0.000e+00  0.000e+00  0.000e+00  2.343e+01  6.562e+01  1.099e+00  0.000e+00
  12950  7.59960e+01  0.000e+00  7.600e+01  0.000e+00  0.000e+00  0.000e+00  3.444e+01  4.026e+01  1.295e+00  0.000e+00
  12975  5.55581e+01  0.000e+00  5.556e+01  0.000e+00  0.000e+00  0.000e+00  6.955e+00  4.685e+01  1.751e+00  0.000e+00
  13000  6.48522e+01  0.000e+00  6.485e+01  0.000e+00  0.000e+00  0.000e+00  2.396e+01  3.871e+01  2.181e+00  0.000e+00
  13025  2.87995e+01  0.000e+00  2.880e+01  0.000e+00  0.000e+00  0.000e+00  5.790e+00  2.122e+01  1.793e+00  0.000e+00
  13050  4.96433e+01  0.000e+00  4.964e+01  0.000e+00  0.000e+00  0.000e+00  3.005e+01  1.796e+01  1.637e+00  0.000e+00
  13075  5.04117e+01  0.000e+00  5.041e+01  0.000e+00  0.000e+00  0.000e+00  1.742e+01  3.151e+01  1.484e+00  0.000e+00
  13100  6.05906e+01  0.000e+00  6.059e+01  0.000e+00  0.000e+00  0.000e+00  1.625e+01  4.306e+01  1.278e+00  0.000e+00
  13125  5.48790e+01  0.000e+00  5.488e+01  0.000e+00  0.000e+00  0.000e+00  2.367e+01  3.008e+01  1.133e+00  0.000e+00
  13150  3.85869e+01  0.000e+00  3.859e+01  0.000e+00  0.000e+00  0.000e+00  2.475e+01  1.267e+01  1.161e+00  0.000e+00
  13175  5.64938e+01  0.000e+00  5.649e+01  0.000e+00  0.000e+00  0.000e+00  4.074e+01  1.525e+01  5.047e-01  0.000e+00
  13200  5.79930e+01  0.000e+00  5.799e+01  0.000e+00  0.000e+00  0.000e+00  3.809e+01  1.949e+01  4.192e-01  0.000e+00
  13225  6.04111e+01  0.000e+00  6.041e+01  0.000e+00  0.000e+00  0.000e+00  1.071e+01  4.930e+01  4.060e-01  0.000e+00
  13250  4.44773e+01  0.000e+00  4.448e+01  0.000e+00  0.000e+00  0.000e+00  1.434e+01  2.990e+01  2.421e-01  0.000e+00
  13275  4.06033e+01  0.000e+00  4.060e+01  0.000e+00  0.000e+00  0.000e+00  2.021e+01  1.972e+01  6.712e-01  0.000e+00
  13300  5.48152e+01  0.000e+00  5.482e+01  0.000e+00  0.000e+00  0.000e+00  4.039e+01  1.401e+01  4.159e-01  0.000e+00
  13325  2.19828e+01  0.000e+00  2.198e+01  0.000e+00  0.000e+00  0.000e+00  9.318e+00  1.229e+01  3.718e-01  0.000e+00
  13350  3.65315e+01  0.000e+00  3.653e+01  0.000e+00  0.000e+00  0.000e+00  3.380e+00  3.285e+01  3.024e-01  0.000e+00
  13375  6.56287e+01  0.000e+00  6.563e+01  0.000e+00  0.000e+00  0.000e+00  3.116e+01  3.407e+01  3.996e-01  0.000e+00
  13400  8.35032e+01  0.000e+00  8.350e+01  0.000e+00  0.000e+00  0.000e+00  4.446e+01  3.835e+01  6.882e-01  0.000e+00
  13425  7.33236e+01  0.000e+00  7.332e+01  0.000e+00  0.000e+00  0.000e+00  2.001e+01  5.203e+01  1.281e+00  0.000e+00
  13450  4.47358e+01  0.000e+00  4.474e+01  0.000e+00  0.000e+00  0.000e+00  9.575e+00  3.402e+01  1.141e+00  0.000e+00
  13475  1.89832e+01  0.000e+00  1.898e+01  0.000e+00  0.000e+00  0.000e+00  5.228e+00  1.295e+01  8.030e-01  0.000e+00
  13500  5.41716e+01  0.000e+00  5.417e+01  0.000e+00  0.000e+00  0.000e+00  2.502e+01  2.800e+01  1.149e+00  0.000e+00
  13525  4.33676e+01  0.000e+00  4.337e+01  0.000e+00  0.000e+00  0.000e+00  1.101e+01  3.108e+01  1.273e+00  0.000e+00
  13550  6.08873e+01  0.000e+00  6.089e+01  0.000e+00  0.000e+00  0.000e+00  1.503e+01  4.470e+01  1.164e+00  0.000e+00
  13575  7.77224e+01  0.000e+00  7.772e+01  0.000e+00  0.000e+00  0.000e+00  2.184e+01  5.461e+01  1.267e+00  0.000e+00
  13600  5.64410e+01  0.000e+00  5.644e+01  0.000e+00  0.000e+00  0.000e+00  8.861e+00  4.642e+01  1.156e+00  0.000e+00
  13625  6.23296e+01  0.000e+00  6.233e+01  0.000e+00  0.000e+00  0.000e+00  1.175e+01  4.911e+01  1.476e+00  0.000e+00
  13650  4.98690e+01  0.000e+00  4.987e+01  0.000e+00  0.000e+00  0.000e+00  1.927e+01  2.959e+01  1.010e+00  0.000e+00
  13675  4.75879e+01  0.000e+00  4.759e+01  0.000e+00  0.000e+00  0.000e+00  1.459e+01  3.188e+01  1.115e+00  0.000e+00
  13700  4.03974e+01  0.000e+00  4.040e+01  0.000e+00  0.000e+00  0.000e+00  5.929e+00  3.324e+01  1.224e+00  0.000e+00
  13725  6.44996e+01  0.000e+00  6.450e+01  0.000e+00  0.000e+00  0.000e+00  1.556e+01  4.754e+01  1.398e+00  0.000e+00
  13750  7.17457e+01  0.000e+00  7.175e+01  0.000e+00  0.000e+00  0.000e+00  2.703e+01  4.326e+01  1.453e+00  0.000e+00
  13775  3.84220e+01  0.000e+00  3.842e+01  0.000e+00  0.000e+00  0.000e+00  1.200e+01  2.519e+01  1.230e+00  0.000e+00
  13800  2.61196e+01  0.000e+00  2.612e+01  0.000e+00  0.000e+00  0.000e+00  1.119e+01  1.401e+01  9.170e-01  0.000e+00
  13825  2.93654e+01  0.000e+00  2.937e+01  0.000e+00  0.000e+00  0.000e+00  1.215e+01  1.674e+01  4.757e-01  0.000e+00
  13850  3.77316e+01  0.000e+00  3.773e+01  0.000e+00  0.000e+00  0.000e+00  1.081e+01  2.602e+01  9.020e-01  0.000e+00
  13875  5.27449e+01  0.000e+00  5.274e+01  0.000e+00  0.000e+00  0.000e+00  1.546e+01  3.615e+01  1.135e+00  0.000e+00
  13900  7.31475e+01  0.000e+00  7.315e+01  0.000e+00  0.000e+00  0.000e+00  2.717e+01  4.521e+01  7.695e-01  0.000e+00
  13925  6.48366e+01  0.000e+00  6.484e+01  0.000e+00  0.000e+00  0.000e+00  1.146e+01  5.267e+01  7.086e-01  0.000e+00
  13950  7.84653e+01  0.000e+00  7.847e+01  0.000e+00  0.000e+00  0.000e+00  1.962e+01  5.790e+01  9.459e-01  0.000e+00
  13975  7.43596e+01  0.000e+00  7.436e+01  0.000e+00  0.000e+00  0.000e+00  2.918e+01  4.398e+01  1.208e+00  0.000e+00
  14000  7.44285e+01  0.000e+00  7.443e+01  0.000e+00  0.000e+00  0.000e+00  1.974e+01  5.334e+01  1.354e+00  0.000e+00
  14025  7.14921e+01  0.000e+00  7.149e+01  0.000e+00  0.000e+00  0.000e+00  1.301e+01  5.684e+01  1.644e+00  0.000e+00
  14050  8.61135e+01  0.000e+00  8.611e+01  0.000e+00  0.000e+00  0.000e+00  1.224e+01  7.241e+01  1.457e+00  0.000e+00
  14075  4.22307e+01  0.000e+00  4.223e+01  0.000e+00  0.000e+00  0.000e+00  1.325e+01  2.780e+01  1.179e+00  0.000e+00
  14100  2.03094e+01  0.000e+00  2.031e+01  0.000e+00  0.000e+00  0.000e+00  3.005e+00  1.631e+01  9.949e-01  0.000e+00
  14125  5.65954e+01  0.000e+00  5.660e+01  0.000e+00  0.000e+00  0.000e+00  1.404e+01  4.115e+01  1.408e+00  0.000e+00
  14150  2.77745e+01  0.000e+00  2.777e+01  0.000e+00  0.000e+00  0.000e+00  9.592e+00  1.706e+01  1.121e+00  0.000e+00
  14175  4.94964e+01  0.000e+00  4.950e+01  0.000e+00  0.000e+00  0.000e+00  3.434e+01  1.437e+01  7.929e-01  0.000e+00
  14200  2.47214e+01  0.000e+00  2.472e+01  0.000e+00  0.000e+00  0.000e+00  7.375e+00  1.694e+01  4.028e-01  0.000e+00
  14225  1.06485e+01  0.000e+00  1.065e+01  0.000e+00  0.000e+00  0.000e+00  2.817e+00  6.496e+00  1.336e+00  0.000e+00
  14250  3.08405e+01  0.000e+00  3.084e+01  0.000e+00  0.000e+00  0.000e+00  1.092e+01  1.890e+01  1.028e+00  0.000e+00
  14275  5.52175e+01  0.000e+00  5.522e+01  0.000e+00  0.000e+00  0.000e+00  1.569e+01  3.851e+01  1.014e+00  0.000e+00
  14300  6.43141e+01  0.000e+00  6.431e+01  0.000e+00  0.000e+00  0.000e+00  2.687e+01  3.599e+01  1.450e+00  0.000e+00
  14325  3.56268e+01  0.000e+00  3.563e+01  0.000e+00  0.000e+00  0.000e+00  1.055e+01  2.399e+01  1.085e+00  0.000e+00
  14350  4.65370e+01  0.000e+00  4.654e+01  0.000e+00  0.000e+00  0.000e+00  1.514e+01  3.051e+01  8.876e-01  0.000e+00
  14375  5.60705e+01  0.000e+00  5.607e+01  0.000e+00  0.000e+00  0.000e+00  1.388e+01  4.092e+01  1.275e+00  0.000e+00
  14400  4.85660e+01  0.000e+00  4.857e+01  0.000e+00  0.000e+00  0.000e+00  2.154e+01  2.557e+01  1.457e+00  0.000e+00
  14425  2.95338e+01  0.000e+00  2.953e+01  0.000e+00  0.000e+00  0.000e+00  1.290e+01  1.514e+01  1.492e+00  0.000e+00
  14450  3.84046e+01  0.000e+00  3.840e+01  0.000e+00  0.000e+00  0.000e+00  1.880e+01  1.812e+01  1.481e+00  0.000e+00
  14475  3.29288e+01  0.000e+00  3.293e+01  0.000e+00  0.000e+00  0.000e+00  1.134e+01  2.035e+01  1.242e+00  0.000e+00
  14500  4.01170e+01  0.000e+00  4.012e+01  0.000e+00  0.000e+00  0.000e+00  3.043e+01  8.701e+00  9.863e-01  0.000e+00
  14525  4.52430e+01  0.000e+00  4.524e+01  0.000e+00  0.000e+00  0.000e+00  3.012e+01  1.423e+01  8.989e-01  0.000e+00
  14550  4.06240e+01  0.000e+00  4.062e+01  0.000e+00  0.000e+00  0.000e+00  1.647e+01  2.299e+01  1.167e+00  0.000e+00
  14575  3.78527e+01  0.000e+00  3.785e+01  0.000e+00  0.000e+00  0.000e+00  2.432e+01  1.252e+01  1.013e+00  0.000e+00
  14600  4.95270e+01  0.000e+00  4.953e+01  0.000e+00  0.000e+00  0.000e+00  2.733e+01  2.141e+01  7.870e-01  0.000e+00
  14625  6.85102e+01  0.000e+00  6.851e+01  0.000e+00  0.000e+00  0.000e+00  1.574e+01  5.198e+01  7.907e-01  0.000e+00
  14650  4.57108e+01  0.000e+00  4.571e+01  0.000e+00  0.000e+00  0.000e+00  2.068e+01  2.455e+01  4.779e-01  0.000e+00
  14675  2.40803e+01  0.000e+00  2.408e+01  0.000e+00  0.000e+00  0.000e+00  4.725e+00  1.893e+01  4.277e-01  0.000e+00
  14700  2.94588e+01  0.000e+00  2.946e+01  0.000e+00  0.000e+00  0.000e+00  1.004e+01  1.932e+01  1.003e-01  0.000e+00
  14725  2.93475e+01  0.000e+00  2.935e+01  0.000e+00  0.000e+00  0.000e+00  8.177e+00  2.089e+01  2.761e-01  0.000e+00
  14750  5.38596e+01  0.000e+00  5.386e+01  0.000e+00  0.000e+00  0.000e+00  2.352e+01  3.021e+01  1.226e-01  0.000e+00
  14775  3.79156e+01  0.000e+00  3.792e+01  0.000e+00  0.000e+00  0.000e+00  1.280e+01  2.456e+01  5.548e-01  0.000e+00
  14800  3.91406e+01  0.000e+00  3.914e+01  0.000e+00  0.000e+00  0.000e+00  2.414e+01  1.441e+01  5.890e-01  0.000e+00
  14825  3.88517e+01  0.000e+00  3.885e+01  0.000e+00  0.000e+00  0.000e+00  9.723e+00  2.875e+01  3.761e-01  0.000e+00
  14850  3.29136e+01  0.000e+00  3.291e+01  0.000e+00  0.000e+00  0.000e+00  2.193e+01  1.079e+01  1.938e-01  0.000e+00
  14875  7.87001e+01  0.000e+00  7.870e+01  0.000e+00  0.000e+00  0.000e+00  3.474e+01  4.292e+01  1.040e+00  0.000e+00
  14900  8.19285e+01  0.000e+00  8.193e+01  0.000e+00  0.000e+00  0.000e+00  3.337e+01  4.758e+01  9.722e-01  0.000e+00
  14925  7.90046e+01  0.000e+00  7.900e+01  0.000e+00  0.000e+00  0.000e+00  3.263e+01  4.546e+01  9.061e-01  0.000e+00
  14950  5.50522e+01  0.000e+00  5.505e+01  0.000e+00  0.000e+00  0.000e+00  1.534e+01  3.902e+01  6.840e-01  0.000e+00
  14975  6.45095e+01  0.000e+00  6.451e+01  0.000e+00  0.000e+00  0.000e+00  3.146e+01  3.267e+01  3.814e-01  0.000e+00
  15000  4.43269e+01  0.000e+00  4.433e+01  0.000e+00  0.000e+00  0.000e+00  2.161e+01  2.166e+01  1.055e+00  0.000e+00
  15025  4.42708e+01  0.000e+00  4.427e+01  0.000e+00  0.000e+00  0.000e+00  2.323e+01  2.027e+01  7.706e-01  0.000e+00
  15050  5.41898e+01  0.000e+00  5.419e+01  0.000e+00  0.000e+00  0.000e+00  2.591e+01  2.797e+01  3.136e-01  0.000e+00
  15075  5.00080e+01  0.000e+00  5.001e+01  0.000e+00  0.000e+00  0.000e+00  1.987e+01  2.980e+01  3.334e-01  0.000e+00
  15100  6.00530e+01  0.000e+00  6.005e+01  0.000e+00  0.000e+00  0.000e+00  1.678e+01  4.266e+01  6.186e-01  0.000e+00
  15125  8.09000e+01  0.000e+00  8.090e+01  0.000e+00  0.000e+00  0.000e+00  1.452e+01  6.516e+01  1.225e+00  0.000e+00
  15150  4.24919e+01  0.000e+00  4.249e+01  0.000e+00  0.000e+00  0.000e+00  2.109e+01  2.023e+01  1.173e+00  0.000e+00
  15175  5.84237e+01  0.000e+00  5.842e+01  0.000e+00  0.000e+00  0.000e+00  2.749e+01  3.010e+01  8.372e-01  0.000e+00
  15200  7.25537e+01  0.000e+00  7.255e+01  0.000e+00  0.000e+00  0.000e+00  2.427e+01  4.791e+01  3.689e-01  0.000e+00
  15225  3.84480e+01  0.000e+00  3.845e+01  0.000e+00  0.000e+00  0.000e+00  1.290e+01  2.538e+01  1.694e-01  0.000e+00
  15250  3.20425e+01  0.000e+00  3.204e+01  0.000e+00  0.000e+00  0.000e+00  1.209e+01  1.985e+01  1.042e-01  0.000e+00
  15275  6.86724e+01  0.000e+00  6.867e+01  0.000e+00  0.000e+00  0.000e+00  3.365e+01  3.442e+01  5.993e-01  0.000e+00
  15300  3.34236e+01  0.000e+00  3.342e+01  0.000e+00  0.000e+00  0.000e+00  8.490e+00  2.395e+01  9.870e-01  0.000e+00
  15325  4.39720e+01  0.000e+00  4.397e+01  0.000e+00  0.000e+00  0.000e+00  1.733e+01  2.602e+01  6.233e-01  0.000e+00
  15350  7.58109e+01  0.000e+00  7.581e+01  0.000e+00  0.000e+00  0.000e+00  3.571e+01  3.911e+01  9.936e-01  0.000e+00
  15375  5.53892e+01  0.000e+00  5.539e+01  0.000e+00  0.000e+00  0.000e+00  1.595e+01  3.845e+01  9.919e-01  0.000e+00
  15400  7.56275e+01  0.000e+00  7.563e+01  0.000e+00  0.000e+00  0.000e+00  2.196e+01  5.243e+01  1.241e+00  0.000e+00
  15425  8.93664e+01  0.000e+00  8.937e+01  0.000e+00  0.000e+00  0.000e+00  3.489e+01  5.319e+01  1.279e+00  0.000e+00
  15450  7.12675e+01  0.000e+00  7.127e+01  0.000e+00  0.000e+00  0.000e+00  7.715e+00  6.228e+01  1.267e+00  0.000e+00
  15475  8.17024e+01  0.000e+00  8.170e+01  0.000e+00  0.000e+00  0.000e+00  4.443e+01  3.620e+01  1.072e+00  0.000e+00
  15500  6.60775e+01  0.000e+00  6.608e+01  0.000e+00  0.000e+00  0.000e+00  1.555e+01  4.962e+01  9.141e-01  0.000e+00
  15525  5.74700e+01  0.000e+00  5.747e+01  0.000e+00  0.000e+00  0.000e+00  2.812e+01  2.825e+01  1.095e+00  0.000e+00
  15550  6.05770e+01  0.000e+00  6.058e+01  0.000e+00  0.000e+00  0.000e+00  3.339e+01  2.589e+01  1.300e+00  0.000e+00
  15575  6.67079e+01  0.000e+00  6.671e+01  0.000e+00  0.000e+00  0.000e+00  4.127e+01  2.439e+01  1.050e+00  0.000e+00
  15600  1.96748e+01  0.000e+00  1.967e+01  0.000e+00  0.000e+00  0.000e+00  5.084e+00  1.376e+01  8.332e-01  0.000e+00
  15625  3.08873e+01  0.000e+00  3.089e+01  0.000e+00  0.000e+00  0.000e+00  2.186e+01  7.939e+00  1.084e+00  0.000e+00
  15650  3.36224e+01  0.000e+00  3.362e+01  0.000e+00  0.000e+00  0.000e+00  1.399e+01  1.804e+01  1.594e+00  0.000e+00
  15675  4.76843e+01  0.000e+00  4.768e+01  0.000e+00  0.000e+00  0.000e+00  2.743e+01  1.898e+01  1.275e+00  0.000e+00
  15700  2.31469e+01  0.000e+00  2.315e+01  0.000e+00  0.000e+00  0.000e+00  1.414e+01  8.196e+00  8.068e-01  0.000e+00
  15725  4.84092e+01  0.000e+00  4.841e+01  0.000e+00  0.000e+00  0.000e+00  2.033e+01  2.756e+01  5.171e-01  0.000e+00
  15750  5.68713e+01  0.000e+00  5.687e+01  0.000e+00  0.000e+00  0.000e+00  2.279e+01  3.328e+01  8.054e-01  0.000e+00
  15775  2.67534e+01  0.000e+00  2.675e+01  0.000e+00  0.000e+00  0.000e+00  2.095e+01  5.677e+00  1.299e-01  0.000e+00
  15800  1.96566e+01  0.000e+00  1.966e+01  0.000e+00  0.000e+00  0.000e+00  1.009e+01  9.248e+00  3.178e-01  0.000e+00
  15825  3.54041e+01  0.000e+00  3.540e+01  0.000e+00  0.000e+00  0.000e+00  2.419e+01  1.098e+01  2.363e-01  0.000e+00
  15850  6.15052e+01  0.000e+00  6.151e+01  0.000e+00  0.000e+00  0.000e+00  3.669e+01  2.415e+01  6.664e-01  0.000e+00
  15875  4.94374e+01  0.000e+00  4.944e+01  0.000e+00  0.000e+00  0.000e+00  3.134e+01  1.748e+01  6.107e-01  0.000e+00
  15900  3.15626e+01  0.000e+00  3.156e+01  0.000e+00  0.000e+00  0.000e+00  2.021e+01  1.097e+01  3.910e-01  0.000e+00
  15925  2.34046e+01  0.000e+00  2.340e+01  0.000e+00  0.000e+00  0.000e+00  1.578e+01  7.531e+00  9.150e-02  0.000e+00
  15950  4.37400e+01  0.000e+00  4.374e+01  0.000e+00  0.000e+00  0.000e+00  3.019e+01  1.324e+01  3.125e-01  0.000e+00
  15975  5.01054e+01  0.000e+00  5.011e+01  0.000e+00  0.000e+00  0.000e+00  2.312e+01  2.653e+01  4.619e-01  0.000e+00
  16000  5.48248e+01  0.000e+00  5.482e+01  0.000e+00  0.000e+00  0.000e+00  3.541e+01  1.902e+01  3.988e-01  0.000e+00
  16025  6.06802e+01  0.000e+00  6.068e+01  0.000e+00  0.000e+00  0.000e+00  2.593e+01  3.422e+01  5.272e-01  0.000e+00
  16050  5.33556e+01  0.000e+00  5.336e+01  0.000e+00  0.000e+00  0.000e+00  2.881e+01  2.426e+01  2.833e-01  0.000e+00
  16075  6.65828e+01  0.000e+00  6.658e+01  0.000e+00  0.000e+00  0.000e+00  9.220e+00  5.642e+01  9.455e-01  0.000e+00
  16100  5.11600e+01  0.000e+00  5.116e+01  0.000e+00  0.000e+00  0.000e+00  1.596e+01  3.467e+01  5.251e-01  0.000e+00
  16125  6.86410e+01  0.000e+00  6.864e+01  0.000e+00  0.000e+00  0.000e+00  2.826e+01  3.934e+01  1.040e+00  0.000e+00
  16150  6.66991e+01  0.000e+00  6.670e+01  0.000e+00  0.000e+00  0.000e+00  2.362e+01  4.190e+01  1.180e+00  0.000e+00
  16175  6.86748e+01  0.000e+00  6.867e+01  0.000e+00  0.000e+00  0.000e+00  3.337e+01  3.369e+01  1.611e+00  0.000e+00
  16200  7.22750e+01  0.000e+00  7.227e+01  0.000e+00  0.000e+00  0.000e+00  2.635e+01  4.502e+01  9.063e-01  0.000e+00
  16225  9.35365e+01  0.000e+00  9.354e+01  0.000e+00  0.000e+00  0.000e+00  5.941e+01  3.311e+01  1.013e+00  0.000e+00
  16250  6.38822e+01  0.000e+00  6.388e+01  0.000e+00  0.000e+00  0.000e+00  2.584e+01  3.726e+01  7.854e-01  0.000e+00
  16275  2.69459e+01  0.000e+00  2.695e+01  0.000e+00  0.000e+00  0.000e+00  1.658e+01  9.407e+00  9.587e-01  0.000e+00
  16300  4.43257e+01  0.000e+00  4.433e+01  0.000e+00  0.000e+00  0.000e+00  2.040e+01  2.348e+01  4.495e-01  0.000e+00
  16325  7.46951e+01  0.000e+00  7.470e+01  0.000e+00  0.000e+00  0.000e+00  3.955e+01  3.474e+01  4.020e-01  0.000e+00
  16350  7.38475e+01  0.000e+00  7.385e+01  0.000e+00  0.000e+00  0.000e+00  4.438e+01  2.927e+01  1.967e-01  0.000e+00
  16375  7.77328e+01  0.000e+00  7.773e+01  0.000e+00  0.000e+00  0.000e+00  5.754e+01  1.965e+01  5.443e-01  0.000e+00
  16400  6.40014e+01  0.000e+00  6.400e+01  0.000e+00  0.000e+00  0.000e+00  1.640e+01  4.740e+01  1.989e-01  0.000e+00
  16425  3.93894e+01  0.000e+00  3.939e+01  0.000e+00  0.000e+00  0.000e+00  6.096e+00  3.259e+01  7.042e-01  0.000e+00
  16450  2.53969e+01  0.000e+00  2.540e+01  0.000e+00  0.000e+00  0.000e+00  8.414e+00  1.675e+01  2.373e-01  0.000e+00
  16475  5.78604e+01  0.000e+00  5.786e+01  0.000e+00  0.000e+00  0.000e+00  3.494e+01  2.237e+01  5.478e-01  0.000e+00
  16500  3.24433e+01  0.000e+00  3.244e+01  0.000e+00  0.000e+00  0.000e+00  1.924e+01  1.302e+01  1.915e-01  0.000e+00
  16525  2.39114e+01  0.000e+00  2.391e+01  0.000e+00  0.000e+00  0.000e+00  1.544e+01  8.330e+00  1.367e-01  0.000e+00
  16550  3.32219e+01  0.000e+00  3.322e+01  0.000e+00  0.000e+00  0.000e+00  2.376e+01  9.233e+00  2.330e-01  0.000e+00
  16575  3.79352e+01  0.000e+00  3.794e+01  0.000e+00  0.000e+00  0.000e+00  1.914e+01  1.807e+01  7.237e-01  0.000e+00
  16600  4.84251e+01  0.000e+00  4.843e+01  0.000e+00  0.000e+00  0.000e+00  1.631e+01  3.089e+01  1.220e+00  0.000e+00
  16625  5.50020e+01  0.000e+00  5.500e+01  0.000e+00  0.000e+00  0.000e+00  8.788e+00  4.506e+01  1.153e+00  0.000e+00
  16650  5.92689e+01  0.000e+00  5.927e+01  0.000e+00  0.000e+00  0.000e+00  1.883e+01  3.895e+01  1.489e+00  0.000e+00
  16675  9.20274e+01  0.000e+00  9.203e+01  0.000e+00  0.000e+00  0.000e+00  2.592e+01  6.488e+01  1.219e+00  0.000e+00
  16700  4.99187e+01  0.000e+00  4.992e+01  0.000e+00  0.000e+00  0.000e+00  1.492e+01  3.399e+01  1.014e+00  0.000e+00
  16725  5.84499e+01  0.000e+00  5.845e+01  0.000e+00  0.000e+00  0.000e+00  1.814e+01  3.899e+01  1.322e+00  0.000e+00
  16750  3.90051e+01  0.000e+00  3.901e+01  0.000e+00  0.000e+00  0.000e+00  2.038e+01  1.778e+01  8.469e-01  0.000e+00
  16775  3.62419e+01  0.000e+00  3.624e+01  0.000e+00  0.000e+00  0.000e+00  1.798e+01  1.740e+01  8.638e-01  0.000e+00
  16800  5.18869e+01  0.000e+00  5.189e+01  0.000e+00  0.000e+00  0.000e+00  2.495e+01  2.592e+01  1.024e+00  0.000e+00
  16825  6.21330e+01  0.000e+00  6.213e+01  0.000e+00  0.000e+00  0.000e+00  2.445e+01  3.540e+01  2.287e+00  0.000e+00
  16850  6.90263e+01  0.000e+00  6.903e+01  0.000e+00  0.000e+00  0.000e+00  3.027e+01  3.698e+01  1.775e+00  0.000e+00
  16875  8.96136e+01  0.000e+00  8.961e+01  0.000e+00  0.000e+00  0.000e+00  2.233e+01  6.602e+01  1.259e+00  0.000e+00
  16900  7.88909e+01  0.000e+00  7.889e+01  0.000e+00  0.000e+00  0.000e+00  3.278e+01  4.458e+01  1.534e+00  0.000e+00
  16925  5.06671e+01  0.000e+00  5.067e+01  0.000e+00  0.000e+00  0.000e+00  8.358e+00  4.001e+01  2.299e+00  0.000e+00
  16950  4.90727e+01  0.000e+00  4.907e+01  0.000e+00  0.000e+00  0.000e+00  2.356e+01  2.287e+01  2.636e+00  0.000e+00
  16975  4.45567e+01  0.000e+00  4.456e+01  0.000e+00  0.000e+00  0.000e+00  8.379e+00  3.367e+01  2.509e+00  0.000e+00
  17000  7.83293e+01  0.000e+00  7.833e+01  0.000e+00  0.000e+00  0.000e+00  3.871e+01  3.722e+01  2.394e+00  0.000e+00
  17025  7.76391e+01  0.000e+00  7.764e+01  0.000e+00  0.000e+00  0.000e+00  2.648e+01  4.872e+01  2.448e+00  0.000e+00
  17050  5.33552e+01  0.000e+00  5.336e+01  0.000e+00  0.000e+00  0.000e+00  1.959e+01  3.131e+01  2.455e+00  0.000e+00
  17075  6.67031e+01  0.000e+00  6.670e+01  0.000e+00  0.000e+00  0.000e+00  1.585e+01  4.891e+01  1.941e+00  0.000e+00
  17100  7.48684e+01  0.000e+00  7.487e+01  0.000e+00  0.000e+00  0.000e+00  1.010e+01  6.326e+01  1.513e+00  0.000e+00
  17125  8.75853e+01  0.000e+00  8.759e+01  0.000e+00  0.000e+00  0.000e+00  3.227e+01  5.347e+01  1.840e+00  0.000e+00
  17150  7.40868e+01  0.000e+00  7.409e+01  0.000e+00  0.000e+00  0.000e+00  9.309e+00  6.316e+01  1.615e+00  0.000e+00
  17175  8.24075e+01  0.000e+00  8.241e+01  0.000e+00  0.000e+00  0.000e+00  3.715e+01  4.378e+01  1.482e+00  0.000e+00
  17200  5.76871e+01  0.000e+00  5.769e+01  0.000e+00  0.000e+00  0.000e+00  1.052e+01  4.566e+01  1.510e+00  0.000e+00
  17225  6.95511e+01  0.000e+00  6.955e+01  0.000e+00  0.000e+00  0.000e+00  2.241e+01  4.551e+01  1.633e+00  0.000e+00
  17250  4.60213e+01  0.000e+00  4.602e+01  0.000e+00  0.000e+00  0.000e+00  1.343e+01  3.148e+01  1.102e+00  0.000e+00
  17275  3.18084e+01  0.000e+00  3.181e+01  0.000e+00  0.000e+00  0.000e+00  1.242e+01  1.833e+01  1.054e+00  0.000e+00
  17300  2.98033e+01  0.000e+00  2.980e+01  0.000e+00  0.000e+00  0.000e+00  1.199e+01  1.648e+01  1.334e+00  0.000e+00
  17325  4.96326e+01  0.000e+00  4.963e+01  0.000e+00  0.000e+00  0.000e+00  3.375e+01  1.490e+01  9.787e-01  0.000e+00
  17350  5.77048e+01  0.000e+00  5.770e+01  0.000e+00  0.000e+00  0.000e+00  2.699e+01  2.921e+01  1.510e+00  0.000e+00
  17375  1.01570e+02  0.000e+00  1.016e+02  0.000e+00  0.000e+00  0.000e+00  6.120e+01  3.875e+01  1.614e+00  0.000e+00
  17400  4.85127e+01  0.000e+00  4.851e+01  0.000e+00  0.000e+00  0.000e+00  5.171e+00  4.187e+01  1.473e+00  0.000e+00
  17425  4.61399e+01  0.000e+00  4.614e+01  0.000e+00  0.000e+00  0.000e+00  1.457e+01  3.028e+01  1.291e+00  0.000e+00
  17450  4.13009e+01  0.000e+00  4.130e+01  0.000e+00  0.000e+00  0.000e+00  1.318e+01  2.660e+01  1.519e+00  0.000e+00
  17475  5.32859e+01  0.000e+00  5.329e+01  0.000e+00  0.000e+00  0.000e+00  1.343e+01  3.811e+01  1.743e+00  0.000e+00
  17500  6.78564e+01  0.000e+00  6.786e+01  0.000e+00  0.000e+00  0.000e+00  1.623e+01  5.013e+01  1.499e+00  0.000e+00
  17525  5.88657e+01  0.000e+00  5.887e+01  0.000e+00  0.000e+00  0.000e+00  2.507e+01  3.195e+01  1.848e+00  0.000e+00
  17550  4.66490e+01  0.000e+00  4.665e+01  0.000e+00  0.000e+00  0.000e+00  1.994e+01  2.510e+01  1.607e+00  0.000e+00
  17575  2.58003e+01  0.000e+00  2.580e+01  0.000e+00  0.000e+00  0.000e+00  8.393e+00  1.660e+01  8.110e-01  0.000e+00
  17600  3.60190e+01  0.000e+00  3.602e+01  0.000e+00  0.000e+00  0.000e+00  7.331e+00  2.699e+01  1.696e+00  0.000e+00
  17625  6.18146e+01  0.000e+00  6.181e+01  0.000e+00  0.000e+00  0.000e+00  9.897e+00  5.001e+01  1.903e+00  0.000e+00
  17650  6.77042e+01  0.000e+00  6.770e+01  0.000e+00  0.000e+00  0.000e+00  1.446e+01  5.181e+01  1.432e+00  0.000e+00
  17675  4.69725e+01  0.000e+00  4.697e+01  0.000e+00  0.000e+00  0.000e+00  2.375e+01  2.095e+01  2.270e+00  0.000e+00
  17700  2.91576e+01  0.000e+00  2.916e+01  0.000e+00  0.000e+00  0.000e+00  7.755e+00  1.905e+01  2.348e+00  0.000e+00
  17725  4.85167e+01  0.000e+00  4.852e+01  0.000e+00  0.000e+00  0.000e+00  1.514e+01  3.127e+01  2.106e+00  0.000e+00
  17750  5.68448e+01  0.000e+00  5.684e+01  0.000e+00  0.000e+00  0.000e+00  1.890e+01  3.575e+01  2.203e+00  0.000e+00
  17775  8.16457e+01  0.000e+00  8.165e+01  0.000e+00  0.000e+00  0.000e+00  1.333e+01  6.648e+01  1.830e+00  0.000e+00
  17800  1.04943e+02  0.000e+00  1.049e+02  0.000e+00  0.000e+00  0.000e+00  6.925e+01  3.323e+01  2.461e+00  0.000e+00
  17825  5.29141e+01  0.000e+00  5.291e+01  0.000e+00  0.000e+00  0.000e+00  1.485e+01  3.625e+01  1.814e+00  0.000e+00
  17850  5.62821e+01  0.000e+00  5.628e+01  0.000e+00  0.000e+00  0.000e+00  7.535e+00  4.728e+01  1.466e+00  0.000e+00
  17875  9.27648e+01  0.000e+00  9.276e+01  0.000e+00  0.000e+00  0.000e+00  2.558e+01  6.557e+01  1.614e+00  0.000e+00
  17900  5.95880e+01  0.000e+00  5.959e+01  0.000e+00  0.000e+00  0.000e+00  1.344e+01  4.439e+01  1.760e+00  0.000e+00
  17925  9.29000e+01  0.000e+00  9.290e+01  0.000e+00  0.000e+00  0.000e+00  4.689e+01  4.458e+01  1.426e+00  0.000e+00
  17950  6.95199e+01  0.000e+00  6.952e+01  0.000e+00  0.000e+00  0.000e+00  3.845e+01  2.945e+01  1.622e+00  0.000e+00
  17975  4.01199e+01  0.000e+00  4.012e+01  0.000e+00  0.000e+00  0.000e+00  1.055e+01  2.796e+01  1.608e+00  0.000e+00
  18000  7.17479e+01  0.000e+00  7.175e+01  0.000e+00  0.000e+00  0.000e+00  4.370e+01  2.598e+01  2.067e+00  0.000e+00
  18025  4.58063e+01  0.000e+00  4.581e+01  0.000e+00  0.000e+00  0.000e+00  7.044e+00  3.682e+01  1.947e+00  0.000e+00
  18050  7.67833e+01  0.000e+00  7.678e+01  0.000e+00  0.000e+00  0.000e+00  1.011e+01  6.486e+01  1.808e+00  0.000e+00
  18075  4.52887e+01  0.000e+00  4.529e+01  0.000e+00  0.000e+00  0.000e+00  2.019e+01  2.320e+01  1.907e+00  0.000e+00
  18100  4.41535e+01  0.000e+00  4.415e+01  0.000e+00  0.000e+00  0.000e+00  2.563e+01  1.698e+01  1.545e+00  0.000e+00
  18125  3.05935e+01  0.000e+00  3.059e+01  0.000e+00  0.000e+00  0.000e+00  1.003e+01  1.883e+01  1.731e+00  0.000e+00
  18150  5.08692e+01  0.000e+00  5.087e+01  0.000e+00  0.000e+00  0.000e+00  2.617e+01  2.364e+01  1.067e+00  0.000e+00
  18175  4.33341e+01  0.000e+00  4.333e+01  0.000e+00  0.000e+00  0.000e+00  8.783e+00  3.326e+01  1.293e+00  0.000e+00
  18200  5.53219e+01  0.000e+00  5.532e+01  0.000e+00  0.000e+00  0.000e+00  2.592e+01  2.850e+01  9.049e-01  0.000e+00
  18225  7.61105e+01  0.000e+00  7.611e+01  0.000e+00  0.000e+00  0.000e+00  3.209e+01  4.287e+01  1.150e+00  0.000e+00
  18250  7.89502e+01  0.000e+00  7.895e+01  0.000e+00  0.000e+00  0.000e+00  5.607e+01  2.211e+01  7.724e-01  0.000e+00
  18275  3.53714e+01  0.000e+00  3.537e+01  0.000e+00  0.000e+00  0.000e+00  8.678e+00  2.582e+01  8.691e-01  0.000e+00
  18300  4.49730e+01  0.000e+00  4.497e+01  0.000e+00  0.000e+00  0.000e+00  2.865e+01  1.558e+01  7.443e-01  0.000e+00
  18325  7.38047e+01  0.000e+00  7.380e+01  0.000e+00  0.000e+00  0.000e+00  4.351e+01  2.943e+01  8.587e-01  0.000e+00
  18350  2.47918e+01  0.000e+00  2.479e+01  0.000e+00  0.000e+00  0.000e+00  1.705e+01  7.488e+00  2.574e-01  0.000e+00
  18375  2.45294e+01  0.000e+00  2.453e+01  0.000e+00  0.000e+00  0.000e+00  1.281e+01  1.085e+01  8.712e-01  0.000e+00
  18400  4.08258e+01  0.000e+00  4.083e+01  0.000e+00  0.000e+00  0.000e+00  1.637e+01  2.350e+01  9.649e-01  0.000e+00
  18425  3.07850e+01  0.000e+00  3.078e+01  0.000e+00  0.000e+00  0.000e+00  1.453e+01  1.544e+01  8.151e-01  0.000e+00
  18450  2.88148e+01  0.000e+00  2.881e+01  0.000e+00  0.000e+00  0.000e+00  1.328e+01  1.473e+01  8.009e-01  0.000e+00
  18475  3.81552e+01  0.000e+00  3.816e+01  0.000e+00  0.000e+00  0.000e+00  1.015e+01  2.664e+01  1.362e+00  0.000e+00
  18500  3.81758e+01  0.000e+00  3.818e+01  0.000e+00  0.000e+00  0.000e+00  1.447e+01  2.243e+01  1.283e+00  0.000e+00
  18525  7.26351e+01  0.000e+00  7.264e+01  0.000e+00  0.000e+00  0.000e+00  2.184e+01  4.903e+01  1.757e+00  0.000e+00
  18550  1.00228e+02  0.000e+00  1.002e+02  0.000e+00  0.000e+00  0.000e+00  3.198e+01  6.671e+01  1.528e+00  0.000e+00
  18575  7.07735e+01  0.000e+00  7.077e+01  0.000e+00  0.000e+00  0.000e+00  3.438e+00  6.554e+01  1.792e+00  0.000e+00
  18600  8.46472e+01  0.000e+00  8.465e+01  0.000e+00  0.000e+00  0.000e+00  2.238e+01  6.076e+01  1.510e+00  0.000e+00
  18625  6.72102e+01  0.000e+00  6.721e+01  0.000e+00  0.000e+00  0.000e+00  9.825e+00  5.582e+01  1.567e+00  0.000e+00
  18650  7.54910e+01  0.000e+00  7.549e+01  0.000e+00  0.000e+00  0.000e+00  1.374e+01  6.059e+01  1.162e+00  0.000e+00
  18675  8.61843e+01  0.000e+00  8.618e+01  0.000e+00  0.000e+00  0.000e+00  3.164e+01  5.272e+01  1.825e+00  0.000e+00
  18700  5.07436e+01  0.000e+00  5.074e+01  0.000e+00  0.000e+00  0.000e+00  1.887e+01  3.079e+01  1.080e+00  0.000e+00
  18725  8.11005e+01  0.000e+00  8.110e+01  0.000e+00  0.000e+00  0.000e+00  3.629e+01  4.411e+01  7.013e-01  0.000e+00
  18750  5.82523e+01  0.000e+00  5.825e+01  0.000e+00  0.000e+00  0.000e+00  2.519e+01  3.157e+01  1.498e+00  0.000e+00
  18775  8.14015e+01  0.000e+00  8.140e+01  0.000e+00  0.000e+00  0.000e+00  3.867e+01  4.061e+01  2.114e+00  0.000e+00
  18800  4.11771e+01  0.000e+00  4.118e+01  0.000e+00  0.000e+00  0.000e+00  2.704e+01  1.197e+01  2.166e+00  0.000e+00
  18825  4.40879e+01  0.000e+00  4.409e+01  0.000e+00  0.000e+00  0.000e+00  1.760e+01  2.442e+01  2.068e+00  0.000e+00
  18850  3.15892e+01  0.000e+00  3.159e+01  0.000e+00  0.000e+00  0.000e+00  1.213e+01  1.710e+01  2.355e+00  0.000e+00
  18875  2.79130e+01  0.000e+00  2.791e+01  0.000e+00  0.000e+00  0.000e+00  5.719e+00  1.990e+01  2.292e+00  0.000e+00
  18900  2.29591e+01  0.000e+00  2.296e+01  0.000e+00  0.000e+00  0.000e+00  9.344e+00  1.160e+01  2.012e+00  0.000e+00
  18925  7.76868e+01  0.000e+00  7.769e+01  0.000e+00  0.000e+00  0.000e+00  3.654e+01  3.957e+01  1.581e+00  0.000e+00
  18950  5.69174e+01  0.000e+00  5.692e+01  0.000e+00  0.000e+00  0.000e+00  2.305e+01  3.275e+01  1.116e+00  0.000e+00
  18975  2.39483e+01  0.000e+00  2.395e+01  0.000e+00  0.000e+00  0.000e+00  6.652e+00  1.632e+01  9.786e-01  0.000e+00
  19000  3.84160e+01  0.000e+00  3.842e+01  0.000e+00  0.000e+00  0.000e+00  1.305e+01  2.435e+01  1.016e+00  0.000e+00
  19025  7.70341e+01  0.000e+00  7.703e+01  0.000e+00  0.000e+00  0.000e+00  4.933e+01  2.638e+01  1.326e+00  0.000e+00
  19050  6.76860e+01  0.000e+00  6.769e+01  0.000e+00  0.000e+00  0.000e+00  3.462e+01  3.163e+01  1.435e+00  0.000e+00
  19075  5.72117e+01  0.000e+00  5.721e+01  0.000e+00  0.000e+00  0.000e+00  2.359e+01  3.237e+01  1.246e+00  0.000e+00
  19100  5.65355e+01  0.000e+00  5.654e+01  0.000e+00  0.000e+00  0.000e+00  8.012e+00  4.738e+01  1.144e+00  0.000e+00
  19125  1.05178e+02  0.000e+00  1.052e+02  0.000e+00  0.000e+00  0.000e+00  3.222e+01  7.204e+01  9.157e-01  0.000e+00
  19150  7.50854e+01  0.000e+00  7.509e+01  0.000e+00  0.000e+00  0.000e+00  2.714e+01  4.689e+01  1.052e+00  0.000e+00
  19175  6.51700e+01  0.000e+00  6.517e+01  0.000e+00  0.000e+00  0.000e+00  3.113e+01  3.336e+01  6.832e-01  0.000e+00
  19200  5.32355e+01  0.000e+00  5.324e+01  0.000e+00  0.000e+00  0.000e+00  1.785e+01  3.470e+01  6.878e-01  0.000e+00
  19225  3.91884e+01  0.000e+00  3.919e+01  0.000e+00  0.000e+00  0.000e+00  7.381e+00  3.145e+01  3.562e-01  0.000e+00
  19250  5.21108e+01  0.000e+00  5.211e+01  0.000e+00  0.000e+00  0.000e+00  1.994e+01  3.153e+01  6.418e-01  0.000e+00
  19275  6.01070e+01  0.000e+00  6.011e+01  0.000e+00  0.000e+00  0.000e+00  1.927e+01  3.941e+01  1.422e+00  0.000e+00
  19300  4.90255e+01  0.000e+00  4.903e+01  0.000e+00  0.000e+00  0.000e+00  1.832e+01  2.918e+01  1.529e+00  0.000e+00
  19325  5.06720e+01  0.000e+00  5.067e+01  0.000e+00  0.000e+00  0.000e+00  1.707e+01  3.184e+01  1.760e+00  0.000e+00
  19350  3.08706e+01  0.000e+00  3.087e+01  0.000e+00  0.000e+00  0.000e+00  1.271e+01  1.642e+01  1.744e+00  0.000e+00
  19375  3.18671e+01  0.000e+00  3.187e+01  0.000e+00  0.000e+00  0.000e+00  1.022e+01  1.993e+01  1.717e+00  0.000e+00
  19400  6.76311e+01  0.000e+00  6.763e+01  0.000e+00  0.000e+00  0.000e+00  3.906e+01  2.704e+01  1.529e+00  0.000e+00
  19425  4.09164e+01  0.000e+00  4.092e+01  0.000e+00  0.000e+00  0.000e+00  2.088e+01  1.874e+01  1.291e+00  0.000e+00
  19450  7.30774e+01  0.000e+00  7.308e+01  0.000e+00  0.000e+00  0.000e+00  4.302e+01  2.907e+01  9.873e-01  0.000e+00
  19475  3.37373e+01  0.000e+00  3.374e+01  0.000e+00  0.000e+00  0.000e+00  2.649e+01  6.464e+00  7.785e-01  0.000e+00
  19500  5.93299e+01  0.000e+00  5.933e+01  0.000e+00  0.000e+00  0.000e+00  2.222e+01  3.643e+01  6.826e-01  0.000e+00
  19525  7.04766e+01  0.000e+00  7.048e+01  0.000e+00  0.000e+00  0.000e+00  3.963e+01  3.017e+01  6.786e-01  0.000e+00
  19550  4.44352e+01  0.000e+00  4.444e+01  0.000e+00  0.000e+00  0.000e+00  2.105e+01  2.279e+01  5.949e-01  0.000e+00
  19575  2.42075e+01  0.000e+00  2.421e+01  0.000e+00  0.000e+00  0.000e+00  1.243e+01  1.125e+01  5.352e-01  0.000e+00
  19600  4.44525e+01  0.000e+00  4.445e+01  0.000e+00  0.000e+00  0.000e+00  2.269e+01  2.144e+01  3.201e-01  0.000e+00
  19625  3.51702e+01  0.000e+00  3.517e+01  0.000e+00  0.000e+00  0.000e+00  1.556e+01  1.922e+01  3.889e-01  0.000e+00
  19650  2.06237e+01  0.000e+00  2.062e+01  0.000e+00  0.000e+00  0.000e+00  1.136e+01  9.117e+00  1.458e-01  0.000e+00
  19675  4.58380e+01  0.000e+00  4.584e+01  0.000e+00  0.000e+00  0.000e+00  2.186e+01  2.365e+01  3.313e-01  0.000e+00
  19700  3.39002e+01  0.000e+00  3.390e+01  0.000e+00  0.000e+00  0.000e+00  3.686e+00  3.019e+01  2.038e-02  0.000e+00
  19725  5.73394e+01  0.000e+00  5.734e+01  0.000e+00  0.000e+00  0.000e+00  8.939e+00  4.807e+01  3.312e-01  0.000e+00
  19750  3.12857e+01  0.000e+00  3.129e+01  0.000e+00  0.000e+00  0.000e+00  1.339e+01  1.774e+01  1.569e-01  0.000e+00
  19775  7.17645e+01  0.000e+00  7.176e+01  0.000e+00  0.000e+00  0.000e+00  2.979e+01  4.129e+01  6.876e-01  0.000e+00
  19800  5.97156e+01  0.000e+00  5.972e+01  0.000e+00  0.000e+00  0.000e+00  2.411e+01  3.512e+01  4.862e-01  0.000e+00
  19825  3.86696e+01  0.000e+00  3.867e+01  0.000e+00  0.000e+00  0.000e+00  8.283e+00  3.035e+01  3.823e-02  0.000e+00
  19850  6.38723e+01  0.000e+00  6.387e+01  0.000e+00  0.000e+00  0.000e+00  2.515e+01  3.862e+01  1.051e-01  0.000e+00
  19875  6.25111e+01  0.000e+00  6.251e+01  0.000e+00  0.000e+00  0.000e+00  2.276e+01  3.943e+01  3.158e-01  0.000e+00
  19900  6.42634e+01  0.000e+00  6.426e+01  0.000e+00  0.000e+00  0.000e+00  2.504e+01  3.856e+01  6.608e-01  0.000e+00
  19925  5.97053e+01  0.000e+00  5.971e+01  0.000e+00  0.000e+00  0.000e+00  2.009e+01  3.909e+01  5.215e-01  0.000e+00
  19950  7.35140e+01  0.000e+00  7.351e+01  0.000e+00  0.000e+00  0.000e+00  2.606e+01  4.727e+01  1.873e-01  0.000e+00
  19975  5.34326e+01  0.000e+00  5.343e+01  0.000e+00  0.000e+00  0.000e+00  1.500e+01  3.743e+01  1.006e+00  0.000e+00
  20000  5.34981e+01  0.000e+00  5.350e+01  0.000e+00  0.000e+00  0.000e+00  1.585e+01  3.633e+01  1.315e+00  0.000e+00
