#
# INPUTFILE /home/tmpchem/coding/compchem/input/mc/h2o.mc
#
# -- INPUT DATA --
#
# MOLFILE /home/tmpchem/coding/compchem/geom/prm/h2o.prm
# ENERGYOUT /home/tmpchem/coding/compchem/data/mc/h2o.dat
# GEOMOUT /home/tmpchem/coding/compchem/data/mc/h2o.xyz
# RANDOMSEED 2179125454
# TEMPERATURE 298.150000 K
# BOUNDARY 17.260000 A
# BOUNDARYSPRING 250.000000 kcal/(mol*A^2)
# BOUNDARYTYPE sphere
# STATUSTIME 1.000000 s
# ENERGYCONF 15
# GEOMCONF 10
# TOTALCONF 10000
#
# -- ENERGY DATA --
#
# energy terms [kcal/mol] vs. configuration
#  conf        e_pot  e_nonbond   e_bonded e_boundary      e_vdw     e_elst     e_bond    e_angle     e_tors      e_oop
      0  8.57296e-01  0.000e+00  8.573e-01  0.000e+00  0.000e+00  0.000e+00  1.106e-01  7.467e-01  0.000e+00  0.000e+00
     15  6.95091e-01  0.000e+00  6.951e-01  0.000e+00  0.000e+00  0.000e+00  4.849e-01  2.102e-01  0.000e+00  0.000e+00
     30  1.34298e+00  0.000e+00  1.343e+00  0.000e+00  0.000e+00  0.000e+00  5.446e-01  7.984e-01  0.000e+00  0.000e+00
     45  4.97573e-01  0.000e+00  4.976e-01  0.000e+00  0.000e+00  0.000e+00  4.720e-01  2.561e-02  0.000e+00  0.000e+00
     60  4.97105e-01  0.000e+00  4.971e-01  0.000e+00  0.000e+00  0.000e+00  1.831e-01  3.140e-01  0.000e+00  0.000e+00
     75  1.33078e+00  0.000e+00  1.331e+00  0.000e+00  0.000e+00  0.000e+00  1.065e+00  2.655e-01  0.000e+00  0.000e+00
     90  2.52582e-01  0.000e+00  2.526e-01  0.000e+00  0.000e+00  0.000e+00  1.751e-01  7.744e-02  0.000e+00  0.000e+00
    105  1.49036e+00  0.000e+00  1.490e+00  0.000e+00  0.000e+00  0.000e+00  9.501e-01  5.403e-01  0.000e+00  0.000e+00
    120  2.18264e-01  0.000e+00  2.183e-01  0.000e+00  0.000e+00  0.000e+00  9.411e-02  1.242e-01  0.000e+00  0.000e+00
    135  1.77942e+00  0.000e+00  1.779e+00  0.000e+00  0.000e+00  0.000e+00  1.685e+00  9.448e-02  0.000e+00  0.000e+00
    150  1.98439e-01  0.000e+00  1.984e-01  0.000e+00  0.000e+00  0.000e+00  1.438e-01  5.467e-02  0.000e+00  0.000e+00
    165  5.32978e-01  0.000e+00  5.330e-01  0.000e+00  0.000e+00  0.000e+00  4.474e-01  8.555e-02  0.000e+00  0.000e+00
    180  8.49912e-01  0.000e+00  8.499e-01  0.000e+00  0.000e+00  0.000e+00  2.885e-01  5.614e-01  0.000e+00  0.000e+00
    195  3.67661e-01  0.000e+00  3.677e-01  0.000e+00  0.000e+00  0.000e+00  3.165e-01  5.116e-02  0.000e+00  0.000e+00
    210  3.03957e-01  0.000e+00  3.040e-01  0.000e+00  0.000e+00  0.000e+00  6.639e-03  2.973e-01  0.000e+00  0.000e+00
    225  1.96470e+00  0.000e+00  1.965e+00  0.000e+00  0.000e+00  0.000e+00  5.075e-01  1.457e+00  0.000e+00  0.000e+00
    240  1.27845e-01  0.000e+00  1.278e-01  0.000e+00  0.000e+00  0.000e+00  1.269e-01  9.874e-04  0.000e+00  0.000e+00
    255  8.18797e-01  0.000e+00  8.188e-01  0.000e+00  0.000e+00  0.000e+00  8.020e-01  1.684e-02  0.000e+00  0.000e+00
    270  4.99969e-01  0.000e+00  5.000e-01  0.000e+00  0.000e+00  0.000e+00  1.218e-01  3.782e-01  0.000e+00  0.000e+00
    285  6.63067e-01  0.000e+00  6.631e-01  0.000e+00  0.000e+00  0.000e+00  6.624e-01  6.795e-04  0.000e+00  0.000e+00
    300  1.17487e+00  0.000e+00  1.175e+00  0.000e+00  0.000e+00  0.000e+00  1.072e+00  1.026e-01  0.000e+00  0.000e+00
    315  1.34970e+00  0.000e+00  1.350e+00  0.000e+00  0.000e+00  0.000e+00  1.313e+00  3.691e-02  0.000e+00  0.000e+00
    330  1.22570e+00  0.000e+00  1.226e+00  0.000e+00  0.000e+00  0.000e+00  7.480e-01  4.777e-01  0.000e+00  0.000e+00
    345  7.04093e-01  0.000e+00  7.041e-01  0.000e+00  0.000e+00  0.000e+00  7.041e-01  3.413e-05  0.000e+00  0.000e+00
    360  6.46504e-01  0.000e+00  6.465e-01  0.000e+00  0.000e+00  0.000e+00  3.674e-02  6.098e-01  0.000e+00  0.000e+00
    375  1.37923e-01  0.000e+00  1.379e-01  0.000e+00  0.000e+00  0.000e+00  1.224e-01  1.555e-02  0.000e+00  0.000e+00
    390  3.29565e-01  0.000e+00  3.296e-01  0.000e+00  0.000e+00  0.000e+00  2.664e-01  6.320e-02  0.000e+00  0.000e+00
    405  7.70121e-01  0.000e+00  7.701e-01  0.000e+00  0.000e+00  0.000e+00  5.747e-01  1.954e-01  0.000e+00  0.000e+00
    420  7.32406e-02  0.000e+00  7.324e-02  0.000e+00  0.000e+00  0.000e+00  6.320e-02  1.004e-02  0.000e+00  0.000e+00
    435  4.41446e-01  0.000e+00  4.414e-01  0.000e+00  0.000e+00  0.000e+00  9.686e-02  3.446e-01  0.000e+00  0.000e+00
    450  9.10745e-01  0.000e+00  9.107e-01  0.000e+00  0.000e+00  0.000e+00  3.542e-02  8.753e-01  0.000e+00  0.000e+00
    465  1.47180e+00  0.000e+00  1.472e+00  0.000e+00  0.000e+00  0.000e+00  1.077e+00  3.946e-01  0.000e+00  0.000e+00
    480  1.36760e+00  0.000e+00  1.368e+00  0.000e+00  0.000e+00  0.000e+00  1.191e+00  1.765e-01  0.000e+00  0.000e+00
    495  7.99055e-01  0.000e+00  7.991e-01  0.000e+00  0.000e+00  0.000e+00  5.620e-01  2.371e-01  0.000e+00  0.000e+00
    510  1.22879e+00  0.000e+00  1.229e+00  0.000e+00  0.000e+00  0.000e+00  8.255e-01  4.033e-01  0.000e+00  0.000e+00
    525  5.21132e-02  0.000e+00  5.211e-02  0.000e+00  0.000e+00  0.000e+00  2.514e-02  2.697e-02  0.000e+00  0.000e+00
    540  8.51272e-01  0.000e+00  8.513e-01  0.000e+00  0.000e+00  0.000e+00  4.758e-01  3.755e-01  0.000e+00  0.000e+00
    555  3.35457e-01  0.000e+00  3.355e-01  0.000e+00  0.000e+00  0.000e+00  2.506e-01  8.489e-02  0.000e+00  0.000e+00
    570  1.06393e+00  0.000e+00  1.064e+00  0.000e+00  0.000e+00  0.000e+00  8.689e-01  1.950e-01  0.000e+00  0.000e+00
    585  1.19230e+00  0.000e+00  1.192e+00  0.000e+00  0.000e+00  0.000e+00  6.688e-01  5.235e-01  0.000e+00  0.000e+00
    600  6.21178e-01  0.000e+00  6.212e-01  0.000e+00  0.000e+00  0.000e+00  6.210e-01  1.500e-04  0.000e+00  0.000e+00
    615  3.33903e+00  0.000e+00  3.339e+00  0.000e+00  0.000e+00  0.000e+00  1.059e+00  2.280e+00  0.000e+00  0.000e+00
    630  1.12441e+00  0.000e+00  1.124e+00  0.000e+00  0.000e+00  0.000e+00  3.326e-01  7.918e-01  0.000e+00  0.000e+00
    645  1.29654e+00  0.000e+00  1.297e+00  0.000e+00  0.000e+00  0.000e+00  7.899e-01  5.066e-01  0.000e+00  0.000e+00
    660  4.96974e-01  0.000e+00  4.970e-01  0.000e+00  0.000e+00  0.000e+00  4.784e-01  1.853e-02  0.000e+00  0.000e+00
    675  5.92731e-01  0.000e+00  5.927e-01  0.000e+00  0.000e+00  0.000e+00  5.582e-01  3.458e-02  0.000e+00  0.000e+00
    690  8.21843e-01  0.000e+00  8.218e-01  0.000e+00  0.000e+00  0.000e+00  4.500e-01  3.719e-01  0.000e+00  0.000e+00
    705  1.70787e+00  0.000e+00  1.708e+00  0.000e+00  0.000e+00  0.000e+00  1.697e+00  1.102e-02  0.000e+00  0.000e+00
    720  5.86665e-01  0.000e+00  5.867e-01  0.000e+00  0.000e+00  0.000e+00  5.739e-01  1.279e-02  0.000e+00  0.000e+00
    735  1.61152e+00  0.000e+00  1.612e+00  0.000e+00  0.000e+00  0.000e+00  8.093e-01  8.022e-01  0.000e+00  0.000e+00
    750  2.87883e-01  0.000e+00  2.879e-01  0.000e+00  0.000e+00  0.000e+00  2.835e-01  4.414e-03  0.000e+00  0.000e+00
    765  1.27786e-01  0.000e+00  1.278e-01  0.000e+00  0.000e+00  0.000e+00  1.203e-01  7.445e-03  0.000e+00  0.000e+00
    780  4.40788e-02  0.000e+00  4.408e-02  0.000e+00  0.000e+00  0.000e+00  4.408e-02  1.395e-06  0.000e+00  0.000e+00
    795  5.54725e-01  0.000e+00  5.547e-01  0.000e+00  0.000e+00  0.000e+00  4.572e-01  9.748e-02  0.000e+00  0.000e+00
    810  1.67605e-01  0.000e+00  1.676e-01  0.000e+00  0.000e+00  0.000e+00  1.646e-01  3.048e-03  0.000e+00  0.000e+00
    825  9.57334e-01  0.000e+00  9.573e-01  0.000e+00  0.000e+00  0.000e+00  7.410e-01  2.164e-01  0.000e+00  0.000e+00
    840  9.45740e-01  0.000e+00  9.457e-01  0.000e+00  0.000e+00  0.000e+00  2.581e-01  6.876e-01  0.000e+00  0.000e+00
    855  1.51049e+00  0.000e+00  1.510e+00  0.000e+00  0.000e+00  0.000e+00  7.459e-01  7.646e-01  0.000e+00  0.000e+00
    870  1.28897e+00  0.000e+00  1.289e+00  0.000e+00  0.000e+00  0.000e+00  1.010e+00  2.790e-01  0.000e+00  0.000e+00
    885  2.47093e+00  0.000e+00  2.471e+00  0.000e+00  0.000e+00  0.000e+00  1.277e+00  1.194e+00  0.000e+00  0.000e+00
    900  2.38976e+00  0.000e+00  2.390e+00  0.000e+00  0.000e+00  0.000e+00  2.287e+00  1.027e-01  0.000e+00  0.000e+00
    915  4.90574e-01  0.000e+00  4.906e-01  0.000e+00  0.000e+00  0.000e+00  4.182e-01  7.236e-02  0.000e+00  0.000e+00
    930  5.19687e-01  0.000e+00  5.197e-01  0.000e+00  0.000e+00  0.000e+00  4.714e-01  4.828e-02  0.000e+00  0.000e+00
    945  1.75582e-01  0.000e+00  1.756e-01  0.000e+00  0.000e+00  0.000e+00  2.788e-02  1.477e-01  0.000e+00  0.000e+00
    960  9.58632e-01  0.000e+00  9.586e-01  0.000e+00  0.000e+00  0.000e+00  5.702e-02  9.016e-01  0.000e+00  0.000e+00
    975  1.22349e+00  0.000e+00  1.223e+00  0.000e+00  0.000e+00  0.000e+00  9.942e-01  2.293e-01  0.000e+00  0.000e+00
    990  1.86833e+00  0.000e+00  1.868e+00  0.000e+00  0.000e+00  0.000e+00  4.230e-02  1.826e+00  0.000e+00  0.000e+00
   1005  8.19700e-01  0.000e+00  8.197e-01  0.000e+00  0.000e+00  0.000e+00  8.076e-01  1.209e-02  0.000e+00  0.000e+00
   1020  1.07171e+00  0.000e+00  1.072e+00  0.000e+00  0.000e+00  0.000e+00  7.546e-01  3.171e-01  0.000e+00  0.000e+00
   1035  8.14894e-01  0.000e+00  8.149e-01  0.000e+00  0.000e+00  0.000e+00  7.510e-01  6.387e-02  0.000e+00  0.000e+00
   1050  6.85496e-01  0.000e+00  6.855e-01  0.000e+00  0.000e+00  0.000e+00  2.209e-01  4.646e-01  0.000e+00  0.000e+00
   1065  2.60482e+00  0.000e+00  2.605e+00  0.000e+00  0.000e+00  0.000e+00  2.480e+00  1.246e-01  0.000e+00  0.000e+00
   1080  1.61512e+00  0.000e+00  1.615e+00  0.000e+00  0.000e+00  0.000e+00  1.410e+00  2.053e-01  0.000e+00  0.000e+00
   1095  4.66786e-01  0.000e+00  4.668e-01  0.000e+00  0.000e+00  0.000e+00  3.577e-01  1.091e-01  0.000e+00  0.000e+00
   1110  1.37074e+00  0.000e+00  1.371e+00  0.000e+00  0.000e+00  0.000e+00  1.279e+00  9.159e-02  0.000e+00  0.000e+00
   1125  6.87575e-01  0.000e+00  6.876e-01  0.000e+00  0.000e+00  0.000e+00  7.639e-02  6.112e-01  0.000e+00  0.000e+00
   1140  2.01394e-01  0.000e+00  2.014e-01  0.000e+00  0.000e+00  0.000e+00  5.747e-02  1.439e-01  0.000e+00  0.000e+00
   1155  4.59432e-01  0.000e+00  4.594e-01  0.000e+00  0.000e+00  0.000e+00  1.487e-01  3.107e-01  0.000e+00  0.000e+00
   1170  2.77506e+00  0.000e+00  2.775e+00  0.000e+00  0.000e+00  0.000e+00  1.611e+00  1.165e+00  0.000e+00  0.000e+00
   1185  1.59181e+00  0.000e+00  1.592e+00  0.000e+00  0.000e+00  0.000e+00  1.256e+00  3.353e-01  0.000e+00  0.000e+00
   1200  8.08898e-01  0.000e+00  8.089e-01  0.000e+00  0.000e+00  0.000e+00  6.943e-01  1.146e-01  0.000e+00  0.000e+00
   1215  5.70116e-01  0.000e+00  5.701e-01  0.000e+00  0.000e+00  0.000e+00  1.097e-01  4.605e-01  0.000e+00  0.000e+00
   1230  7.06910e-01  0.000e+00  7.069e-01  0.000e+00  0.000e+00  0.000e+00  5.500e-01  1.569e-01  0.000e+00  0.000e+00
   1245  1.52465e+00  0.000e+00  1.525e+00  0.000e+00  0.000e+00  0.000e+00  1.318e+00  2.067e-01  0.000e+00  0.000e+00
   1260  2.56560e-01  0.000e+00  2.566e-01  0.000e+00  0.000e+00  0.000e+00  2.511e-01  5.433e-03  0.000e+00  0.000e+00
   1275  6.64658e-01  0.000e+00  6.647e-01  0.000e+00  0.000e+00  0.000e+00  1.650e-02  6.482e-01  0.000e+00  0.000e+00
   1290  4.47948e-01  0.000e+00  4.479e-01  0.000e+00  0.000e+00  0.000e+00  2.607e-01  1.872e-01  0.000e+00  0.000e+00
   1305  6.46053e-01  0.000e+00  6.461e-01  0.000e+00  0.000e+00  0.000e+00  6.135e-01  3.252e-02  0.000e+00  0.000e+00
   1320  1.11808e+00  0.000e+00  1.118e+00  0.000e+00  0.000e+00  0.000e+00  7.817e-01  3.364e-01  0.000e+00  0.000e+00
   1335  6.89630e-01  0.000e+00  6.896e-01  0.000e+00  0.000e+00  0.000e+00  4.902e-01  1.994e-01  0.000e+00  0.000e+00
   1350  3.51470e-01  0.000e+00  3.515e-01  0.000e+00  0.000e+00  0.000e+00  3.506e-01  8.693e-04  0.000e+00  0.000e+00
   1365  2.62805e+00  0.000e+00  2.628e+00  0.000e+00  0.000e+00  0.000e+00  2.553e+00  7.491e-02  0.000e+00  0.000e+00
   1380  1.30369e+00  0.000e+00  1.304e+00  0.000e+00  0.000e+00  0.000e+00  1.068e+00  2.358e-01  0.000e+00  0.000e+00
   1395  2.64036e-01  0.000e+00  2.640e-01  0.000e+00  0.000e+00  0.000e+00  9.471e-02  1.693e-01  0.000e+00  0.000e+00
   1410  6.14968e-01  0.000e+00  6.150e-01  0.000e+00  0.000e+00  0.000e+00  6.146e-01  3.976e-04  0.000e+00  0.000e+00
   1425  2.17610e+00  0.000e+00  2.176e+00  0.000e+00  0.000e+00  0.000e+00  1.619e+00  5.566e-01  0.000e+00  0.000e+00
   1440  1.18259e+00  0.000e+00  1.183e+00  0.000e+00  0.000e+00  0.000e+00  7.653e-01  4.173e-01  0.000e+00  0.000e+00
   1455  1.20435e-01  0.000e+00  1.204e-01  0.000e+00  0.000e+00  0.000e+00  1.185e-01  1.928e-03  0.000e+00  0.000e+00
   1470  6.25342e-02  0.000e+00  6.253e-02  0.000e+00  0.000e+00  0.000e+00  2.096e-02  4.158e-02  0.000e+00  0.000e+00
   1485  1.14069e+00  0.000e+00  1.141e+00  0.000e+00  0.000e+00  0.000e+00  1.090e+00  5.099e-02  0.000e+00  0.000e+00
   1500  1.87275e+00  0.000e+00  1.873e+00  0.000e+00  0.000e+00  0.000e+00  1.689e+00  1.837e-01  0.000e+00  0.000e+00
   1515  1.10634e+00  0.000e+00  1.106e+00  0.000e+00  0.000e+00  0.000e+00  9.276e-01  1.787e-01  0.000e+00  0.000e+00
   1530  6.54365e-01  0.000e+00  6.544e-01  0.000e+00  0.000e+00  0.000e+00  4.868e-01  1.676e-01  0.000e+00  0.000e+00
   1545  8.69790e-01  0.000e+00  8.698e-01  0.000e+00  0.000e+00  0.000e+00  8.646e-01  5.161e-03  0.000e+00  0.000e+00
   1560  1.09739e+00  0.000e+00  1.097e+00  0.000e+00  0.000e+00  0.000e+00  9.332e-01  1.642e-01  0.000e+00  0.000e+00
   1575  9.26537e-01  0.000e+00  9.265e-01  0.000e+00  0.000e+00  0.000e+00  4.248e-01  5.018e-01  0.000e+00  0.000e+00
   1590  7.74661e-01  0.000e+00  7.747e-01  0.000e+00  0.000e+00  0.000e+00  5.412e-01  2.334e-01  0.000e+00  0.000e+00
   1605  1.37749e+00  0.000e+00  1.377e+00  0.000e+00  0.000e+00  0.000e+00  5.278e-01  8.497e-01  0.000e+00  0.000e+00
   1620  3.95426e-01  0.000e+00  3.954e-01  0.000e+00  0.000e+00  0.000e+00  3.085e-01  8.694e-02  0.000e+00  0.000e+00
   1635  1.49549e+00  0.000e+00  1.495e+00  0.000e+00  0.000e+00  0.000e+00  8.820e-01  6.135e-01  0.000e+00  0.000e+00
   1650  6.51968e-02  0.000e+00  6.520e-02  0.000e+00  0.000e+00  0.000e+00  2.026e-02  4.493e-02  0.000e+00  0.000e+00
   1665  1.50264e-01  0.000e+00  1.503e-01  0.000e+00  0.000e+00  0.000e+00  1.431e-01  7.153e-03  0.000e+00  0.000e+00
   1680  6.51612e-01  0.000e+00  6.516e-01  0.000e+00  0.000e+00  0.000e+00  3.682e-03  6.479e-01  0.000e+00  0.000e+00
   1695  2.68823e+00  0.000e+00  2.688e+00  0.000e+00  0.000e+00  0.000e+00  2.598e+00  8.980e-02  0.000e+00  0.000e+00
   1710  1.10721e-01  0.000e+00  1.107e-01  0.000e+00  0.000e+00  0.000e+00  9.841e-02  1.231e-02  0.000e+00  0.000e+00
   1725  1.99981e+00  0.000e+00  2.000e+00  0.000e+00  0.000e+00  0.000e+00  1.982e+00  1.815e-02  0.000e+00  0.000e+00
   1740  3.57940e-01  0.000e+00  3.579e-01  0.000e+00  0.000e+00  0.000e+00  1.661e-01  1.919e-01  0.000e+00  0.000e+00
   1755  2.39026e+00  0.000e+00  2.390e+00  0.000e+00  0.000e+00  0.000e+00  1.819e+00  5.715e-01  0.000e+00  0.000e+00
   1770  5.94730e-01  0.000e+00  5.947e-01  0.000e+00  0.000e+00  0.000e+00  2.195e-02  5.728e-01  0.000e+00  0.000e+00
   1785  5.62708e-01  0.000e+00  5.627e-01  0.000e+00  0.000e+00  0.000e+00  5.617e-01  9.608e-04  0.000e+00  0.000e+00
   1800  1.39342e+00  0.000e+00  1.393e+00  0.000e+00  0.000e+00  0.000e+00  1.295e+00  9.837e-02  0.000e+00  0.000e+00
   1815  7.21819e-01  0.000e+00  7.218e-01  0.000e+00  0.000e+00  0.000e+00  5.526e-01  1.692e-01  0.000e+00  0.000e+00
   1830  1.47763e+00  0.000e+00  1.478e+00  0.000e+00  0.000e+00  0.000e+00  1.440e+00  3.792e-02  0.000e+00  0.000e+00
   1845  3.13921e-01  0.000e+00  3.139e-01  0.000e+00  0.000e+00  0.000e+00  1.916e-01  1.224e-01  0.000e+00  0.000e+00
   1860  7.62133e-01  0.000e+00  7.621e-01  0.000e+00  0.000e+00  0.000e+00  6.868e-01  7.530e-02  0.000e+00  0.000e+00
   1875  1.13884e+00  0.000e+00  1.139e+00  0.000e+00  0.000e+00  0.000e+00  8.402e-01  2.986e-01  0.000e+00  0.000e+00
   1890  1.39612e+00  0.000e+00  1.396e+00  0.000e+00  0.000e+00  0.000e+00  7.138e-01  6.823e-01  0.000e+00  0.000e+00
   1905  1.08671e+00  0.000e+00  1.087e+00  0.000e+00  0.000e+00  0.000e+00  1.083e+00  3.844e-03  0.000e+00  0.000e+00
   1920  6.63085e-01  0.000e+00  6.631e-01  0.000e+00  0.000e+00  0.000e+00  6.612e-01  1.902e-03  0.000e+00  0.000e+00
   1935  3.00835e-01  0.000e+00  3.008e-01  0.000e+00  0.000e+00  0.000e+00  2.973e-01  3.548e-03  0.000e+00  0.000e+00
   1950  1.03116e+00  0.000e+00  1.031e+00  0.000e+00  0.000e+00  0.000e+00  8.292e-01  2.020e-01  0.000e+00  0.000e+00
   1965  1.24449e+00  0.000e+00  1.244e+00  0.000e+00  0.000e+00  0.000e+00  4.994e-01  7.451e-01  0.000e+00  0.000e+00
   1980  1.01461e+00  0.000e+00  1.015e+00  0.000e+00  0.000e+00  0.000e+00  1.014e+00  7.063e-04  0.000e+00  0.000e+00
   1995  9.89261e-01  0.000e+00  9.893e-01  0.000e+00  0.000e+00  0.000e+00  9.816e-01  7.653e-03  0.000e+00  0.000e+00
   2010  2.53458e-01  0.000e+00  2.535e-01  0.000e+00  0.000e+00  0.000e+00  9.545e-02  1.580e-01  0.000e+00  0.000e+00
   2025  5.06671e-01  0.000e+00  5.067e-01  0.000e+00  0.000e+00  0.000e+00  4.313e-01  7.535e-02  0.000e+00  0.000e+00
   2040  6.34660e-01  0.000e+00  6.347e-01  0.000e+00  0.000e+00  0.000e+00  3.076e-01  3.271e-01  0.000e+00  0.000e+00
   2055  9.01956e-01  0.000e+00  9.020e-01  0.000e+00  0.000e+00  0.000e+00  4.760e-01  4.259e-01  0.000e+00  0.000e+00
   2070  1.27498e-01  0.000e+00  1.275e-01  0.000e+00  0.000e+00  0.000e+00  1.077e-01  1.980e-02  0.000e+00  0.000e+00
   2085  1.30031e+00  0.000e+00  1.300e+00  0.000e+00  0.000e+00  0.000e+00  1.092e+00  2.087e-01  0.000e+00  0.000e+00
   2100  1.00563e+00  0.000e+00  1.006e+00  0.000e+00  0.000e+00  0.000e+00  7.189e-01  2.868e-01  0.000e+00  0.000e+00
   2115  1.92304e-01  0.000e+00  1.923e-01  0.000e+00  0.000e+00  0.000e+00  1.431e-01  4.925e-02  0.000e+00  0.000e+00
   2130  1.15867e+00  0.000e+00  1.159e+00  0.000e+00  0.000e+00  0.000e+00  9.917e-02  1.059e+00  0.000e+00  0.000e+00
   2145  1.69860e+00  0.000e+00  1.699e+00  0.000e+00  0.000e+00  0.000e+00  1.189e+00  5.093e-01  0.000e+00  0.000e+00
   2160  4.84454e-01  0.000e+00  4.845e-01  0.000e+00  0.000e+00  0.000e+00  3.923e-01  9.216e-02  0.000e+00  0.000e+00
   2175  7.24780e-01  0.000e+00  7.248e-01  0.000e+00  0.000e+00  0.000e+00  4.638e-01  2.610e-01  0.000e+00  0.000e+00
   2190  2.00960e+00  0.000e+00  2.010e+00  0.000e+00  0.000e+00  0.000e+00  1.905e+00  1.043e-01  0.000e+00  0.000e+00
   2205  6.07534e-01  0.000e+00  6.075e-01  0.000e+00  0.000e+00  0.000e+00  4.214e-01  1.861e-01  0.000e+00  0.000e+00
   2220  7.10845e-01  0.000e+00  7.108e-01  0.000e+00  0.000e+00  0.000e+00  2.253e-01  4.855e-01  0.000e+00  0.000e+00
   2235  3.03354e-01  0.000e+00  3.034e-01  0.000e+00  0.000e+00  0.000e+00  3.027e-01  6.653e-04  0.000e+00  0.000e+00
   2250  2.22060e-01  0.000e+00  2.221e-01  0.000e+00  0.000e+00  0.000e+00  7.134e-02  1.507e-01  0.000e+00  0.000e+00
   2265  2.01698e-01  0.000e+00  2.017e-01  0.000e+00  0.000e+00  0.000e+00  1.968e-01  4.912e-03  0.000e+00  0.000e+00
   2280  2.22457e-01  0.000e+00  2.225e-01  0.000e+00  0.000e+00  0.000e+00  2.024e-01  2.001e-02  0.000e+00  0.000e+00
   2295  1.12396e+00  0.000e+00  1.124e+00  0.000e+00  0.000e+00  0.000e+00  2.559e-02  1.098e+00  0.000e+00  0.000e+00
   2310  1.06685e+00  0.000e+00  1.067e+00  0.000e+00  0.000e+00  0.000e+00  5.684e-01  4.985e-01  0.000e+00  0.000e+00
   2325  2.11617e-01  0.000e+00  2.116e-01  0.000e+00  0.000e+00  0.000e+00  6.602e-02  1.456e-01  0.000e+00  0.000e+00
   2340  5.03778e-01  0.000e+00  5.038e-01  0.000e+00  0.000e+00  0.000e+00  1.799e-01  3.239e-01  0.000e+00  0.000e+00
   2355  1.83783e+00  0.000e+00  1.838e+00  0.000e+00  0.000e+00  0.000e+00  1.183e+00  6.552e-01  0.000e+00  0.000e+00
   2370  1.02060e+00  0.000e+00  1.021e+00  0.000e+00  0.000e+00  0.000e+00  3.305e-01  6.901e-01  0.000e+00  0.000e+00
   2385  2.10619e-01  0.000e+00  2.106e-01  0.000e+00  0.000e+00  0.000e+00  1.781e-01  3.253e-02  0.000e+00  0.000e+00
   2400  2.22883e-01  0.000e+00  2.229e-01  0.000e+00  0.000e+00  0.000e+00  4.835e-02  1.745e-01  0.000e+00  0.000e+00
   2415  6.31907e-01  0.000e+00  6.319e-01  0.000e+00  0.000e+00  0.000e+00  5.840e-01  4.789e-02  0.000e+00  0.000e+00
   2430  2.75685e-01  0.000e+00  2.757e-01  0.000e+00  0.000e+00  0.000e+00  2.316e-01  4.409e-02  0.000e+00  0.000e+00
   2445  9.44166e-01  0.000e+00  9.442e-01  0.000e+00  0.000e+00  0.000e+00  4.233e-01  5.209e-01  0.000e+00  0.000e+00
   2460  2.16416e+00  0.000e+00  2.164e+00  0.000e+00  0.000e+00  0.000e+00  1.910e+00  2.546e-01  0.000e+00  0.000e+00
   2475  1.89724e+00  0.000e+00  1.897e+00  0.000e+00  0.000e+00  0.000e+00  1.094e+00  8.033e-01  0.000e+00  0.000e+00
   2490  7.31368e-01  0.000e+00  7.314e-01  0.000e+00  0.000e+00  0.000e+00  5.182e-01  2.132e-01  0.000e+00  0.000e+00
   2505  1.67097e+00  0.000e+00  1.671e+00  0.000e+00  0.000e+00  0.000e+00  1.612e+00  5.946e-02  0.000e+00  0.000e+00
   2520  1.14833e+00  0.000e+00  1.148e+00  0.000e+00  0.000e+00  0.000e+00  1.106e-01  1.038e+00  0.000e+00  0.000e+00
   2535  6.01319e-02  0.000e+00  6.013e-02  0.000e+00  0.000e+00  0.000e+00  5.772e-02  2.414e-03  0.000e+00  0.000e+00
   2550  8.40962e-01  0.000e+00  8.410e-01  0.000e+00  0.000e+00  0.000e+00  7.848e-01  5.615e-02  0.000e+00  0.000e+00
   2565  1.14487e+00  0.000e+00  1.145e+00  0.000e+00  0.000e+00  0.000e+00  8.473e-01  2.976e-01  0.000e+00  0.000e+00
   2580  1.64032e+00  0.000e+00  1.640e+00  0.000e+00  0.000e+00  0.000e+00  9.225e-01  7.178e-01  0.000e+00  0.000e+00
   2595  1.40417e+00  0.000e+00  1.404e+00  0.000e+00  0.000e+00  0.000e+00  1.248e+00  1.564e-01  0.000e+00  0.000e+00
   2610  1.14507e+00  0.000e+00  1.145e+00  0.000e+00  0.000e+00  0.000e+00  1.097e+00  4.775e-02  0.000e+00  0.000e+00
   2625  6.23108e-01  0.000e+00  6.231e-01  0.000e+00  0.000e+00  0.000e+00  4.669e-01  1.562e-01  0.000e+00  0.000e+00
   2640  8.46427e-01  0.000e+00  8.464e-01  0.000e+00  0.000e+00  0.000e+00  4.941e-01  3.523e-01  0.000e+00  0.000e+00
   2655  9.89767e-01  0.000e+00  9.898e-01  0.000e+00  0.000e+00  0.000e+00  3.504e-01  6.394e-01  0.000e+00  0.000e+00
   2670  9.63038e-01  0.000e+00  9.630e-01  0.000e+00  0.000e+00  0.000e+00  9.388e-01  2.427e-02  0.000e+00  0.000e+00
   2685  1.74366e+00  0.000e+00  1.744e+00  0.000e+00  0.000e+00  0.000e+00  1.722e+00  2.135e-02  0.000e+00  0.000e+00
   2700  4.46835e-01  0.000e+00  4.468e-01  0.000e+00  0.000e+00  0.000e+00  4.420e-01  4.832e-03  0.000e+00  0.000e+00
   2715  5.64542e-01  0.000e+00  5.645e-01  0.000e+00  0.000e+00  0.000e+00  5.587e-01  5.887e-03  0.000e+00  0.000e+00
   2730  1.32857e-01  0.000e+00  1.329e-01  0.000e+00  0.000e+00  0.000e+00  3.496e-02  9.790e-02  0.000e+00  0.000e+00
   2745  1.45858e+00  0.000e+00  1.459e+00  0.000e+00  0.000e+00  0.000e+00  1.407e+00  5.151e-02  0.000e+00  0.000e+00
   2760  1.78734e+00  0.000e+00  1.787e+00  0.000e+00  0.000e+00  0.000e+00  1.681e+00  1.067e-01  0.000e+00  0.000e+00
   2775  2.83050e+00  0.000e+00  2.831e+00  0.000e+00  0.000e+00  0.000e+00  8.428e-01  1.988e+00  0.000e+00  0.000e+00
   2790  1.24690e+00  0.000e+00  1.247e+00  0.000e+00  0.000e+00  0.000e+00  1.020e+00  2.272e-01  0.000e+00  0.000e+00
   2805  7.75397e-01  0.000e+00  7.754e-01  0.000e+00  0.000e+00  0.000e+00  3.173e-01  4.581e-01  0.000e+00  0.000e+00
   2820  3.38244e-01  0.000e+00  3.382e-01  0.000e+00  0.000e+00  0.000e+00  3.333e-01  4.904e-03  0.000e+00  0.000e+00
   2835  1.44573e+00  0.000e+00  1.446e+00  0.000e+00  0.000e+00  0.000e+00  1.256e+00  1.900e-01  0.000e+00  0.000e+00
   2850  1.95806e+00  0.000e+00  1.958e+00  0.000e+00  0.000e+00  0.000e+00  1.941e+00  1.718e-02  0.000e+00  0.000e+00
   2865  1.00692e+00  0.000e+00  1.007e+00  0.000e+00  0.000e+00  0.000e+00  8.504e-02  9.219e-01  0.000e+00  0.000e+00
   2880  6.79708e-01  0.000e+00  6.797e-01  0.000e+00  0.000e+00  0.000e+00  5.301e-01  1.496e-01  0.000e+00  0.000e+00
   2895  2.11636e-01  0.000e+00  2.116e-01  0.000e+00  0.000e+00  0.000e+00  2.107e-01  9.624e-04  0.000e+00  0.000e+00
   2910  9.57525e-01  0.000e+00  9.575e-01  0.000e+00  0.000e+00  0.000e+00  6.850e-01  2.725e-01  0.000e+00  0.000e+00
   2925  9.46945e-01  0.000e+00  9.469e-01  0.000e+00  0.000e+00  0.000e+00  8.082e-01  1.388e-01  0.000e+00  0.000e+00
   2940  6.64930e-01  0.000e+00  6.649e-01  0.000e+00  0.000e+00  0.000e+00  5.395e-01  1.254e-01  0.000e+00  0.000e+00
   2955  4.31113e-01  0.000e+00  4.311e-01  0.000e+00  0.000e+00  0.000e+00  4.308e-01  2.773e-04  0.000e+00  0.000e+00
   2970  9.35035e-01  0.000e+00  9.350e-01  0.000e+00  0.000e+00  0.000e+00  6.036e-01  3.314e-01  0.000e+00  0.000e+00
   2985  1.24182e+00  0.000e+00  1.242e+00  0.000e+00  0.000e+00  0.000e+00  1.198e+00  4.339e-02  0.000e+00  0.000e+00
   3000  4.60356e-01  0.000e+00  4.604e-01  0.000e+00  0.000e+00  0.000e+00  3.070e-01  1.533e-01  0.000e+00  0.000e+00
   3015  2.37476e+00  0.000e+00  2.375e+00  0.000e+00  0.000e+00  0.000e+00  1.168e-01  2.258e+00  0.000e+00  0.000e+00
   3030  1.48937e+00  0.000e+00  1.489e+00  0.000e+00  0.000e+00  0.000e+00  6.806e-01  8.087e-01  0.000e+00  0.000e+00
   3045  1.05007e+00  0.000e+00  1.050e+00  0.000e+00  0.000e+00  0.000e+00  1.039e+00  1.118e-02  0.000e+00  0.000e+00
   3060  6.14326e-01  0.000e+00  6.143e-01  0.000e+00  0.000e+00  0.000e+00  2.613e-01  3.530e-01  0.000e+00  0.000e+00
   3075  8.59849e-01  0.000e+00  8.598e-01  0.000e+00  0.000e+00  0.000e+00  5.700e-01  2.899e-01  0.000e+00  0.000e+00
   3090  8.09795e-01  0.000e+00  8.098e-01  0.000e+00  0.000e+00  0.000e+00  2.417e-01  5.681e-01  0.000e+00  0.000e+00
   3105  1.38428e-01  0.000e+00  1.384e-01  0.000e+00  0.000e+00  0.000e+00  7.396e-02  6.446e-02  0.000e+00  0.000e+00
   3120  5.24823e-01  0.000e+00  5.248e-01  0.000e+00  0.000e+00  0.000e+00  4.852e-01  3.966e-02  0.000e+00  0.000e+00
   3135  1.78053e-01  0.000e+00  1.781e-01  0.000e+00  0.000e+00  0.000e+00  1.519e-01  2.612e-02  0.000e+00  0.000e+00
   3150  1.49812e-01  0.000e+00  1.498e-01  0.000e+00  0.000e+00  0.000e+00  1.433e-01  6.485e-03  0.000e+00  0.000e+00
   3165  8.02149e-02  0.000e+00  8.021e-02  0.000e+00  0.000e+00  0.000e+00  6.988e-02  1.033e-02  0.000e+00  0.000e+00
   3180  5.56883e-01  0.000e+00  5.569e-01  0.000e+00  0.000e+00  0.000e+00  2.332e-01  3.237e-01  0.000e+00  0.000e+00
   3195  3.91972e-01  0.000e+00  3.920e-01  0.000e+00  0.000e+00  0.000e+00  3.875e-01  4.515e-03  0.000e+00  0.000e+00
   3210  5.13158e-01  0.000e+00  5.132e-01  0.000e+00  0.000e+00  0.000e+00  1.671e-01  3.460e-01  0.000e+00  0.000e+00
   3225  2.73726e-01  0.000e+00  2.737e-01  0.000e+00  0.000e+00  0.000e+00  2.702e-01  3.569e-03  0.000e+00  0.000e+00
   3240  3.09552e-01  0.000e+00  3.096e-01  0.000e+00  0.000e+00  0.000e+00  5.666e-03  3.039e-01  0.000e+00  0.000e+00
   3255  2.90524e-01  0.000e+00  2.905e-01  0.000e+00  0.000e+00  0.000e+00  1.671e-01  1.235e-01  0.000e+00  0.000e+00
   3270  1.15072e+00  0.000e+00  1.151e+00  0.000e+00  0.000e+00  0.000e+00  1.148e+00  3.065e-03  0.000e+00  0.000e+00
   3285  2.79612e-01  0.000e+00  2.796e-01  0.000e+00  0.000e+00  0.000e+00  1.232e-01  1.564e-01  0.000e+00  0.000e+00
   3300  4.85025e-01  0.000e+00  4.850e-01  0.000e+00  0.000e+00  0.000e+00  2.806e-01  2.045e-01  0.000e+00  0.000e+00
   3315  3.01340e-01  0.000e+00  3.013e-01  0.000e+00  0.000e+00  0.000e+00  1.532e-01  1.481e-01  0.000e+00  0.000e+00
   3330  5.19963e-01  0.000e+00  5.200e-01  0.000e+00  0.000e+00  0.000e+00  4.950e-01  2.492e-02  0.000e+00  0.000e+00
   3345  8.44527e-01  0.000e+00  8.445e-01  0.000e+00  0.000e+00  0.000e+00  7.858e-01  5.869e-02  0.000e+00  0.000e+00
   3360  1.02475e+00  0.000e+00  1.025e+00  0.000e+00  0.000e+00  0.000e+00  5.331e-01  4.916e-01  0.000e+00  0.000e+00
   3375  3.66868e-01  0.000e+00  3.669e-01  0.000e+00  0.000e+00  0.000e+00  9.345e-02  2.734e-01  0.000e+00  0.000e+00
   3390  1.61545e+00  0.000e+00  1.615e+00  0.000e+00  0.000e+00  0.000e+00  1.566e+00  4.921e-02  0.000e+00  0.000e+00
   3405  2.67997e-01  0.000e+00  2.680e-01  0.000e+00  0.000e+00  0.000e+00  2.169e-01  5.108e-02  0.000e+00  0.000e+00
   3420  4.11001e-01  0.000e+00  4.110e-01  0.000e+00  0.000e+00  0.000e+00  3.451e-02  3.765e-01  0.000e+00  0.000e+00
   3435  2.29768e+00  0.000e+00  2.298e+00  0.000e+00  0.000e+00  0.000e+00  1.010e+00  1.288e+00  0.000e+00  0.000e+00
   3450  9.85511e-01  0.000e+00  9.855e-01  0.000e+00  0.000e+00  0.000e+00  1.352e-01  8.503e-01  0.000e+00  0.000e+00
   3465  7.68637e-01  0.000e+00  7.686e-01  0.000e+00  0.000e+00  0.000e+00  4.614e-01  3.073e-01  0.000e+00  0.000e+00
   3480  9.68443e-01  0.000e+00  9.684e-01  0.000e+00  0.000e+00  0.000e+00  5.270e-01  4.414e-01  0.000e+00  0.000e+00
   3495  8.67867e-01  0.000e+00  8.679e-01  0.000e+00  0.000e+00  0.000e+00  7.604e-01  1.075e-01  0.000e+00  0.000e+00
   3510  1.33534e+00  0.000e+00  1.335e+00  0.000e+00  0.000e+00  0.000e+00  2.475e-01  1.088e+00  0.000e+00  0.000e+00
   3525  2.74087e+00  0.000e+00  2.741e+00  0.000e+00  0.000e+00  0.000e+00  1.920e+00  8.206e-01  0.000e+00  0.000e+00
   3540  9.74060e-01  0.000e+00  9.741e-01  0.000e+00  0.000e+00  0.000e+00  9.354e-01  3.864e-02  0.000e+00  0.000e+00
   3555  6.88716e-01  0.000e+00  6.887e-01  0.000e+00  0.000e+00  0.000e+00  3.822e-01  3.065e-01  0.000e+00  0.000e+00
   3570  1.75701e+00  0.000e+00  1.757e+00  0.000e+00  0.000e+00  0.000e+00  1.039e+00  7.180e-01  0.000e+00  0.000e+00
   3585  2.44430e-01  0.000e+00  2.444e-01  0.000e+00  0.000e+00  0.000e+00  1.235e-01  1.210e-01  0.000e+00  0.000e+00
   3600  3.53979e-01  0.000e+00  3.540e-01  0.000e+00  0.000e+00  0.000e+00  3.514e-01  2.620e-03  0.000e+00  0.000e+00
   3615  1.06646e+00  0.000e+00  1.066e+00  0.000e+00  0.000e+00  0.000e+00  1.044e+00  2.198e-02  0.000e+00  0.000e+00
   3630  1.07254e+00  0.000e+00  1.073e+00  0.000e+00  0.000e+00  0.000e+00  1.025e+00  4.781e-02  0.000e+00  0.000e+00
   3645  5.42081e-01  0.000e+00  5.421e-01  0.000e+00  0.000e+00  0.000e+00  2.482e-01  2.939e-01  0.000e+00  0.000e+00
   3660  6.17648e-02  0.000e+00  6.176e-02  0.000e+00  0.000e+00  0.000e+00  6.147e-02  2.992e-04  0.000e+00  0.000e+00
   3675  9.82189e-01  0.000e+00  9.822e-01  0.000e+00  0.000e+00  0.000e+00  6.784e-01  3.037e-01  0.000e+00  0.000e+00
   3690  4.22543e-01  0.000e+00  4.225e-01  0.000e+00  0.000e+00  0.000e+00  3.871e-01  3.546e-02  0.000e+00  0.000e+00
   3705  4.91754e-01  0.000e+00  4.918e-01  0.000e+00  0.000e+00  0.000e+00  4.617e-01  3.005e-02  0.000e+00  0.000e+00
   3720  4.41543e-01  0.000e+00  4.415e-01  0.000e+00  0.000e+00  0.000e+00  4.415e-01  9.260e-05  0.000e+00  0.000e+00
   3735  5.47818e-01  0.000e+00  5.478e-01  0.000e+00  0.000e+00  0.000e+00  5.148e-02  4.963e-01  0.000e+00  0.000e+00
   3750  1.52207e+00  0.000e+00  1.522e+00  0.000e+00  0.000e+00  0.000e+00  9.877e-01  5.343e-01  0.000e+00  0.000e+00
   3765  4.25157e-01  0.000e+00  4.252e-01  0.000e+00  0.000e+00  0.000e+00  2.816e-01  1.435e-01  0.000e+00  0.000e+00
   3780  1.72225e+00  0.000e+00  1.722e+00  0.000e+00  0.000e+00  0.000e+00  4.271e-01  1.295e+00  0.000e+00  0.000e+00
   3795  3.95388e-01  0.000e+00  3.954e-01  0.000e+00  0.000e+00  0.000e+00  3.923e-01  3.136e-03  0.000e+00  0.000e+00
   3810  2.51875e+00  0.000e+00  2.519e+00  0.000e+00  0.000e+00  0.000e+00  6.750e-01  1.844e+00  0.000e+00  0.000e+00
   3825  6.39795e-01  0.000e+00  6.398e-01  0.000e+00  0.000e+00  0.000e+00  5.777e-01  6.209e-02  0.000e+00  0.000e+00
   3840  1.00138e+00  0.000e+00  1.001e+00  0.000e+00  0.000e+00  0.000e+00  1.001e+00  8.637e-04  0.000e+00  0.000e+00
   3855  8.71592e-01  0.000e+00  8.716e-01  0.000e+00  0.000e+00  0.000e+00  1.699e-01  7.017e-01  0.000e+00  0.000e+00
   3870  4.42761e-01  0.000e+00  4.428e-01  0.000e+00  0.000e+00  0.000e+00  3.539e-01  8.889e-02  0.000e+00  0.000e+00
   3885  8.01727e-01  0.000e+00  8.017e-01  0.000e+00  0.000e+00  0.000e+00  1.891e-01  6.126e-01  0.000e+00  0.000e+00
   3900  6.12302e-02  0.000e+00  6.123e-02  0.000e+00  0.000e+00  0.000e+00  4.669e-02  1.454e-02  0.000e+00  0.000e+00
   3915  2.74990e-01  0.000e+00  2.750e-01  0.000e+00  0.000e+00  0.000e+00  2.425e-01  3.247e-02  0.000e+00  0.000e+00
   3930  1.80200e+00  0.000e+00  1.802e+00  0.000e+00  0.000e+00  0.000e+00  1.238e+00  5.636e-01  0.000e+00  0.000e+00
   3945  1.59539e+00  0.000e+00  1.595e+00  0.000e+00  0.000e+00  0.000e+00  9.290e-02  1.502e+00  0.000e+00  0.000e+00
   3960  1.06024e+00  0.000e+00  1.060e+00  0.000e+00  0.000e+00  0.000e+00  8.019e-01  2.583e-01  0.000e+00  0.000e+00
   3975  7.29892e-01  0.000e+00  7.299e-01  0.000e+00  0.000e+00  0.000e+00  6.870e-01  4.286e-02  0.000e+00  0.000e+00
   3990  2.19789e-01  0.000e+00  2.198e-01  0.000e+00  0.000e+00  0.000e+00  1.389e-01  8.093e-02  0.000e+00  0.000e+00
   4005  1.26556e+00  0.000e+00  1.266e+00  0.000e+00  0.000e+00  0.000e+00  9.011e-01  3.644e-01  0.000e+00  0.000e+00
   4020  8.82001e-01  0.000e+00  8.820e-01  0.000e+00  0.000e+00  0.000e+00  1.979e-01  6.841e-01  0.000e+00  0.000e+00
   4035  1.76889e+00  0.000e+00  1.769e+00  0.000e+00  0.000e+00  0.000e+00  1.320e+00  4.492e-01  0.000e+00  0.000e+00
   4050  4.88486e-01  0.000e+00  4.885e-01  0.000e+00  0.000e+00  0.000e+00  1.964e-01  2.921e-01  0.000e+00  0.000e+00
   4065  8.60051e-01  0.000e+00  8.601e-01  0.000e+00  0.000e+00  0.000e+00  8.585e-01  1.513e-03  0.000e+00  0.000e+00
   4080  1.84838e-01  0.000e+00  1.848e-01  0.000e+00  0.000e+00  0.000e+00  1.493e-01  3.552e-02  0.000e+00  0.000e+00
   4095  4.24839e-01  0.000e+00  4.248e-01  0.000e+00  0.000e+00  0.000e+00  3.965e-01  2.837e-02  0.000e+00  0.000e+00
   4110  8.52231e-01  0.000e+00  8.522e-01  0.000e+00  0.000e+00  0.000e+00  8.520e-01  2.537e-04  0.000e+00  0.000e+00
   4125  1.46817e+00  0.000e+00  1.468e+00  0.000e+00  0.000e+00  0.000e+00  1.464e+00  4.598e-03  0.000e+00  0.000e+00
   4140  2.95441e-01  0.000e+00  2.954e-01  0.000e+00  0.000e+00  0.000e+00  2.138e-02  2.741e-01  0.000e+00  0.000e+00
   4155  1.91108e-01  0.000e+00  1.911e-01  0.000e+00  0.000e+00  0.000e+00  1.760e-01  1.506e-02  0.000e+00  0.000e+00
   4170  3.61172e-01  0.000e+00  3.612e-01  0.000e+00  0.000e+00  0.000e+00  1.993e-01  1.618e-01  0.000e+00  0.000e+00
   4185  2.29935e-01  0.000e+00  2.299e-01  0.000e+00  0.000e+00  0.000e+00  1.166e-01  1.133e-01  0.000e+00  0.000e+00
   4200  3.80478e-01  0.000e+00  3.805e-01  0.000e+00  0.000e+00  0.000e+00  2.548e-01  1.256e-01  0.000e+00  0.000e+00
   4215  2.80874e-01  0.000e+00  2.809e-01  0.000e+00  0.000e+00  0.000e+00  2.272e-01  5.367e-02  0.000e+00  0.000e+00
   4230  1.67506e-01  0.000e+00  1.675e-01  0.000e+00  0.000e+00  0.000e+00  1.522e-01  1.529e-02  0.000e+00  0.000e+00
   4245  6.12445e-01  0.000e+00  6.124e-01  0.000e+00  0.000e+00  0.000e+00  5.479e-01  6.456e-02  0.000e+00  0.000e+00
   4260  5.20814e-01  0.000e+00  5.208e-01  0.000e+00  0.000e+00  0.000e+00  2.524e-01  2.684e-01  0.000e+00  0.000e+00
   4275  4.35769e-01  0.000e+00  4.358e-01  0.000e+00  0.000e+00  0.000e+00  4.275e-01  8.288e-03  0.000e+00  0.000e+00
   4290  1.76318e-01  0.000e+00  1.763e-01  0.000e+00  0.000e+00  0.000e+00  1.046e-01  7.171e-02  0.000e+00  0.000e+00
   4305  1.10491e+00  0.000e+00  1.105e+00  0.000e+00  0.000e+00  0.000e+00  8.513e-01  2.536e-01  0.000e+00  0.000e+00
   4320  8.52346e-01  0.000e+00  8.523e-01  0.000e+00  0.000e+00  0.000e+00  2.266e-01  6.257e-01  0.000e+00  0.000e+00
   4335  3.71325e-01  0.000e+00  3.713e-01  0.000e+00  0.000e+00  0.000e+00  3.097e-01  6.165e-02  0.000e+00  0.000e+00
   4350  2.54751e+00  0.000e+00  2.548e+00  0.000e+00  0.000e+00  0.000e+00  2.547e+00  1.224e-04  0.000e+00  0.000e+00
   4365  7.90274e-01  0.000e+00  7.903e-01  0.000e+00  0.000e+00  0.000e+00  5.299e-01  2.604e-01  0.000e+00  0.000e+00
   4380  9.43681e-01  0.000e+00  9.437e-01  0.000e+00  0.000e+00  0.000e+00  9.378e-01  5.879e-03  0.000e+00  0.000e+00
   4395  1.45988e+00  0.000e+00  1.460e+00  0.000e+00  0.000e+00  0.000e+00  1.367e+00  9.304e-02  0.000e+00  0.000e+00
   4410  1.35404e+00  0.000e+00  1.354e+00  0.000e+00  0.000e+00  0.000e+00  1.354e+00  7.535e-05  0.000e+00  0.000e+00
   4425  1.40279e+00  0.000e+00  1.403e+00  0.000e+00  0.000e+00  0.000e+00  1.177e+00  2.258e-01  0.000e+00  0.000e+00
   4440  1.56825e+00  0.000e+00  1.568e+00  0.000e+00  0.000e+00  0.000e+00  4.598e-01  1.108e+00  0.000e+00  0.000e+00
   4455  1.03629e+00  0.000e+00  1.036e+00  0.000e+00  0.000e+00  0.000e+00  9.342e-02  9.429e-01  0.000e+00  0.000e+00
   4470  1.15280e+00  0.000e+00  1.153e+00  0.000e+00  0.000e+00  0.000e+00  7.580e-01  3.949e-01  0.000e+00  0.000e+00
   4485  7.12648e-02  0.000e+00  7.126e-02  0.000e+00  0.000e+00  0.000e+00  7.093e-02  3.388e-04  0.000e+00  0.000e+00
   4500  5.71180e-01  0.000e+00  5.712e-01  0.000e+00  0.000e+00  0.000e+00  3.798e-01  1.914e-01  0.000e+00  0.000e+00
   4515  7.66001e-01  0.000e+00  7.660e-01  0.000e+00  0.000e+00  0.000e+00  1.909e-01  5.751e-01  0.000e+00  0.000e+00
   4530  9.59135e-01  0.000e+00  9.591e-01  0.000e+00  0.000e+00  0.000e+00  9.516e-01  7.533e-03  0.000e+00  0.000e+00
   4545  8.27456e-01  0.000e+00  8.275e-01  0.000e+00  0.000e+00  0.000e+00  7.017e-01  1.258e-01  0.000e+00  0.000e+00
   4560  1.86047e-01  0.000e+00  1.860e-01  0.000e+00  0.000e+00  0.000e+00  1.697e-01  1.632e-02  0.000e+00  0.000e+00
   4575  9.31807e-01  0.000e+00  9.318e-01  0.000e+00  0.000e+00  0.000e+00  8.381e-01  9.371e-02  0.000e+00  0.000e+00
   4590  2.18582e+00  0.000e+00  2.186e+00  0.000e+00  0.000e+00  0.000e+00  1.361e+00  8.248e-01  0.000e+00  0.000e+00
   4605  8.20796e-01  0.000e+00  8.208e-01  0.000e+00  0.000e+00  0.000e+00  4.940e-01  3.268e-01  0.000e+00  0.000e+00
   4620  1.37450e-01  0.000e+00  1.374e-01  0.000e+00  0.000e+00  0.000e+00  1.338e-01  3.635e-03  0.000e+00  0.000e+00
   4635  2.17143e-01  0.000e+00  2.171e-01  0.000e+00  0.000e+00  0.000e+00  9.240e-02  1.247e-01  0.000e+00  0.000e+00
   4650  9.78447e-01  0.000e+00  9.784e-01  0.000e+00  0.000e+00  0.000e+00  5.040e-01  4.744e-01  0.000e+00  0.000e+00
   4665  3.45445e+00  0.000e+00  3.454e+00  0.000e+00  0.000e+00  0.000e+00  1.156e+00  2.298e+00  0.000e+00  0.000e+00
   4680  3.04489e+00  0.000e+00  3.045e+00  0.000e+00  0.000e+00  0.000e+00  1.796e+00  1.249e+00  0.000e+00  0.000e+00
   4695  1.14861e+00  0.000e+00  1.149e+00  0.000e+00  0.000e+00  0.000e+00  4.229e-01  7.257e-01  0.000e+00  0.000e+00
   4710  5.12867e-01  0.000e+00  5.129e-01  0.000e+00  0.000e+00  0.000e+00  4.131e-01  9.978e-02  0.000e+00  0.000e+00
   4725  6.49281e-01  0.000e+00  6.493e-01  0.000e+00  0.000e+00  0.000e+00  6.289e-01  2.040e-02  0.000e+00  0.000e+00
   4740  2.59652e-01  0.000e+00  2.597e-01  0.000e+00  0.000e+00  0.000e+00  2.578e-01  1.876e-03  0.000e+00  0.000e+00
   4755  1.48479e+00  0.000e+00  1.485e+00  0.000e+00  0.000e+00  0.000e+00  5.436e-01  9.412e-01  0.000e+00  0.000e+00
   4770  6.62246e-01  0.000e+00  6.622e-01  0.000e+00  0.000e+00  0.000e+00  4.651e-01  1.972e-01  0.000e+00  0.000e+00
   4785  8.09859e-01  0.000e+00  8.099e-01  0.000e+00  0.000e+00  0.000e+00  7.499e-01  5.996e-02  0.000e+00  0.000e+00
   4800  3.43809e-01  0.000e+00  3.438e-01  0.000e+00  0.000e+00  0.000e+00  2.360e-01  1.078e-01  0.000e+00  0.000e+00
   4815  8.11673e-01  0.000e+00  8.117e-01  0.000e+00  0.000e+00  0.000e+00  6.518e-01  1.598e-01  0.000e+00  0.000e+00
   4830  7.86530e-01  0.000e+00  7.865e-01  0.000e+00  0.000e+00  0.000e+00  7.467e-01  3.979e-02  0.000e+00  0.000e+00
   4845  7.84186e-01  0.000e+00  7.842e-01  0.000e+00  0.000e+00  0.000e+00  6.542e-01  1.300e-01  0.000e+00  0.000e+00
   4860  3.52186e-01  0.000e+00  3.522e-01  0.000e+00  0.000e+00  0.000e+00  3.512e-01  1.034e-03  0.000e+00  0.000e+00
   4875  8.50288e-01  0.000e+00  8.503e-01  0.000e+00  0.000e+00  0.000e+00  7.714e-01  7.893e-02  0.000e+00  0.000e+00
   4890  5.88305e-01  0.000e+00  5.883e-01  0.000e+00  0.000e+00  0.000e+00  5.422e-01  4.615e-02  0.000e+00  0.000e+00
   4905  1.62344e+00  0.000e+00  1.623e+00  0.000e+00  0.000e+00  0.000e+00  1.166e+00  4.576e-01  0.000e+00  0.000e+00
   4920  1.00190e+00  0.000e+00  1.002e+00  0.000e+00  0.000e+00  0.000e+00  7.240e-01  2.779e-01  0.000e+00  0.000e+00
   4935  1.09023e+00  0.000e+00  1.090e+00  0.000e+00  0.000e+00  0.000e+00  1.015e+00  7.498e-02  0.000e+00  0.000e+00
   4950  7.08687e-01  0.000e+00  7.087e-01  0.000e+00  0.000e+00  0.000e+00  5.587e-01  1.500e-01  0.000e+00  0.000e+00
   4965  2.45802e+00  0.000e+00  2.458e+00  0.000e+00  0.000e+00  0.000e+00  2.152e+00  3.060e-01  0.000e+00  0.000e+00
   4980  9.18132e-01  0.000e+00  9.181e-01  0.000e+00  0.000e+00  0.000e+00  7.284e-01  1.897e-01  0.000e+00  0.000e+00
   4995  3.90881e-01  0.000e+00  3.909e-01  0.000e+00  0.000e+00  0.000e+00  2.860e-01  1.049e-01  0.000e+00  0.000e+00
   5010  3.63857e+00  0.000e+00  3.639e+00  0.000e+00  0.000e+00  0.000e+00  2.420e+00  1.219e+00  0.000e+00  0.000e+00
   5025  1.08903e+00  0.000e+00  1.089e+00  0.000e+00  0.000e+00  0.000e+00  8.696e-01  2.194e-01  0.000e+00  0.000e+00
   5040  1.13169e+00  0.000e+00  1.132e+00  0.000e+00  0.000e+00  0.000e+00  5.449e-01  5.868e-01  0.000e+00  0.000e+00
   5055  8.45091e-01  0.000e+00  8.451e-01  0.000e+00  0.000e+00  0.000e+00  4.961e-01  3.489e-01  0.000e+00  0.000e+00
   5070  5.46104e-01  0.000e+00  5.461e-01  0.000e+00  0.000e+00  0.000e+00  3.813e-01  1.648e-01  0.000e+00  0.000e+00
   5085  1.13286e-01  0.000e+00  1.133e-01  0.000e+00  0.000e+00  0.000e+00  7.379e-02  3.949e-02  0.000e+00  0.000e+00
   5100  2.08484e+00  0.000e+00  2.085e+00  0.000e+00  0.000e+00  0.000e+00  2.033e+00  5.169e-02  0.000e+00  0.000e+00
   5115  8.14138e-01  0.000e+00  8.141e-01  0.000e+00  0.000e+00  0.000e+00  3.454e-01  4.688e-01  0.000e+00  0.000e+00
   5130  5.99357e-01  0.000e+00  5.994e-01  0.000e+00  0.000e+00  0.000e+00  5.662e-01  3.319e-02  0.000e+00  0.000e+00
   5145  2.97389e+00  0.000e+00  2.974e+00  0.000e+00  0.000e+00  0.000e+00  2.963e+00  1.113e-02  0.000e+00  0.000e+00
   5160  5.93557e-01  0.000e+00  5.936e-01  0.000e+00  0.000e+00  0.000e+00  5.706e-01  2.295e-02  0.000e+00  0.000e+00
   5175  5.05639e-01  0.000e+00  5.056e-01  0.000e+00  0.000e+00  0.000e+00  3.007e-01  2.050e-01  0.000e+00  0.000e+00
   5190  1.67082e+00  0.000e+00  1.671e+00  0.000e+00  0.000e+00  0.000e+00  8.550e-01  8.158e-01  0.000e+00  0.000e+00
   5205  2.31024e+00  0.000e+00  2.310e+00  0.000e+00  0.000e+00  0.000e+00  3.836e-01  1.927e+00  0.000e+00  0.000e+00
   5220  8.20159e-01  0.000e+00  8.202e-01  0.000e+00  0.000e+00  0.000e+00  3.269e-01  4.933e-01  0.000e+00  0.000e+00
   5235  6.78754e-01  0.000e+00  6.788e-01  0.000e+00  0.000e+00  0.000e+00  2.517e-01  4.271e-01  0.000e+00  0.000e+00
   5250  2.08505e-01  0.000e+00  2.085e-01  0.000e+00  0.000e+00  0.000e+00  1.917e-01  1.683e-02  0.000e+00  0.000e+00
   5265  3.03627e-01  0.000e+00  3.036e-01  0.000e+00  0.000e+00  0.000e+00  6.785e-02  2.358e-01  0.000e+00  0.000e+00
   5280  1.28844e-01  0.000e+00  1.288e-01  0.000e+00  0.000e+00  0.000e+00  1.261e-01  2.761e-03  0.000e+00  0.000e+00
   5295  1.66464e+00  0.000e+00  1.665e+00  0.000e+00  0.000e+00  0.000e+00  6.845e-01  9.802e-01  0.000e+00  0.000e+00
   5310  5.29299e-02  0.000e+00  5.293e-02  0.000e+00  0.000e+00  0.000e+00  3.507e-02  1.786e-02  0.000e+00  0.000e+00
   5325  1.81014e-01  0.000e+00  1.810e-01  0.000e+00  0.000e+00  0.000e+00  1.180e-01  6.306e-02  0.000e+00  0.000e+00
   5340  1.75434e+00  0.000e+00  1.754e+00  0.000e+00  0.000e+00  0.000e+00  1.473e+00  2.813e-01  0.000e+00  0.000e+00
   5355  4.71975e+00  0.000e+00  4.720e+00  0.000e+00  0.000e+00  0.000e+00  1.829e+00  2.890e+00  0.000e+00  0.000e+00
   5370  1.52972e+00  0.000e+00  1.530e+00  0.000e+00  0.000e+00  0.000e+00  2.587e-01  1.271e+00  0.000e+00  0.000e+00
   5385  6.08542e-01  0.000e+00  6.085e-01  0.000e+00  0.000e+00  0.000e+00  5.883e-01  2.022e-02  0.000e+00  0.000e+00
   5400  9.30037e-01  0.000e+00  9.300e-01  0.000e+00  0.000e+00  0.000e+00  8.969e-01  3.315e-02  0.000e+00  0.000e+00
   5415  5.72154e-01  0.000e+00  5.722e-01  0.000e+00  0.000e+00  0.000e+00  5.659e-01  6.228e-03  0.000e+00  0.000e+00
   5430  6.70780e-01  0.000e+00  6.708e-01  0.000e+00  0.000e+00  0.000e+00  1.595e-01  5.113e-01  0.000e+00  0.000e+00
   5445  5.83422e-01  0.000e+00  5.834e-01  0.000e+00  0.000e+00  0.000e+00  5.736e-01  9.825e-03  0.000e+00  0.000e+00
   5460  6.88642e-01  0.000e+00  6.886e-01  0.000e+00  0.000e+00  0.000e+00  6.736e-01  1.501e-02  0.000e+00  0.000e+00
   5475  3.75343e-01  0.000e+00  3.753e-01  0.000e+00  0.000e+00  0.000e+00  2.729e-01  1.025e-01  0.000e+00  0.000e+00
   5490  2.89609e-02  0.000e+00  2.896e-02  0.000e+00  0.000e+00  0.000e+00  2.673e-02  2.232e-03  0.000e+00  0.000e+00
   5505  5.50390e-01  0.000e+00  5.504e-01  0.000e+00  0.000e+00  0.000e+00  3.931e-01  1.573e-01  0.000e+00  0.000e+00
   5520  1.68848e+00  0.000e+00  1.688e+00  0.000e+00  0.000e+00  0.000e+00  1.393e+00  2.951e-01  0.000e+00  0.000e+00
   5535  1.33431e+00  0.000e+00  1.334e+00  0.000e+00  0.000e+00  0.000e+00  1.563e-01  1.178e+00  0.000e+00  0.000e+00
   5550  1.20551e+00  0.000e+00  1.206e+00  0.000e+00  0.000e+00  0.000e+00  4.270e-01  7.786e-01  0.000e+00  0.000e+00
   5565  7.89965e-02  0.000e+00  7.900e-02  0.000e+00  0.000e+00  0.000e+00  7.797e-02  1.029e-03  0.000e+00  0.000e+00
   5580  8.27157e-02  0.000e+00  8.272e-02  0.000e+00  0.000e+00  0.000e+00  7.617e-02  6.545e-03  0.000e+00  0.000e+00
   5595  2.10057e-01  0.000e+00  2.101e-01  0.000e+00  0.000e+00  0.000e+00  2.588e-02  1.842e-01  0.000e+00  0.000e+00
   5610  1.58206e-01  0.000e+00  1.582e-01  0.000e+00  0.000e+00  0.000e+00  1.058e-01  5.241e-02  0.000e+00  0.000e+00
   5625  1.83905e+00  0.000e+00  1.839e+00  0.000e+00  0.000e+00  0.000e+00  1.609e+00  2.301e-01  0.000e+00  0.000e+00
   5640  1.90511e+00  0.000e+00  1.905e+00  0.000e+00  0.000e+00  0.000e+00  1.354e+00  5.507e-01  0.000e+00  0.000e+00
   5655  4.76821e-01  0.000e+00  4.768e-01  0.000e+00  0.000e+00  0.000e+00  4.114e-01  6.540e-02  0.000e+00  0.000e+00
   5670  1.98867e-01  0.000e+00  1.989e-01  0.000e+00  0.000e+00  0.000e+00  9.559e-02  1.033e-01  0.000e+00  0.000e+00
   5685  1.36174e-01  0.000e+00  1.362e-01  0.000e+00  0.000e+00  0.000e+00  3.921e-02  9.696e-02  0.000e+00  0.000e+00
   5700  1.90638e+00  0.000e+00  1.906e+00  0.000e+00  0.000e+00  0.000e+00  7.791e-02  1.828e+00  0.000e+00  0.000e+00
   5715  5.19025e-01  0.000e+00  5.190e-01  0.000e+00  0.000e+00  0.000e+00  3.124e-01  2.066e-01  0.000e+00  0.000e+00
   5730  1.31983e-01  0.000e+00  1.320e-01  0.000e+00  0.000e+00  0.000e+00  3.883e-02  9.316e-02  0.000e+00  0.000e+00
   5745  3.29678e-01  0.000e+00  3.297e-01  0.000e+00  0.000e+00  0.000e+00  6.859e-03  3.228e-01  0.000e+00  0.000e+00
   5760  1.12636e+00  0.000e+00  1.126e+00  0.000e+00  0.000e+00  0.000e+00  1.409e-04  1.126e+00  0.000e+00  0.000e+00
   5775  9.22654e-02  0.000e+00  9.227e-02  0.000e+00  0.000e+00  0.000e+00  7.089e-02  2.137e-02  0.000e+00  0.000e+00
   5790  8.76786e-01  0.000e+00  8.768e-01  0.000e+00  0.000e+00  0.000e+00  6.286e-01  2.481e-01  0.000e+00  0.000e+00
   5805  4.83827e-01  0.000e+00  4.838e-01  0.000e+00  0.000e+00  0.000e+00  4.171e-01  6.669e-02  0.000e+00  0.000e+00
   5820  4.04740e-01  0.000e+00  4.047e-01  0.000e+00  0.000e+00  0.000e+00  3.455e-01  5.925e-02  0.000e+00  0.000e+00
   5835  1.92157e-01  0.000e+00  1.922e-01  0.000e+00  0.000e+00  0.000e+00  1.427e-01  4.950e-02  0.000e+00  0.000e+00
   5850  9.66303e-01  0.000e+00  9.663e-01  0.000e+00  0.000e+00  0.000e+00  9.385e-01  2.778e-02  0.000e+00  0.000e+00
   5865  3.57379e-01  0.000e+00  3.574e-01  0.000e+00  0.000e+00  0.000e+00  1.885e-01  1.688e-01  0.000e+00  0.000e+00
   5880  9.50955e-01  0.000e+00  9.510e-01  0.000e+00  0.000e+00  0.000e+00  3.394e-01  6.116e-01  0.000e+00  0.000e+00
   5895  5.15883e-01  0.000e+00  5.159e-01  0.000e+00  0.000e+00  0.000e+00  3.720e-01  1.439e-01  0.000e+00  0.000e+00
   5910  1.14790e+00  0.000e+00  1.148e+00  0.000e+00  0.000e+00  0.000e+00  1.026e+00  1.221e-01  0.000e+00  0.000e+00
   5925  5.97644e-01  0.000e+00  5.976e-01  0.000e+00  0.000e+00  0.000e+00  5.409e-01  5.677e-02  0.000e+00  0.000e+00
   5940  1.74943e-01  0.000e+00  1.749e-01  0.000e+00  0.000e+00  0.000e+00  1.609e-01  1.408e-02  0.000e+00  0.000e+00
   5955  4.76418e-01  0.000e+00  4.764e-01  0.000e+00  0.000e+00  0.000e+00  2.660e-01  2.104e-01  0.000e+00  0.000e+00
   5970  6.80099e-01  0.000e+00  6.801e-01  0.000e+00  0.000e+00  0.000e+00  1.519e-01  5.282e-01  0.000e+00  0.000e+00
   5985  6.88414e-01  0.000e+00  6.884e-01  0.000e+00  0.000e+00  0.000e+00  4.128e-01  2.756e-01  0.000e+00  0.000e+00
   6000  7.96175e-01  0.000e+00  7.962e-01  0.000e+00  0.000e+00  0.000e+00  7.210e-01  7.516e-02  0.000e+00  0.000e+00
   6015  1.56327e-01  0.000e+00  1.563e-01  0.000e+00  0.000e+00  0.000e+00  1.014e-01  5.492e-02  0.000e+00  0.000e+00
   6030  9.46715e-01  0.000e+00  9.467e-01  0.000e+00  0.000e+00  0.000e+00  4.553e-01  4.915e-01  0.000e+00  0.000e+00
   6045  1.04963e+00  0.000e+00  1.050e+00  0.000e+00  0.000e+00  0.000e+00  6.127e-01  4.369e-01  0.000e+00  0.000e+00
   6060  2.98901e-01  0.000e+00  2.989e-01  0.000e+00  0.000e+00  0.000e+00  2.686e-01  3.027e-02  0.000e+00  0.000e+00
   6075  1.10378e+00  0.000e+00  1.104e+00  0.000e+00  0.000e+00  0.000e+00  2.788e-02  1.076e+00  0.000e+00  0.000e+00
   6090  7.61763e-01  0.000e+00  7.618e-01  0.000e+00  0.000e+00  0.000e+00  3.499e-01  4.118e-01  0.000e+00  0.000e+00
   6105  1.22197e+00  0.000e+00  1.222e+00  0.000e+00  0.000e+00  0.000e+00  1.116e+00  1.057e-01  0.000e+00  0.000e+00
   6120  1.45864e+00  0.000e+00  1.459e+00  0.000e+00  0.000e+00  0.000e+00  1.233e+00  2.258e-01  0.000e+00  0.000e+00
   6135  6.05717e-01  0.000e+00  6.057e-01  0.000e+00  0.000e+00  0.000e+00  5.816e-01  2.408e-02  0.000e+00  0.000e+00
   6150  6.95453e-01  0.000e+00  6.955e-01  0.000e+00  0.000e+00  0.000e+00  2.947e-02  6.660e-01  0.000e+00  0.000e+00
   6165  1.20399e+00  0.000e+00  1.204e+00  0.000e+00  0.000e+00  0.000e+00  1.204e+00  2.795e-04  0.000e+00  0.000e+00
   6180  2.37988e+00  0.000e+00  2.380e+00  0.000e+00  0.000e+00  0.000e+00  1.808e-01  2.199e+00  0.000e+00  0.000e+00
   6195  2.02800e+00  0.000e+00  2.028e+00  0.000e+00  0.000e+00  0.000e+00  1.726e+00  3.022e-01  0.000e+00  0.000e+00
   6210  2.91871e+00  0.000e+00  2.919e+00  0.000e+00  0.000e+00  0.000e+00  2.451e+00  4.676e-01  0.000e+00  0.000e+00
   6225  6.41838e-01  0.000e+00  6.418e-01  0.000e+00  0.000e+00  0.000e+00  6.347e-01  7.146e-03  0.000e+00  0.000e+00
   6240  2.92087e-01  0.000e+00  2.921e-01  0.000e+00  0.000e+00  0.000e+00  1.930e-01  9.908e-02  0.000e+00  0.000e+00
   6255  2.32050e-01  0.000e+00  2.320e-01  0.000e+00  0.000e+00  0.000e+00  2.075e-01  2.456e-02  0.000e+00  0.000e+00
   6270  1.42145e+00  0.000e+00  1.421e+00  0.000e+00  0.000e+00  0.000e+00  1.076e-01  1.314e+00  0.000e+00  0.000e+00
   6285  1.39365e+00  0.000e+00  1.394e+00  0.000e+00  0.000e+00  0.000e+00  9.840e-01  4.097e-01  0.000e+00  0.000e+00
   6300  7.30733e-01  0.000e+00  7.307e-01  0.000e+00  0.000e+00  0.000e+00  6.678e-01  6.291e-02  0.000e+00  0.000e+00
   6315  8.95415e-01  0.000e+00  8.954e-01  0.000e+00  0.000e+00  0.000e+00  2.686e-01  6.268e-01  0.000e+00  0.000e+00
   6330  1.18881e+00  0.000e+00  1.189e+00  0.000e+00  0.000e+00  0.000e+00  1.098e+00  9.104e-02  0.000e+00  0.000e+00
   6345  1.46460e+00  0.000e+00  1.465e+00  0.000e+00  0.000e+00  0.000e+00  1.463e+00  2.071e-03  0.000e+00  0.000e+00
   6360  1.19424e+00  0.000e+00  1.194e+00  0.000e+00  0.000e+00  0.000e+00  4.607e-01  7.336e-01  0.000e+00  0.000e+00
   6375  9.60655e-01  0.000e+00  9.607e-01  0.000e+00  0.000e+00  0.000e+00  7.962e-01  1.645e-01  0.000e+00  0.000e+00
   6390  2.52921e-01  0.000e+00  2.529e-01  0.000e+00  0.000e+00  0.000e+00  2.239e-01  2.906e-02  0.000e+00  0.000e+00
   6405  9.47112e-01  0.000e+00  9.471e-01  0.000e+00  0.000e+00  0.000e+00  8.873e-01  5.981e-02  0.000e+00  0.000e+00
   6420  2.13123e+00  0.000e+00  2.131e+00  0.000e+00  0.000e+00  0.000e+00  7.875e-01  1.344e+00  0.000e+00  0.000e+00
   6435  4.69279e+00  0.000e+00  4.693e+00  0.000e+00  0.000e+00  0.000e+00  1.814e-01  4.511e+00  0.000e+00  0.000e+00
   6450  5.05992e-01  0.000e+00  5.060e-01  0.000e+00  0.000e+00  0.000e+00  2.669e-01  2.391e-01  0.000e+00  0.000e+00
   6465  2.44247e-01  0.000e+00  2.442e-01  0.000e+00  0.000e+00  0.000e+00  2.729e-02  2.170e-01  0.000e+00  0.000e+00
   6480  1.29482e-01  0.000e+00  1.295e-01  0.000e+00  0.000e+00  0.000e+00  6.083e-03  1.234e-01  0.000e+00  0.000e+00
   6495  2.95081e+00  0.000e+00  2.951e+00  0.000e+00  0.000e+00  0.000e+00  2.405e+00  5.463e-01  0.000e+00  0.000e+00
   6510  9.84133e-02  0.000e+00  9.841e-02  0.000e+00  0.000e+00  0.000e+00  6.556e-03  9.186e-02  0.000e+00  0.000e+00
   6525  4.20064e-01  0.000e+00  4.201e-01  0.000e+00  0.000e+00  0.000e+00  3.799e-01  4.016e-02  0.000e+00  0.000e+00
   6540  1.53389e+00  0.000e+00  1.534e+00  0.000e+00  0.000e+00  0.000e+00  6.575e-01  8.764e-01  0.000e+00  0.000e+00
   6555  1.85512e-01  0.000e+00  1.855e-01  0.000e+00  0.000e+00  0.000e+00  1.589e-01  2.661e-02  0.000e+00  0.000e+00
   6570  4.32280e-01  0.000e+00  4.323e-01  0.000e+00  0.000e+00  0.000e+00  4.304e-01  1.849e-03  0.000e+00  0.000e+00
   6585  7.34302e-01  0.000e+00  7.343e-01  0.000e+00  0.000e+00  0.000e+00  7.082e-01  2.605e-02  0.000e+00  0.000e+00
   6600  4.78938e-01  0.000e+00  4.789e-01  0.000e+00  0.000e+00  0.000e+00  4.286e-01  5.037e-02  0.000e+00  0.000e+00
   6615  2.59107e-01  0.000e+00  2.591e-01  0.000e+00  0.000e+00  0.000e+00  2.428e-01  1.630e-02  0.000e+00  0.000e+00
   6630  3.57742e-02  0.000e+00  3.577e-02  0.000e+00  0.000e+00  0.000e+00  1.723e-02  1.854e-02  0.000e+00  0.000e+00
   6645  8.53839e-01  0.000e+00  8.538e-01  0.000e+00  0.000e+00  0.000e+00  4.666e-01  3.873e-01  0.000e+00  0.000e+00
   6660  5.94327e-01  0.000e+00  5.943e-01  0.000e+00  0.000e+00  0.000e+00  4.076e-01  1.867e-01  0.000e+00  0.000e+00
   6675  6.40486e-01  0.000e+00  6.405e-01  0.000e+00  0.000e+00  0.000e+00  1.476e-01  4.929e-01  0.000e+00  0.000e+00
   6690  1.23372e+00  0.000e+00  1.234e+00  0.000e+00  0.000e+00  0.000e+00  1.100e+00  1.332e-01  0.000e+00  0.000e+00
   6705  2.10164e+00  0.000e+00  2.102e+00  0.000e+00  0.000e+00  0.000e+00  1.372e+00  7.297e-01  0.000e+00  0.000e+00
   6720  2.45858e-01  0.000e+00  2.459e-01  0.000e+00  0.000e+00  0.000e+00  2.262e-01  1.962e-02  0.000e+00  0.000e+00
   6735  3.45154e-01  0.000e+00  3.452e-01  0.000e+00  0.000e+00  0.000e+00  1.559e-01  1.893e-01  0.000e+00  0.000e+00
   6750  1.40844e-02  0.000e+00  1.408e-02  0.000e+00  0.000e+00  0.000e+00  3.406e-03  1.068e-02  0.000e+00  0.000e+00
   6765  1.24490e+00  0.000e+00  1.245e+00  0.000e+00  0.000e+00  0.000e+00  4.428e-01  8.021e-01  0.000e+00  0.000e+00
   6780  2.17231e-01  0.000e+00  2.172e-01  0.000e+00  0.000e+00  0.000e+00  1.193e-02  2.053e-01  0.000e+00  0.000e+00
   6795  9.20220e-01  0.000e+00  9.202e-01  0.000e+00  0.000e+00  0.000e+00  9.194e-01  7.727e-04  0.000e+00  0.000e+00
   6810  1.77744e+00  0.000e+00  1.777e+00  0.000e+00  0.000e+00  0.000e+00  1.777e+00  1.083e-04  0.000e+00  0.000e+00
   6825  1.17179e-01  0.000e+00  1.172e-01  0.000e+00  0.000e+00  0.000e+00  1.061e-01  1.104e-02  0.000e+00  0.000e+00
   6840  1.22881e+00  0.000e+00  1.229e+00  0.000e+00  0.000e+00  0.000e+00  3.608e-01  8.680e-01  0.000e+00  0.000e+00
   6855  2.92580e-01  0.000e+00  2.926e-01  0.000e+00  0.000e+00  0.000e+00  2.895e-01  3.098e-03  0.000e+00  0.000e+00
   6870  3.83231e-01  0.000e+00  3.832e-01  0.000e+00  0.000e+00  0.000e+00  1.800e-01  2.032e-01  0.000e+00  0.000e+00
   6885  1.30019e+00  0.000e+00  1.300e+00  0.000e+00  0.000e+00  0.000e+00  1.133e+00  1.668e-01  0.000e+00  0.000e+00
   6900  7.31467e-01  0.000e+00  7.315e-01  0.000e+00  0.000e+00  0.000e+00  6.990e-01  3.246e-02  0.000e+00  0.000e+00
   6915  1.02481e+00  0.000e+00  1.025e+00  0.000e+00  0.000e+00  0.000e+00  9.597e-01  6.510e-02  0.000e+00  0.000e+00
   6930  1.49106e+00  0.000e+00  1.491e+00  0.000e+00  0.000e+00  0.000e+00  8.306e-01  6.605e-01  0.000e+00  0.000e+00
   6945  2.08165e+00  0.000e+00  2.082e+00  0.000e+00  0.000e+00  0.000e+00  2.041e+00  4.079e-02  0.000e+00  0.000e+00
   6960  9.75701e-01  0.000e+00  9.757e-01  0.000e+00  0.000e+00  0.000e+00  3.154e-01  6.603e-01  0.000e+00  0.000e+00
   6975  4.42366e-01  0.000e+00  4.424e-01  0.000e+00  0.000e+00  0.000e+00  4.423e-01  4.283e-05  0.000e+00  0.000e+00
   6990  1.00749e+00  0.000e+00  1.007e+00  0.000e+00  0.000e+00  0.000e+00  8.224e-01  1.850e-01  0.000e+00  0.000e+00
   7005  1.91724e-01  0.000e+00  1.917e-01  0.000e+00  0.000e+00  0.000e+00  4.599e-02  1.457e-01  0.000e+00  0.000e+00
   7020  2.86313e-01  0.000e+00  2.863e-01  0.000e+00  0.000e+00  0.000e+00  2.849e-01  1.431e-03  0.000e+00  0.000e+00
   7035  1.08790e+00  0.000e+00  1.088e+00  0.000e+00  0.000e+00  0.000e+00  8.898e-01  1.981e-01  0.000e+00  0.000e+00
   7050  5.02911e-01  0.000e+00  5.029e-01  0.000e+00  0.000e+00  0.000e+00  1.459e-01  3.571e-01  0.000e+00  0.000e+00
   7065  9.47979e-01  0.000e+00  9.480e-01  0.000e+00  0.000e+00  0.000e+00  5.574e-01  3.905e-01  0.000e+00  0.000e+00
   7080  7.59840e-01  0.000e+00  7.598e-01  0.000e+00  0.000e+00  0.000e+00  2.064e-01  5.534e-01  0.000e+00  0.000e+00
   7095  6.10960e-01  0.000e+00  6.110e-01  0.000e+00  0.000e+00  0.000e+00  2.316e-01  3.793e-01  0.000e+00  0.000e+00
   7110  1.49901e+00  0.000e+00  1.499e+00  0.000e+00  0.000e+00  0.000e+00  1.498e+00  7.306e-04  0.000e+00  0.000e+00
   7125  9.66436e-01  0.000e+00  9.664e-01  0.000e+00  0.000e+00  0.000e+00  2.138e-01  7.526e-01  0.000e+00  0.000e+00
   7140  8.94353e-01  0.000e+00  8.944e-01  0.000e+00  0.000e+00  0.000e+00  9.694e-02  7.974e-01  0.000e+00  0.000e+00
   7155  8.94951e-02  0.000e+00  8.950e-02  0.000e+00  0.000e+00  0.000e+00  8.559e-02  3.910e-03  0.000e+00  0.000e+00
   7170  1.01029e+00  0.000e+00  1.010e+00  0.000e+00  0.000e+00  0.000e+00  9.227e-01  8.763e-02  0.000e+00  0.000e+00
   7185  9.94578e-01  0.000e+00  9.946e-01  0.000e+00  0.000e+00  0.000e+00  9.946e-01  1.454e-06  0.000e+00  0.000e+00
   7200  8.43211e-01  0.000e+00  8.432e-01  0.000e+00  0.000e+00  0.000e+00  8.432e-01  4.395e-06  0.000e+00  0.000e+00
   7215  6.50511e-01  0.000e+00  6.505e-01  0.000e+00  0.000e+00  0.000e+00  6.452e-01  5.301e-03  0.000e+00  0.000e+00
   7230  6.07140e-01  0.000e+00  6.071e-01  0.000e+00  0.000e+00  0.000e+00  1.792e-01  4.279e-01  0.000e+00  0.000e+00
   7245  3.66054e+00  0.000e+00  3.661e+00  0.000e+00  0.000e+00  0.000e+00  1.208e+00  2.452e+00  0.000e+00  0.000e+00
   7260  6.49445e-01  0.000e+00  6.494e-01  0.000e+00  0.000e+00  0.000e+00  3.508e-01  2.986e-01  0.000e+00  0.000e+00
   7275  5.05669e-01  0.000e+00  5.057e-01  0.000e+00  0.000e+00  0.000e+00  4.960e-01  9.655e-03  0.000e+00  0.000e+00
   7290  2.76206e-01  0.000e+00  2.762e-01  0.000e+00  0.000e+00  0.000e+00  2.714e-01  4.839e-03  0.000e+00  0.000e+00
   7305  6.89451e-01  0.000e+00  6.895e-01  0.000e+00  0.000e+00  0.000e+00  5.471e-01  1.423e-01  0.000e+00  0.000e+00
   7320  9.46266e-01  0.000e+00  9.463e-01  0.000e+00  0.000e+00  0.000e+00  8.361e-01  1.102e-01  0.000e+00  0.000e+00
   7335  5.58205e-01  0.000e+00  5.582e-01  0.000e+00  0.000e+00  0.000e+00  3.692e-01  1.890e-01  0.000e+00  0.000e+00
   7350  2.71623e+00  0.000e+00  2.716e+00  0.000e+00  0.000e+00  0.000e+00  2.421e+00  2.949e-01  0.000e+00  0.000e+00
   7365  6.30743e-01  0.000e+00  6.307e-01  0.000e+00  0.000e+00  0.000e+00  4.548e-01  1.760e-01  0.000e+00  0.000e+00
   7380  9.12208e-01  0.000e+00  9.122e-01  0.000e+00  0.000e+00  0.000e+00  1.269e-01  7.853e-01  0.000e+00  0.000e+00
   7395  6.43635e-01  0.000e+00  6.436e-01  0.000e+00  0.000e+00  0.000e+00  6.369e-01  6.781e-03  0.000e+00  0.000e+00
   7410  4.04978e-01  0.000e+00  4.050e-01  0.000e+00  0.000e+00  0.000e+00  4.018e-01  3.204e-03  0.000e+00  0.000e+00
   7425  1.56363e+00  0.000e+00  1.564e+00  0.000e+00  0.000e+00  0.000e+00  1.444e+00  1.194e-01  0.000e+00  0.000e+00
   7440  1.40622e+00  0.000e+00  1.406e+00  0.000e+00  0.000e+00  0.000e+00  6.375e-01  7.687e-01  0.000e+00  0.000e+00
   7455  1.30161e-01  0.000e+00  1.302e-01  0.000e+00  0.000e+00  0.000e+00  1.136e-01  1.654e-02  0.000e+00  0.000e+00
   7470  1.09977e+00  0.000e+00  1.100e+00  0.000e+00  0.000e+00  0.000e+00  8.638e-01  2.360e-01  0.000e+00  0.000e+00
   7485  1.18191e+00  0.000e+00  1.182e+00  0.000e+00  0.000e+00  0.000e+00  9.277e-01  2.542e-01  0.000e+00  0.000e+00
   7500  1.03927e+00  0.000e+00  1.039e+00  0.000e+00  0.000e+00  0.000e+00  6.269e-01  4.124e-01  0.000e+00  0.000e+00
   7515  1.20521e+00  0.000e+00  1.205e+00  0.000e+00  0.000e+00  0.000e+00  1.039e+00  1.661e-01  0.000e+00  0.000e+00
   7530  7.99579e-01  0.000e+00  7.996e-01  0.000e+00  0.000e+00  0.000e+00  7.980e-01  1.596e-03  0.000e+00  0.000e+00
   7545  4.92737e-01  0.000e+00  4.927e-01  0.000e+00  0.000e+00  0.000e+00  1.754e-03  4.910e-01  0.000e+00  0.000e+00
   7560  1.26175e+00  0.000e+00  1.262e+00  0.000e+00  0.000e+00  0.000e+00  2.094e-01  1.052e+00  0.000e+00  0.000e+00
   7575  1.67702e+00  0.000e+00  1.677e+00  0.000e+00  0.000e+00  0.000e+00  2.468e-02  1.652e+00  0.000e+00  0.000e+00
   7590  7.97915e-01  0.000e+00  7.979e-01  0.000e+00  0.000e+00  0.000e+00  7.431e-01  5.479e-02  0.000e+00  0.000e+00
   7605  4.09524e-01  0.000e+00  4.095e-01  0.000e+00  0.000e+00  0.000e+00  3.568e-01  5.276e-02  0.000e+00  0.000e+00
   7620  8.83425e-01  0.000e+00  8.834e-01  0.000e+00  0.000e+00  0.000e+00  3.583e-01  5.251e-01  0.000e+00  0.000e+00
   7635  2.91335e-01  0.000e+00  2.913e-01  0.000e+00  0.000e+00  0.000e+00  1.199e-01  1.714e-01  0.000e+00  0.000e+00
   7650  7.29852e-01  0.000e+00  7.299e-01  0.000e+00  0.000e+00  0.000e+00  7.280e-01  1.852e-03  0.000e+00  0.000e+00
   7665  7.15102e-01  0.000e+00  7.151e-01  0.000e+00  0.000e+00  0.000e+00  5.006e-01  2.145e-01  0.000e+00  0.000e+00
   7680  5.19113e-01  0.000e+00  5.191e-01  0.000e+00  0.000e+00  0.000e+00  3.982e-01  1.209e-01  0.000e+00  0.000e+00
   7695  1.46301e+00  0.000e+00  1.463e+00  0.000e+00  0.000e+00  0.000e+00  1.458e+00  5.061e-03  0.000e+00  0.000e+00
   7710  7.45776e-02  0.000e+00  7.458e-02  0.000e+00  0.000e+00  0.000e+00  9.240e-03  6.534e-02  0.000e+00  0.000e+00
   7725  3.01390e-01  0.000e+00  3.014e-01  0.000e+00  0.000e+00  0.000e+00  2.828e-01  1.856e-02  0.000e+00  0.000e+00
   7740  1.94828e-01  0.000e+00  1.948e-01  0.000e+00  0.000e+00  0.000e+00  1.507e-01  4.412e-02  0.000e+00  0.000e+00
   7755  3.76255e-01  0.000e+00  3.763e-01  0.000e+00  0.000e+00  0.000e+00  3.719e-01  4.371e-03  0.000e+00  0.000e+00
   7770  4.56226e-01  0.000e+00  4.562e-01  0.000e+00  0.000e+00  0.000e+00  4.519e-01  4.342e-03  0.000e+00  0.000e+00
   7785  7.33822e-01  0.000e+00  7.338e-01  0.000e+00  0.000e+00  0.000e+00  5.023e-01  2.315e-01  0.000e+00  0.000e+00
   7800  8.45506e-01  0.000e+00  8.455e-01  0.000e+00  0.000e+00  0.000e+00  6.894e-01  1.561e-01  0.000e+00  0.000e+00
   7815  2.50273e+00  0.000e+00  2.503e+00  0.000e+00  0.000e+00  0.000e+00  2.280e+00  2.224e-01  0.000e+00  0.000e+00
   7830  2.41674e-01  0.000e+00  2.417e-01  0.000e+00  0.000e+00  0.000e+00  1.999e-01  4.173e-02  0.000e+00  0.000e+00
   7845  1.24534e+00  0.000e+00  1.245e+00  0.000e+00  0.000e+00  0.000e+00  3.325e-01  9.128e-01  0.000e+00  0.000e+00
   7860  1.06420e+00  0.000e+00  1.064e+00  0.000e+00  0.000e+00  0.000e+00  6.463e-01  4.179e-01  0.000e+00  0.000e+00
   7875  2.41620e-01  0.000e+00  2.416e-01  0.000e+00  0.000e+00  0.000e+00  1.024e-01  1.392e-01  0.000e+00  0.000e+00
   7890  5.76519e-01  0.000e+00  5.765e-01  0.000e+00  0.000e+00  0.000e+00  5.762e-01  3.329e-04  0.000e+00  0.000e+00
   7905  1.84419e+00  0.000e+00  1.844e+00  0.000e+00  0.000e+00  0.000e+00  1.780e+00  6.454e-02  0.000e+00  0.000e+00
   7920  1.46697e-01  0.000e+00  1.467e-01  0.000e+00  0.000e+00  0.000e+00  8.608e-02  6.062e-02  0.000e+00  0.000e+00
   7935  1.40591e+00  0.000e+00  1.406e+00  0.000e+00  0.000e+00  0.000e+00  6.530e-02  1.341e+00  0.000e+00  0.000e+00
   7950  1.46696e+00  0.000e+00  1.467e+00  0.000e+00  0.000e+00  0.000e+00  2.439e-01  1.223e+00  0.000e+00  0.000e+00
   7965  3.63889e-01  0.000e+00  3.639e-01  0.000e+00  0.000e+00  0.000e+00  3.603e-01  3.545e-03  0.000e+00  0.000e+00
   7980  5.46242e-01  0.000e+00  5.462e-01  0.000e+00  0.000e+00  0.000e+00  5.462e-01  3.876e-05  0.000e+00  0.000e+00
   7995  2.82585e-02  0.000e+00  2.826e-02  0.000e+00  0.000e+00  0.000e+00  2.823e-02  3.124e-05  0.000e+00  0.000e+00
   8010  8.32789e-01  0.000e+00  8.328e-01  0.000e+00  0.000e+00  0.000e+00  6.285e-01  2.043e-01  0.000e+00  0.000e+00
   8025  2.05828e+00  0.000e+00  2.058e+00  0.000e+00  0.000e+00  0.000e+00  1.662e+00  3.958e-01  0.000e+00  0.000e+00
   8040  4.84893e-01  0.000e+00  4.849e-01  0.000e+00  0.000e+00  0.000e+00  4.804e-01  4.477e-03  0.000e+00  0.000e+00
   8055  2.31578e-01  0.000e+00  2.316e-01  0.000e+00  0.000e+00  0.000e+00  1.878e-01  4.378e-02  0.000e+00  0.000e+00
   8070  4.21964e-01  0.000e+00  4.220e-01  0.000e+00  0.000e+00  0.000e+00  4.141e-01  7.849e-03  0.000e+00  0.000e+00
   8085  1.79159e+00  0.000e+00  1.792e+00  0.000e+00  0.000e+00  0.000e+00  1.706e+00  8.579e-02  0.000e+00  0.000e+00
   8100  1.22900e+00  0.000e+00  1.229e+00  0.000e+00  0.000e+00  0.000e+00  1.201e+00  2.816e-02  0.000e+00  0.000e+00
   8115  1.57807e+00  0.000e+00  1.578e+00  0.000e+00  0.000e+00  0.000e+00  1.200e+00  3.782e-01  0.000e+00  0.000e+00
   8130  5.79902e-01  0.000e+00  5.799e-01  0.000e+00  0.000e+00  0.000e+00  6.000e-02  5.199e-01  0.000e+00  0.000e+00
   8145  4.37591e-01  0.000e+00  4.376e-01  0.000e+00  0.000e+00  0.000e+00  3.271e-01  1.105e-01  0.000e+00  0.000e+00
   8160  1.45266e-01  0.000e+00  1.453e-01  0.000e+00  0.000e+00  0.000e+00  1.078e-01  3.745e-02  0.000e+00  0.000e+00
   8175  6.08255e-01  0.000e+00  6.083e-01  0.000e+00  0.000e+00  0.000e+00  5.786e-01  2.969e-02  0.000e+00  0.000e+00
   8190  1.44518e+00  0.000e+00  1.445e+00  0.000e+00  0.000e+00  0.000e+00  1.158e+00  2.876e-01  0.000e+00  0.000e+00
   8205  7.17251e-02  0.000e+00  7.173e-02  0.000e+00  0.000e+00  0.000e+00  5.820e-02  1.353e-02  0.000e+00  0.000e+00
   8220  1.14449e-01  0.000e+00  1.144e-01  0.000e+00  0.000e+00  0.000e+00  3.989e-02  7.456e-02  0.000e+00  0.000e+00
   8235  1.42166e+00  0.000e+00  1.422e+00  0.000e+00  0.000e+00  0.000e+00  1.330e+00  9.204e-02  0.000e+00  0.000e+00
   8250  8.18029e-01  0.000e+00  8.180e-01  0.000e+00  0.000e+00  0.000e+00  2.235e-01  5.945e-01  0.000e+00  0.000e+00
   8265  2.52525e-01  0.000e+00  2.525e-01  0.000e+00  0.000e+00  0.000e+00  2.448e-01  7.698e-03  0.000e+00  0.000e+00
   8280  7.54940e-01  0.000e+00  7.549e-01  0.000e+00  0.000e+00  0.000e+00  5.040e-01  2.509e-01  0.000e+00  0.000e+00
   8295  2.95250e-01  0.000e+00  2.952e-01  0.000e+00  0.000e+00  0.000e+00  1.762e-01  1.190e-01  0.000e+00  0.000e+00
   8310  7.18527e-01  0.000e+00  7.185e-01  0.000e+00  0.000e+00  0.000e+00  5.193e-01  1.993e-01  0.000e+00  0.000e+00
   8325  4.10895e+00  0.000e+00  4.109e+00  0.000e+00  0.000e+00  0.000e+00  2.983e+00  1.126e+00  0.000e+00  0.000e+00
   8340  7.52700e-01  0.000e+00  7.527e-01  0.000e+00  0.000e+00  0.000e+00  6.193e-01  1.334e-01  0.000e+00  0.000e+00
   8355  2.52788e-01  0.000e+00  2.528e-01  0.000e+00  0.000e+00  0.000e+00  1.229e-01  1.299e-01  0.000e+00  0.000e+00
   8370  1.61727e+00  0.000e+00  1.617e+00  0.000e+00  0.000e+00  0.000e+00  1.456e+00  1.616e-01  0.000e+00  0.000e+00
   8385  1.36488e+00  0.000e+00  1.365e+00  0.000e+00  0.000e+00  0.000e+00  1.255e+00  1.098e-01  0.000e+00  0.000e+00
   8400  3.70222e-01  0.000e+00  3.702e-01  0.000e+00  0.000e+00  0.000e+00  3.700e-01  2.326e-04  0.000e+00  0.000e+00
   8415  6.07838e-01  0.000e+00  6.078e-01  0.000e+00  0.000e+00  0.000e+00  5.451e-01  6.278e-02  0.000e+00  0.000e+00
   8430  1.28705e+00  0.000e+00  1.287e+00  0.000e+00  0.000e+00  0.000e+00  1.287e+00  5.317e-04  0.000e+00  0.000e+00
   8445  1.92724e-01  0.000e+00  1.927e-01  0.000e+00  0.000e+00  0.000e+00  3.806e-02  1.547e-01  0.000e+00  0.000e+00
   8460  8.02756e-01  0.000e+00  8.028e-01  0.000e+00  0.000e+00  0.000e+00  8.026e-01  1.262e-04  0.000e+00  0.000e+00
   8475  9.59367e-02  0.000e+00  9.594e-02  0.000e+00  0.000e+00  0.000e+00  7.405e-02  2.189e-02  0.000e+00  0.000e+00
   8490  1.29623e+00  0.000e+00  1.296e+00  0.000e+00  0.000e+00  0.000e+00  1.170e+00  1.261e-01  0.000e+00  0.000e+00
   8505  2.00860e-01  0.000e+00  2.009e-01  0.000e+00  0.000e+00  0.000e+00  1.941e-01  6.793e-03  0.000e+00  0.000e+00
   8520  9.54356e-01  0.000e+00  9.544e-01  0.000e+00  0.000e+00  0.000e+00  5.034e-01  4.510e-01  0.000e+00  0.000e+00
   8535  1.76445e+00  0.000e+00  1.764e+00  0.000e+00  0.000e+00  0.000e+00  1.326e+00  4.380e-01  0.000e+00  0.000e+00
   8550  1.81953e-01  0.000e+00  1.820e-01  0.000e+00  0.000e+00  0.000e+00  1.224e-01  5.959e-02  0.000e+00  0.000e+00
   8565  8.42385e-01  0.000e+00  8.424e-01  0.000e+00  0.000e+00  0.000e+00  8.178e-01  2.457e-02  0.000e+00  0.000e+00
   8580  7.22786e-01  0.000e+00  7.228e-01  0.000e+00  0.000e+00  0.000e+00  6.253e-01  9.747e-02  0.000e+00  0.000e+00
   8595  1.20423e+00  0.000e+00  1.204e+00  0.000e+00  0.000e+00  0.000e+00  7.028e-01  5.015e-01  0.000e+00  0.000e+00
   8610  4.87660e+00  0.000e+00  4.877e+00  0.000e+00  0.000e+00  0.000e+00  4.200e+00  6.769e-01  0.000e+00  0.000e+00
   8625  2.42504e-01  0.000e+00  2.425e-01  0.000e+00  0.000e+00  0.000e+00  1.701e-01  7.241e-02  0.000e+00  0.000e+00
   8640  5.03034e-01  0.000e+00  5.030e-01  0.000e+00  0.000e+00  0.000e+00  1.208e-01  3.823e-01  0.000e+00  0.000e+00
   8655  7.71912e-01  0.000e+00  7.719e-01  0.000e+00  0.000e+00  0.000e+00  6.118e-01  1.601e-01  0.000e+00  0.000e+00
   8670  1.07046e+00  0.000e+00  1.070e+00  0.000e+00  0.000e+00  0.000e+00  4.365e-01  6.339e-01  0.000e+00  0.000e+00
   8685  4.67999e-02  0.000e+00  4.680e-02  0.000e+00  0.000e+00  0.000e+00  4.679e-02  1.196e-05  0.000e+00  0.000e+00
   8700  4.60519e-01  0.000e+00  4.605e-01  0.000e+00  0.000e+00  0.000e+00  2.477e-01  2.128e-01  0.000e+00  0.000e+00
   8715  8.62682e-01  0.000e+00  8.627e-01  0.000e+00  0.000e+00  0.000e+00  6.516e-01  2.111e-01  0.000e+00  0.000e+00
   8730  2.99936e-01  0.000e+00  2.999e-01  0.000e+00  0.000e+00  0.000e+00  3.388e-02  2.661e-01  0.000e+00  0.000e+00
   8745  4.31523e-01  0.000e+00  4.315e-01  0.000e+00  0.000e+00  0.000e+00  2.302e-01  2.013e-01  0.000e+00  0.000e+00
   8760  2.08502e+00  0.000e+00  2.085e+00  0.000e+00  0.000e+00  0.000e+00  2.058e+00  2.712e-02  0.000e+00  0.000e+00
   8775  4.91561e-01  0.000e+00  4.916e-01  0.000e+00  0.000e+00  0.000e+00  4.765e-01  1.508e-02  0.000e+00  0.000e+00
   8790  1.56145e+00  0.000e+00  1.561e+00  0.000e+00  0.000e+00  0.000e+00  1.535e+00  2.682e-02  0.000e+00  0.000e+00
   8805  2.44551e+00  0.000e+00  2.446e+00  0.000e+00  0.000e+00  0.000e+00  2.013e+00  4.330e-01  0.000e+00  0.000e+00
   8820  3.82862e-01  0.000e+00  3.829e-01  0.000e+00  0.000e+00  0.000e+00  3.579e-01  2.498e-02  0.000e+00  0.000e+00
   8835  2.22679e-01  0.000e+00  2.227e-01  0.000e+00  0.000e+00  0.000e+00  2.086e-01  1.404e-02  0.000e+00  0.000e+00
   8850  1.08013e+00  0.000e+00  1.080e+00  0.000e+00  0.000e+00  0.000e+00  6.287e-01  4.515e-01  0.000e+00  0.000e+00
   8865  1.46108e-01  0.000e+00  1.461e-01  0.000e+00  0.000e+00  0.000e+00  1.271e-01  1.897e-02  0.000e+00  0.000e+00
   8880  3.19625e+00  0.000e+00  3.196e+00  0.000e+00  0.000e+00  0.000e+00  2.508e-01  2.945e+00  0.000e+00  0.000e+00
   8895  4.82810e-01  0.000e+00  4.828e-01  0.000e+00  0.000e+00  0.000e+00  3.904e-01  9.239e-02  0.000e+00  0.000e+00
   8910  1.60322e+00  0.000e+00  1.603e+00  0.000e+00  0.000e+00  0.000e+00  1.321e+00  2.823e-01  0.000e+00  0.000e+00
   8925  6.84175e-01  0.000e+00  6.842e-01  0.000e+00  0.000e+00  0.000e+00  2.824e-01  4.018e-01  0.000e+00  0.000e+00
   8940  1.42953e+00  0.000e+00  1.430e+00  0.000e+00  0.000e+00  0.000e+00  2.646e-01  1.165e+00  0.000e+00  0.000e+00
   8955  1.07307e+00  0.000e+00  1.073e+00  0.000e+00  0.000e+00  0.000e+00  4.267e-01  6.464e-01  0.000e+00  0.000e+00
   8970  7.85458e-01  0.000e+00  7.855e-01  0.000e+00  0.000e+00  0.000e+00  7.712e-02  7.083e-01  0.000e+00  0.000e+00
   8985  8.58345e-01  0.000e+00  8.583e-01  0.000e+00  0.000e+00  0.000e+00  8.046e-01  5.376e-02  0.000e+00  0.000e+00
   9000  1.47372e+00  0.000e+00  1.474e+00  0.000e+00  0.000e+00  0.000e+00  4.328e-01  1.041e+00  0.000e+00  0.000e+00
   9015  1.47023e+00  0.000e+00  1.470e+00  0.000e+00  0.000e+00  0.000e+00  1.461e+00  9.057e-03  0.000e+00  0.000e+00
   9030  1.15918e+00  0.000e+00  1.159e+00  0.000e+00  0.000e+00  0.000e+00  1.095e-01  1.050e+00  0.000e+00  0.000e+00
   9045  4.40390e-01  0.000e+00  4.404e-01  0.000e+00  0.000e+00  0.000e+00  3.236e-01  1.167e-01  0.000e+00  0.000e+00
   9060  4.12230e-01  0.000e+00  4.122e-01  0.000e+00  0.000e+00  0.000e+00  3.551e-01  5.713e-02  0.000e+00  0.000e+00
   9075  2.29753e+00  0.000e+00  2.298e+00  0.000e+00  0.000e+00  0.000e+00  2.298e+00  5.315e-06  0.000e+00  0.000e+00
   9090  1.44181e-01  0.000e+00  1.442e-01  0.000e+00  0.000e+00  0.000e+00  9.448e-02  4.970e-02  0.000e+00  0.000e+00
   9105  2.76440e+00  0.000e+00  2.764e+00  0.000e+00  0.000e+00  0.000e+00  1.121e+00  1.644e+00  0.000e+00  0.000e+00
   9120  1.12332e+00  0.000e+00  1.123e+00  0.000e+00  0.000e+00  0.000e+00  8.018e-01  3.216e-01  0.000e+00  0.000e+00
   9135  9.81944e-01  0.000e+00  9.819e-01  0.000e+00  0.000e+00  0.000e+00  4.439e-01  5.380e-01  0.000e+00  0.000e+00
   9150  6.17134e-01  0.000e+00  6.171e-01  0.000e+00  0.000e+00  0.000e+00  6.062e-01  1.097e-02  0.000e+00  0.000e+00
   9165  1.10822e+00  0.000e+00  1.108e+00  0.000e+00  0.000e+00  0.000e+00  9.223e-01  1.859e-01  0.000e+00  0.000e+00
   9180  2.12439e-01  0.000e+00  2.124e-01  0.000e+00  0.000e+00  0.000e+00  1.261e-01  8.631e-02  0.000e+00  0.000e+00
   9195  4.88340e-01  0.000e+00  4.883e-01  0.000e+00  0.000e+00  0.000e+00  4.683e-01  2.005e-02  0.000e+00  0.000e+00
   9210  8.50449e-01  0.000e+00  8.504e-01  0.000e+00  0.000e+00  0.000e+00  1.009e-01  7.495e-01  0.000e+00  0.000e+00
   9225  3.81633e-01  0.000e+00  3.816e-01  0.000e+00  0.000e+00  0.000e+00  1.443e-01  2.373e-01  0.000e+00  0.000e+00
   9240  1.76800e+00  0.000e+00  1.768e+00  0.000e+00  0.000e+00  0.000e+00  1.730e+00  3.823e-02  0.000e+00  0.000e+00
   9255  6.04996e-01  0.000e+00  6.050e-01  0.000e+00  0.000e+00  0.000e+00  7.283e-02  5.322e-01  0.000e+00  0.000e+00
   9270  1.08049e+00  0.000e+00  1.080e+00  0.000e+00  0.000e+00  0.000e+00  6.896e-02  1.012e+00  0.000e+00  0.000e+00
   9285  7.03164e-01  0.000e+00  7.032e-01  0.000e+00  0.000e+00  0.000e+00  1.191e-01  5.841e-01  0.000e+00  0.000e+00
   9300  3.49388e-01  0.000e+00  3.494e-01  0.000e+00  0.000e+00  0.000e+00  3.388e-01  1.063e-02  0.000e+00  0.000e+00
   9315  1.39043e-01  0.000e+00  1.390e-01  0.000e+00  0.000e+00  0.000e+00  1.205e-01  1.855e-02  0.000e+00  0.000e+00
   9330  1.16513e+00  0.000e+00  1.165e+00  0.000e+00  0.000e+00  0.000e+00  1.118e+00  4.727e-02  0.000e+00  0.000e+00
   9345  1.61921e-01  0.000e+00  1.619e-01  0.000e+00  0.000e+00  0.000e+00  1.512e-01  1.075e-02  0.000e+00  0.000e+00
   9360  6.39773e-01  0.000e+00  6.398e-01  0.000e+00  0.000e+00  0.000e+00  2.219e-01  4.179e-01  0.000e+00  0.000e+00
   9375  3.00053e-01  0.000e+00  3.001e-01  0.000e+00  0.000e+00  0.000e+00  1.010e-01  1.990e-01  0.000e+00  0.000e+00
   9390  4.49989e-01  0.000e+00  4.500e-01  0.000e+00  0.000e+00  0.000e+00  4.499e-01  6.452e-05  0.000e+00  0.000e+00
   9405  5.35651e-01  0.000e+00  5.357e-01  0.000e+00  0.000e+00  0.000e+00  3.127e-01  2.229e-01  0.000e+00  0.000e+00
   9420  8.07585e-01  0.000e+00  8.076e-01  0.000e+00  0.000e+00  0.000e+00  7.148e-01  9.279e-02  0.000e+00  0.000e+00
   9435  1.99627e+00  0.000e+00  1.996e+00  0.000e+00  0.000e+00  0.000e+00  5.730e-01  1.423e+00  0.000e+00  0.000e+00
   9450  4.09045e-01  0.000e+00  4.090e-01  0.000e+00  0.000e+00  0.000e+00  1.044e-01  3.046e-01  0.000e+00  0.000e+00
   9465  1.14814e+00  0.000e+00  1.148e+00  0.000e+00  0.000e+00  0.000e+00  7.888e-01  3.593e-01  0.000e+00  0.000e+00
   9480  2.35173e+00  0.000e+00  2.352e+00  0.000e+00  0.000e+00  0.000e+00  2.147e+00  2.043e-01  0.000e+00  0.000e+00
   9495  6.96514e-01  0.000e+00  6.965e-01  0.000e+00  0.000e+00  0.000e+00  6.622e-01  3.431e-02  0.000e+00  0.000e+00
   9510  1.10276e+00  0.000e+00  1.103e+00  0.000e+00  0.000e+00  0.000e+00  5.563e-01  5.465e-01  0.000e+00  0.000e+00
   9525  1.05751e+00  0.000e+00  1.058e+00  0.000e+00  0.000e+00  0.000e+00  7.720e-01  2.856e-01  0.000e+00  0.000e+00
   9540  1.45444e+00  0.000e+00  1.454e+00  0.000e+00  0.000e+00  0.000e+00  1.180e+00  2.748e-01  0.000e+00  0.000e+00
   9555  9.62162e-01  0.000e+00  9.622e-01  0.000e+00  0.000e+00  0.000e+00  3.276e-01  6.346e-01  0.000e+00  0.000e+00
   9570  8.37740e-01  0.000e+00  8.377e-01  0.000e+00  0.000e+00  0.000e+00  5.972e-01  2.406e-01  0.000e+00  0.000e+00
   9585  2.44188e-01  0.000e+00  2.442e-01  0.000e+00  0.000e+00  0.000e+00  2.238e-01  2.035e-02  0.000e+00  0.000e+00
   9600  5.96991e-01  0.000e+00  5.970e-01  0.000e+00  0.000e+00  0.000e+00  5.959e-01  1.096e-03  0.000e+00  0.000e+00
   9615  8.56895e-01  0.000e+00  8.569e-01  0.000e+00  0.000e+00  0.000e+00  8.568e-01  5.032e-05  0.000e+00  0.000e+00
   9630  7.83902e-01  0.000e+00  7.839e-01  0.000e+00  0.000e+00  0.000e+00  4.869e-01  2.970e-01  0.000e+00  0.000e+00
   9645  1.21025e+00  0.000e+00  1.210e+00  0.000e+00  0.000e+00  0.000e+00  9.376e-01  2.727e-01  0.000e+00  0.000e+00
   9660  1.53930e+00  0.000e+00  1.539e+00  0.000e+00  0.000e+00  0.000e+00  1.302e+00  2.369e-01  0.000e+00  0.000e+00
   9675  9.60829e-01  0.000e+00  9.608e-01  0.000e+00  0.000e+00  0.000e+00  1.458e-01  8.150e-01  0.000e+00  0.000e+00
   9690  1.02505e+00  0.000e+00  1.025e+00  0.000e+00  0.000e+00  0.000e+00  5.992e-01  4.259e-01  0.000e+00  0.000e+00
   9705  5.78169e-01  0.000e+00  5.782e-01  0.000e+00  0.000e+00  0.000e+00  5.545e-01  2.365e-02  0.000e+00  0.000e+00
   9720  6.15113e-01  0.000e+00  6.151e-01  0.000e+00  0.000e+00  0.000e+00  4.208e-01  1.943e-01  0.000e+00  0.000e+00
   9735  3.53104e-02  0.000e+00  3.531e-02  0.000e+00  0.000e+00  0.000e+00  1.681e-02  1.850e-02  0.000e+00  0.000e+00
   9750  6.52690e-01  0.000e+00  6.527e-01  0.000e+00  0.000e+00  0.000e+00  5.927e-01  5.999e-02  0.000e+00  0.000e+00
   9765  1.02645e+00  0.000e+00  1.026e+00  0.000e+00  0.000e+00  0.000e+00  9.407e-01  8.571e-02  0.000e+00  0.000e+00
   9780  2.27598e+00  0.000e+00  2.276e+00  0.000e+00  0.000e+00  0.000e+00  4.955e-01  1.780e+00  0.000e+00  0.000e+00
   9795  1.74692e+00  0.000e+00  1.747e+00  0.000e+00  0.000e+00  0.000e+00  1.565e+00  1.817e-01  0.000e+00  0.000e+00
   9810  2.23818e-01  0.000e+00  2.238e-01  0.000e+00  0.000e+00  0.000e+00  1.295e-01  9.433e-02  0.000e+00  0.000e+00
   9825  2.68843e-01  0.000e+00  2.688e-01  0.000e+00  0.000e+00  0.000e+00  3.261e-02  2.362e-01  0.000e+00  0.000e+00
   9840  5.78871e-01  0.000e+00  5.789e-01  0.000e+00  0.000e+00  0.000e+00  5.056e-01  7.330e-02  0.000e+00  0.000e+00
   9855  3.07458e-01  0.000e+00  3.075e-01  0.000e+00  0.000e+00  0.000e+00  2.984e-01  9.030e-03  0.000e+00  0.000e+00
   9870  1.88476e-01  0.000e+00  1.885e-01  0.000e+00  0.000e+00  0.000e+00  1.207e-01  6.776e-02  0.000e+00  0.000e+00
   9885  4.38875e+00  0.000e+00  4.389e+00  0.000e+00  0.000e+00  0.000e+00  4.047e+00  3.415e-01  0.000e+00  0.000e+00
   9900  8.50323e-01  0.000e+00  8.503e-01  0.000e+00  0.000e+00  0.000e+00  3.333e-01  5.170e-01  0.000e+00  0.000e+00
   9915  6.81243e-01  0.000e+00  6.812e-01  0.000e+00  0.000e+00  0.000e+00  5.240e-01  1.573e-01  0.000e+00  0.000e+00
   9930  4.63678e-01  0.000e+00  4.637e-01  0.000e+00  0.000e+00  0.000e+00  1.675e-01  2.962e-01  0.000e+00  0.000e+00
   9945  2.36341e-01  0.000e+00  2.363e-01  0.000e+00  0.000e+00  0.000e+00  9.811e-02  1.382e-01  0.000e+00  0.000e+00
   9960  6.71811e-01  0.000e+00  6.718e-01  0.000e+00  0.000e+00  0.000e+00  6.571e-01  1.467e-02  0.000e+00  0.000e+00
   9975  1.68894e+00  0.000e+00  1.689e+00  0.000e+00  0.000e+00  0.000e+00  3.882e-01  1.301e+00  0.000e+00  0.000e+00
   9990  9.51631e-01  0.000e+00  9.516e-01  0.000e+00  0.000e+00  0.000e+00  5.011e-01  4.505e-01  0.000e+00  0.000e+00
