# energy [kcal/mol] of h2o_5
#  conf       e_pot  e_nonbond   e_bonded  e_boundary      e_vdw     e_elst     e_bond    e_angle     e_tors      e_oop
      0 -3.55963e+01 -4.357e+01  7.970e+00  0.000e+00  1.168e+01 -5.525e+01  3.999e+00  3.972e+00  0.000e+00  0.000e+00
     15 -3.41676e+01 -3.750e+01  3.334e+00  0.000e+00  9.876e+00 -4.738e+01  1.410e+00  1.924e+00  0.000e+00  0.000e+00
     30 -3.31703e+01 -3.863e+01  5.464e+00  0.000e+00  9.463e+00 -4.810e+01  4.565e+00  8.985e-01  0.000e+00  0.000e+00
     45 -3.52557e+01 -3.945e+01  4.196e+00  0.000e+00  8.970e+00 -4.842e+01  2.627e+00  1.569e+00  0.000e+00  0.000e+00
     60 -3.28036e+01 -3.989e+01  7.089e+00  0.000e+00  9.625e+00 -4.952e+01  4.460e+00  2.629e+00  0.000e+00  0.000e+00
     75 -2.83975e+01 -4.082e+01  1.242e+01  0.000e+00  8.483e+00 -4.931e+01  6.648e+00  5.777e+00  0.000e+00  0.000e+00
     90 -2.86191e+01 -3.889e+01  1.027e+01  0.000e+00  7.988e+00 -4.687e+01  7.236e+00  3.033e+00  0.000e+00  0.000e+00
    105 -2.87071e+01 -3.712e+01  8.412e+00  0.000e+00  7.655e+00 -4.477e+01  4.889e+00  3.524e+00  0.000e+00  0.000e+00
    120 -3.10296e+01 -3.873e+01  7.698e+00  0.000e+00  8.604e+00 -4.733e+01  6.219e+00  1.479e+00  0.000e+00  0.000e+00
    135 -3.26250e+01 -3.782e+01  5.196e+00  0.000e+00  9.538e+00 -4.736e+01  3.728e+00  1.467e+00  0.000e+00  0.000e+00
    150 -3.27166e+01 -3.723e+01  4.515e+00  0.000e+00  9.154e+00 -4.639e+01  3.782e+00  7.331e-01  0.000e+00  0.000e+00
    165 -3.30336e+01 -3.477e+01  1.731e+00  0.000e+00  8.456e+00 -4.322e+01  1.543e+00  1.883e-01  0.000e+00  0.000e+00
    180 -3.33517e+01 -3.913e+01  5.780e+00  0.000e+00  8.246e+00 -4.738e+01  4.144e+00  1.636e+00  0.000e+00  0.000e+00
    195 -3.26363e+01 -3.728e+01  4.641e+00  0.000e+00  8.084e+00 -4.536e+01  3.611e+00  1.030e+00  0.000e+00  0.000e+00
    210 -3.16641e+01 -3.867e+01  7.005e+00  0.000e+00  8.204e+00 -4.687e+01  4.734e+00  2.271e+00  0.000e+00  0.000e+00
    225 -3.20438e+01 -3.867e+01  6.626e+00  0.000e+00  9.492e+00 -4.816e+01  2.642e+00  3.984e+00  0.000e+00  0.000e+00
    240 -3.07258e+01 -3.835e+01  7.623e+00  0.000e+00  8.845e+00 -4.719e+01  5.967e+00  1.656e+00  0.000e+00  0.000e+00
    255 -3.21888e+01 -3.739e+01  5.200e+00  0.000e+00  8.808e+00 -4.620e+01  4.876e+00  3.238e-01  0.000e+00  0.000e+00
    270 -3.10678e+01 -3.773e+01  6.661e+00  0.000e+00  9.207e+00 -4.694e+01  5.186e+00  1.475e+00  0.000e+00  0.000e+00
    285 -3.09229e+01 -3.615e+01  5.226e+00  0.000e+00  9.226e+00 -4.537e+01  4.116e+00  1.110e+00  0.000e+00  0.000e+00
    300 -3.00966e+01 -3.590e+01  5.808e+00  0.000e+00  9.946e+00 -4.585e+01  4.741e+00  1.067e+00  0.000e+00  0.000e+00
    315 -2.90429e+01 -3.564e+01  6.599e+00  0.000e+00  8.894e+00 -4.454e+01  4.931e+00  1.668e+00  0.000e+00  0.000e+00
    330 -2.89356e+01 -3.490e+01  5.960e+00  0.000e+00  8.624e+00 -4.352e+01  4.590e+00  1.369e+00  0.000e+00  0.000e+00
    345 -3.04828e+01 -3.719e+01  6.707e+00  0.000e+00  7.499e+00 -4.469e+01  5.717e+00  9.899e-01  0.000e+00  0.000e+00
    360 -3.19143e+01 -3.556e+01  3.650e+00  0.000e+00  8.029e+00 -4.359e+01  3.170e+00  4.807e-01  0.000e+00  0.000e+00
    375 -3.07269e+01 -3.544e+01  4.711e+00  0.000e+00  7.856e+00 -4.329e+01  4.272e+00  4.389e-01  0.000e+00  0.000e+00
    390 -3.24297e+01 -3.661e+01  4.184e+00  0.000e+00  7.617e+00 -4.423e+01  3.030e+00  1.154e+00  0.000e+00  0.000e+00
    405 -2.95885e+01 -3.442e+01  4.829e+00  0.000e+00  8.479e+00 -4.290e+01  3.667e+00  1.163e+00  0.000e+00  0.000e+00
    420 -2.79641e+01 -3.407e+01  6.105e+00  0.000e+00  7.360e+00 -4.143e+01  4.358e+00  1.747e+00  0.000e+00  0.000e+00
    435 -2.74784e+01 -3.434e+01  6.861e+00  0.000e+00  7.693e+00 -4.203e+01  4.916e+00  1.944e+00  0.000e+00  0.000e+00
    450 -2.77335e+01 -3.365e+01  5.915e+00  0.000e+00  7.627e+00 -4.127e+01  4.572e+00  1.343e+00  0.000e+00  0.000e+00
    465 -2.63231e+01 -3.341e+01  7.086e+00  0.000e+00  7.598e+00 -4.101e+01  5.875e+00  1.210e+00  0.000e+00  0.000e+00
    480 -3.03857e+01 -3.441e+01  4.027e+00  0.000e+00  7.386e+00 -4.180e+01  3.020e+00  1.007e+00  0.000e+00  0.000e+00
    495 -2.99623e+01 -3.461e+01  4.648e+00  0.000e+00  7.746e+00 -4.236e+01  2.192e+00  2.455e+00  0.000e+00  0.000e+00
    510 -2.81692e+01 -3.541e+01  7.238e+00  0.000e+00  8.133e+00 -4.354e+01  5.774e+00  1.463e+00  0.000e+00  0.000e+00
    525 -2.88786e+01 -3.495e+01  6.068e+00  0.000e+00  8.003e+00 -4.295e+01  3.993e+00  2.075e+00  0.000e+00  0.000e+00
    540 -2.99306e+01 -3.510e+01  5.168e+00  0.000e+00  8.499e+00 -4.360e+01  2.768e+00  2.400e+00  0.000e+00  0.000e+00
    555 -3.13591e+01 -3.556e+01  4.196e+00  0.000e+00  8.679e+00 -4.423e+01  1.703e+00  2.494e+00  0.000e+00  0.000e+00
    570 -2.89634e+01 -3.752e+01  8.560e+00  0.000e+00  8.155e+00 -4.568e+01  5.914e+00  2.645e+00  0.000e+00  0.000e+00
    585 -3.03112e+01 -3.525e+01  4.935e+00  0.000e+00  8.360e+00 -4.361e+01  3.208e+00  1.727e+00  0.000e+00  0.000e+00
    600 -2.92365e+01 -3.424e+01  5.003e+00  0.000e+00  9.308e+00 -4.355e+01  3.675e+00  1.328e+00  0.000e+00  0.000e+00
    615 -2.86567e+01 -3.530e+01  6.645e+00  0.000e+00  9.440e+00 -4.474e+01  4.255e+00  2.390e+00  0.000e+00  0.000e+00
    630 -2.93713e+01 -3.440e+01  5.032e+00  0.000e+00  9.089e+00 -4.349e+01  3.507e+00  1.525e+00  0.000e+00  0.000e+00
    645 -2.76157e+01 -3.437e+01  6.750e+00  0.000e+00  8.441e+00 -4.281e+01  6.166e+00  5.837e-01  0.000e+00  0.000e+00
    660 -3.00360e+01 -3.336e+01  3.326e+00  0.000e+00  9.632e+00 -4.299e+01  2.230e+00  1.096e+00  0.000e+00  0.000e+00
    675 -2.69735e+01 -3.236e+01  5.385e+00  0.000e+00  1.038e+01 -4.274e+01  4.737e+00  6.471e-01  0.000e+00  0.000e+00
    690 -2.74147e+01 -3.254e+01  5.126e+00  0.000e+00  9.632e+00 -4.217e+01  2.433e+00  2.693e+00  0.000e+00  0.000e+00
    705 -2.80579e+01 -3.432e+01  6.261e+00  0.000e+00  1.046e+01 -4.477e+01  2.985e+00  3.275e+00  0.000e+00  0.000e+00
    720 -2.85787e+01 -3.417e+01  5.594e+00  0.000e+00  1.045e+01 -4.463e+01  2.686e+00  2.908e+00  0.000e+00  0.000e+00
    735 -2.93554e+01 -3.514e+01  5.782e+00  0.000e+00  9.666e+00 -4.480e+01  2.985e+00  2.797e+00  0.000e+00  0.000e+00
    750 -2.93602e+01 -3.617e+01  6.811e+00  0.000e+00  1.069e+01 -4.687e+01  2.528e+00  4.283e+00  0.000e+00  0.000e+00
    765 -2.84507e+01 -3.532e+01  6.873e+00  0.000e+00  1.057e+01 -4.589e+01  3.034e+00  3.839e+00  0.000e+00  0.000e+00
    780 -2.88579e+01 -3.739e+01  8.534e+00  0.000e+00  1.107e+01 -4.847e+01  3.101e+00  5.434e+00  0.000e+00  0.000e+00
    795 -2.56953e+01 -3.371e+01  8.016e+00  0.000e+00  1.233e+01 -4.604e+01  4.723e+00  3.293e+00  0.000e+00  0.000e+00
    810 -2.60906e+01 -3.287e+01  6.775e+00  0.000e+00  1.249e+01 -4.536e+01  3.987e+00  2.789e+00  0.000e+00  0.000e+00
    825 -2.30188e+01 -3.490e+01  1.188e+01  0.000e+00  1.106e+01 -4.596e+01  8.115e+00  3.767e+00  0.000e+00  0.000e+00
    840 -2.63942e+01 -3.423e+01  7.838e+00  0.000e+00  1.123e+01 -4.546e+01  5.288e+00  2.549e+00  0.000e+00  0.000e+00
    855 -2.67940e+01 -3.401e+01  7.216e+00  0.000e+00  1.312e+01 -4.712e+01  2.539e+00  4.677e+00  0.000e+00  0.000e+00
    870 -2.69833e+01 -3.370e+01  6.716e+00  0.000e+00  1.356e+01 -4.726e+01  3.127e+00  3.589e+00  0.000e+00  0.000e+00
    885 -2.66738e+01 -3.423e+01  7.561e+00  0.000e+00  1.311e+01 -4.735e+01  3.692e+00  3.870e+00  0.000e+00  0.000e+00
    900 -2.64884e+01 -3.500e+01  8.509e+00  0.000e+00  1.233e+01 -4.733e+01  3.978e+00  4.531e+00  0.000e+00  0.000e+00
    915 -2.71639e+01 -3.627e+01  9.105e+00  0.000e+00  1.306e+01 -4.933e+01  6.449e+00  2.656e+00  0.000e+00  0.000e+00
    930 -2.54738e+01 -3.536e+01  9.881e+00  0.000e+00  1.302e+01 -4.837e+01  6.899e+00  2.983e+00  0.000e+00  0.000e+00
    945 -2.81343e+01 -3.501e+01  6.881e+00  0.000e+00  1.245e+01 -4.747e+01  5.353e+00  1.527e+00  0.000e+00  0.000e+00
    960 -2.58192e+01 -3.165e+01  5.828e+00  0.000e+00  1.484e+01 -4.649e+01  4.081e+00  1.747e+00  0.000e+00  0.000e+00
    975 -2.60151e+01 -3.083e+01  4.814e+00  0.000e+00  1.445e+01 -4.528e+01  2.861e+00  1.953e+00  0.000e+00  0.000e+00
    990 -2.65394e+01 -3.412e+01  7.579e+00  0.000e+00  1.311e+01 -4.723e+01  5.137e+00  2.443e+00  0.000e+00  0.000e+00
   1005 -2.59505e+01 -3.473e+01  8.784e+00  0.000e+00  1.213e+01 -4.687e+01  5.694e+00  3.090e+00  0.000e+00  0.000e+00
   1020 -2.85583e+01 -3.487e+01  6.310e+00  0.000e+00  1.239e+01 -4.726e+01  5.544e+00  7.664e-01  0.000e+00  0.000e+00
   1035 -2.84915e+01 -3.634e+01  7.844e+00  0.000e+00  1.302e+01 -4.936e+01  4.628e+00  3.216e+00  0.000e+00  0.000e+00
   1050 -2.91626e+01 -3.566e+01  6.493e+00  0.000e+00  1.331e+01 -4.896e+01  3.307e+00  3.185e+00  0.000e+00  0.000e+00
   1065 -2.56147e+01 -3.905e+01  1.343e+01  0.000e+00  1.329e+01 -5.234e+01  1.007e+01  3.360e+00  0.000e+00  0.000e+00
   1080 -2.76922e+01 -3.507e+01  7.375e+00  0.000e+00  1.306e+01 -4.813e+01  5.737e+00  1.638e+00  0.000e+00  0.000e+00
   1095 -2.77604e+01 -3.726e+01  9.496e+00  0.000e+00  1.274e+01 -5.000e+01  6.788e+00  2.707e+00  0.000e+00  0.000e+00
   1110 -2.70191e+01 -3.837e+01  1.136e+01  0.000e+00  1.215e+01 -5.053e+01  8.022e+00  3.333e+00  0.000e+00  0.000e+00
   1125 -2.93369e+01 -3.777e+01  8.437e+00  0.000e+00  1.293e+01 -5.070e+01  5.839e+00  2.597e+00  0.000e+00  0.000e+00
   1140 -2.61720e+01 -3.728e+01  1.111e+01  0.000e+00  1.274e+01 -5.002e+01  6.315e+00  4.797e+00  0.000e+00  0.000e+00
   1155 -3.12770e+01 -3.519e+01  3.917e+00  0.000e+00  1.404e+01 -4.924e+01  2.913e+00  1.004e+00  0.000e+00  0.000e+00
   1170 -2.93820e+01 -3.561e+01  6.231e+00  0.000e+00  1.423e+01 -4.985e+01  3.161e+00  3.071e+00  0.000e+00  0.000e+00
   1185 -2.79582e+01 -3.964e+01  1.168e+01  0.000e+00  1.281e+01 -5.245e+01  6.406e+00  5.278e+00  0.000e+00  0.000e+00
   1200 -2.87168e+01 -3.968e+01  1.097e+01  0.000e+00  1.316e+01 -5.284e+01  6.920e+00  4.046e+00  0.000e+00  0.000e+00
   1215 -2.88067e+01 -3.960e+01  1.079e+01  0.000e+00  1.508e+01 -5.468e+01  6.591e+00  4.203e+00  0.000e+00  0.000e+00
   1230 -3.02795e+01 -3.606e+01  5.783e+00  0.000e+00  1.449e+01 -5.055e+01  4.487e+00  1.296e+00  0.000e+00  0.000e+00
   1245 -3.04770e+01 -3.786e+01  7.380e+00  0.000e+00  1.550e+01 -5.336e+01  6.026e+00  1.354e+00  0.000e+00  0.000e+00
   1260 -2.99675e+01 -3.367e+01  3.698e+00  0.000e+00  1.578e+01 -4.945e+01  2.588e+00  1.110e+00  0.000e+00  0.000e+00
   1275 -2.70004e+01 -3.323e+01  6.226e+00  0.000e+00  1.521e+01 -4.844e+01  2.378e+00  3.848e+00  0.000e+00  0.000e+00
   1290 -2.87295e+01 -3.442e+01  5.689e+00  0.000e+00  1.558e+01 -5.000e+01  2.878e+00  2.811e+00  0.000e+00  0.000e+00
   1305 -2.86191e+01 -3.469e+01  6.070e+00  0.000e+00  1.538e+01 -5.007e+01  2.120e+00  3.950e+00  0.000e+00  0.000e+00
   1320 -2.97392e+01 -3.293e+01  3.187e+00  0.000e+00  1.459e+01 -4.752e+01  1.332e+00  1.855e+00  0.000e+00  0.000e+00
   1335 -2.78103e+01 -3.237e+01  4.558e+00  0.000e+00  1.372e+01 -4.609e+01  2.872e+00  1.686e+00  0.000e+00  0.000e+00
   1350 -2.78994e+01 -3.493e+01  7.032e+00  0.000e+00  1.200e+01 -4.694e+01  5.209e+00  1.824e+00  0.000e+00  0.000e+00
   1365 -2.72908e+01 -3.552e+01  8.232e+00  0.000e+00  1.119e+01 -4.671e+01  4.924e+00  3.308e+00  0.000e+00  0.000e+00
   1380 -2.76306e+01 -3.603e+01  8.400e+00  0.000e+00  1.059e+01 -4.662e+01  6.447e+00  1.953e+00  0.000e+00  0.000e+00
   1395 -2.57082e+01 -3.337e+01  7.664e+00  0.000e+00  1.154e+01 -4.492e+01  3.103e+00  4.561e+00  0.000e+00  0.000e+00
   1410 -2.66164e+01 -3.268e+01  6.061e+00  0.000e+00  1.101e+01 -4.369e+01  3.379e+00  2.682e+00  0.000e+00  0.000e+00
   1425 -2.90359e+01 -3.461e+01  5.577e+00  0.000e+00  1.025e+01 -4.487e+01  4.372e+00  1.205e+00  0.000e+00  0.000e+00
   1440 -2.83344e+01 -3.353e+01  5.197e+00  0.000e+00  9.966e+00 -4.350e+01  2.613e+00  2.584e+00  0.000e+00  0.000e+00
   1455 -2.61260e+01 -3.600e+01  9.876e+00  0.000e+00  9.635e+00 -4.564e+01  7.392e+00  2.484e+00  0.000e+00  0.000e+00
   1470 -2.40902e+01 -3.722e+01  1.313e+01  0.000e+00  8.743e+00 -4.596e+01  1.117e+01  1.959e+00  0.000e+00  0.000e+00
   1485 -2.69754e+01 -3.470e+01  7.728e+00  0.000e+00  8.863e+00 -4.357e+01  5.642e+00  2.086e+00  0.000e+00  0.000e+00
   1500 -2.75871e+01 -3.724e+01  9.657e+00  0.000e+00  8.574e+00 -4.582e+01  6.961e+00  2.696e+00  0.000e+00  0.000e+00
   1515 -2.83380e+01 -3.683e+01  8.488e+00  0.000e+00  9.625e+00 -4.645e+01  4.562e+00  3.926e+00  0.000e+00  0.000e+00
   1530 -2.89561e+01 -3.483e+01  5.876e+00  0.000e+00  9.392e+00 -4.422e+01  2.427e+00  3.449e+00  0.000e+00  0.000e+00
   1545 -2.93031e+01 -3.481e+01  5.506e+00  0.000e+00  9.239e+00 -4.405e+01  3.303e+00  2.202e+00  0.000e+00  0.000e+00
   1560 -2.81743e+01 -3.493e+01  6.753e+00  0.000e+00  1.047e+01 -4.540e+01  2.689e+00  4.064e+00  0.000e+00  0.000e+00
   1575 -2.74086e+01 -3.758e+01  1.017e+01  0.000e+00  1.059e+01 -4.817e+01  4.923e+00  5.245e+00  0.000e+00  0.000e+00
   1590 -2.91124e+01 -3.463e+01  5.515e+00  0.000e+00  1.217e+01 -4.679e+01  2.222e+00  3.293e+00  0.000e+00  0.000e+00
   1605 -2.88632e+01 -3.361e+01  4.743e+00  0.000e+00  1.182e+01 -4.542e+01  2.929e+00  1.815e+00  0.000e+00  0.000e+00
   1620 -2.67043e+01 -3.389e+01  7.185e+00  0.000e+00  1.209e+01 -4.598e+01  2.679e+00  4.506e+00  0.000e+00  0.000e+00
   1635 -2.88609e+01 -3.594e+01  7.084e+00  0.000e+00  1.214e+01 -4.809e+01  5.176e+00  1.908e+00  0.000e+00  0.000e+00
   1650 -2.76439e+01 -3.228e+01  4.639e+00  0.000e+00  1.228e+01 -4.456e+01  3.053e+00  1.586e+00  0.000e+00  0.000e+00
   1665 -2.52297e+01 -3.563e+01  1.040e+01  0.000e+00  1.073e+01 -4.636e+01  7.547e+00  2.851e+00  0.000e+00  0.000e+00
   1680 -2.84788e+01 -3.676e+01  8.278e+00  0.000e+00  1.001e+01 -4.677e+01  7.103e+00  1.175e+00  0.000e+00  0.000e+00
   1695 -2.91177e+01 -3.602e+01  6.898e+00  0.000e+00  9.469e+00 -4.548e+01  3.061e+00  3.837e+00  0.000e+00  0.000e+00
   1710 -2.25393e+01 -3.969e+01  1.715e+01  0.000e+00  8.714e+00 -4.840e+01  1.096e+01  6.190e+00  0.000e+00  0.000e+00
   1725 -2.27164e+01 -3.639e+01  1.367e+01  0.000e+00  8.626e+00 -4.501e+01  7.748e+00  5.922e+00  0.000e+00  0.000e+00
   1740 -2.78754e+01 -3.410e+01  6.222e+00  0.000e+00  1.052e+01 -4.462e+01  3.098e+00  3.124e+00  0.000e+00  0.000e+00
   1755 -2.77569e+01 -3.589e+01  8.131e+00  0.000e+00  9.862e+00 -4.575e+01  4.666e+00  3.464e+00  0.000e+00  0.000e+00
   1770 -2.99720e+01 -3.519e+01  5.214e+00  0.000e+00  9.643e+00 -4.483e+01  4.359e+00  8.550e-01  0.000e+00  0.000e+00
   1785 -3.16488e+01 -3.592e+01  4.273e+00  0.000e+00  8.552e+00 -4.447e+01  3.264e+00  1.009e+00  0.000e+00  0.000e+00
   1800 -3.09045e+01 -3.595e+01  5.041e+00  0.000e+00  9.679e+00 -4.562e+01  3.576e+00  1.465e+00  0.000e+00  0.000e+00
   1815 -2.84265e+01 -3.548e+01  7.057e+00  0.000e+00  9.246e+00 -4.473e+01  4.254e+00  2.803e+00  0.000e+00  0.000e+00
   1830 -2.57397e+01 -3.778e+01  1.204e+01  0.000e+00  7.690e+00 -4.547e+01  7.016e+00  5.025e+00  0.000e+00  0.000e+00
   1845 -2.38463e+01 -3.856e+01  1.472e+01  0.000e+00  7.553e+00 -4.612e+01  1.107e+01  3.647e+00  0.000e+00  0.000e+00
   1860 -2.60915e+01 -3.651e+01  1.042e+01  0.000e+00  7.907e+00 -4.442e+01  7.152e+00  3.266e+00  0.000e+00  0.000e+00
   1875 -2.80800e+01 -3.755e+01  9.474e+00  0.000e+00  7.725e+00 -4.528e+01  4.780e+00  4.693e+00  0.000e+00  0.000e+00
   1890 -2.94864e+01 -3.513e+01  5.642e+00  0.000e+00  7.462e+00 -4.259e+01  4.457e+00  1.185e+00  0.000e+00  0.000e+00
   1905 -3.00927e+01 -3.592e+01  5.825e+00  0.000e+00  8.048e+00 -4.397e+01  4.331e+00  1.494e+00  0.000e+00  0.000e+00
   1920 -2.90662e+01 -3.351e+01  4.440e+00  0.000e+00  8.119e+00 -4.163e+01  3.847e+00  5.935e-01  0.000e+00  0.000e+00
   1935 -3.05277e+01 -3.573e+01  5.198e+00  0.000e+00  7.141e+00 -4.287e+01  4.479e+00  7.186e-01  0.000e+00  0.000e+00
   1950 -2.97154e+01 -3.650e+01  6.784e+00  0.000e+00  7.451e+00 -4.395e+01  4.127e+00  2.657e+00  0.000e+00  0.000e+00
   1965 -3.18561e+01 -3.551e+01  3.651e+00  0.000e+00  7.469e+00 -4.298e+01  2.486e+00  1.165e+00  0.000e+00  0.000e+00
   1980 -3.10546e+01 -3.895e+01  7.897e+00  0.000e+00  7.778e+00 -4.673e+01  5.295e+00  2.602e+00  0.000e+00  0.000e+00
   1995 -3.20698e+01 -3.778e+01  5.706e+00  0.000e+00  8.052e+00 -4.583e+01  2.805e+00  2.902e+00  0.000e+00  0.000e+00
   2010 -3.12230e+01 -3.682e+01  5.595e+00  0.000e+00  8.548e+00 -4.537e+01  7.760e-01  4.819e+00  0.000e+00  0.000e+00
   2025 -3.14563e+01 -3.860e+01  7.144e+00  0.000e+00  8.366e+00 -4.697e+01  1.993e+00  5.150e+00  0.000e+00  0.000e+00
   2040 -3.07388e+01 -3.658e+01  5.843e+00  0.000e+00  8.783e+00 -4.536e+01  9.328e-01  4.910e+00  0.000e+00  0.000e+00
   2055 -3.30570e+01 -3.772e+01  4.658e+00  0.000e+00  9.036e+00 -4.675e+01  1.296e+00  3.362e+00  0.000e+00  0.000e+00
   2070 -3.23661e+01 -3.686e+01  4.492e+00  0.000e+00  9.206e+00 -4.606e+01  1.803e+00  2.689e+00  0.000e+00  0.000e+00
   2085 -2.95455e+01 -3.376e+01  4.215e+00  0.000e+00  1.137e+01 -4.513e+01  2.384e+00  1.832e+00  0.000e+00  0.000e+00
   2100 -3.20989e+01 -3.557e+01  3.468e+00  0.000e+00  1.100e+01 -4.657e+01  3.137e+00  3.302e-01  0.000e+00  0.000e+00
   2115 -3.13053e+01 -3.609e+01  4.787e+00  0.000e+00  1.010e+01 -4.619e+01  2.759e+00  2.028e+00  0.000e+00  0.000e+00
   2130 -2.53529e+01 -3.483e+01  9.474e+00  0.000e+00  9.950e+00 -4.478e+01  6.414e+00  3.060e+00  0.000e+00  0.000e+00
   2145 -2.92088e+01 -3.320e+01  3.986e+00  0.000e+00  1.005e+01 -4.325e+01  1.756e+00  2.230e+00  0.000e+00  0.000e+00
   2160 -2.93660e+01 -3.601e+01  6.643e+00  0.000e+00  9.776e+00 -4.578e+01  3.814e+00  2.828e+00  0.000e+00  0.000e+00
   2175 -3.16951e+01 -3.588e+01  4.181e+00  0.000e+00  9.272e+00 -4.515e+01  3.555e+00  6.256e-01  0.000e+00  0.000e+00
   2190 -3.13012e+01 -3.451e+01  3.209e+00  0.000e+00  9.950e+00 -4.446e+01  2.431e+00  7.777e-01  0.000e+00  0.000e+00
   2205 -2.95937e+01 -3.582e+01  6.228e+00  0.000e+00  1.004e+01 -4.586e+01  4.950e+00  1.277e+00  0.000e+00  0.000e+00
   2220 -2.98496e+01 -3.328e+01  3.430e+00  0.000e+00  9.082e+00 -4.236e+01  2.346e+00  1.084e+00  0.000e+00  0.000e+00
   2235 -2.74468e+01 -3.748e+01  1.004e+01  0.000e+00  9.068e+00 -4.655e+01  8.605e+00  1.432e+00  0.000e+00  0.000e+00
   2250 -2.87037e+01 -3.828e+01  9.574e+00  0.000e+00  9.242e+00 -4.752e+01  8.350e+00  1.224e+00  0.000e+00  0.000e+00
   2265 -2.95114e+01 -3.966e+01  1.015e+01  0.000e+00  8.987e+00 -4.864e+01  8.569e+00  1.576e+00  0.000e+00  0.000e+00
   2280 -3.02334e+01 -3.737e+01  7.134e+00  0.000e+00  9.924e+00 -4.729e+01  5.011e+00  2.123e+00  0.000e+00  0.000e+00
   2295 -2.95615e+01 -3.609e+01  6.526e+00  0.000e+00  1.037e+01 -4.646e+01  5.629e+00  8.975e-01  0.000e+00  0.000e+00
   2310 -2.87287e+01 -3.611e+01  7.386e+00  0.000e+00  9.516e+00 -4.563e+01  6.841e+00  5.450e-01  0.000e+00  0.000e+00
   2325 -3.02459e+01 -3.468e+01  4.432e+00  0.000e+00  1.062e+01 -4.530e+01  3.553e+00  8.786e-01  0.000e+00  0.000e+00
   2340 -3.27266e+01 -3.630e+01  3.571e+00  0.000e+00  1.043e+01 -4.673e+01  3.026e+00  5.448e-01  0.000e+00  0.000e+00
   2355 -3.15159e+01 -3.473e+01  3.216e+00  0.000e+00  1.088e+01 -4.561e+01  2.811e+00  4.048e-01  0.000e+00  0.000e+00
   2370 -2.75953e+01 -3.735e+01  9.757e+00  0.000e+00  1.189e+01 -4.925e+01  8.672e+00  1.085e+00  0.000e+00  0.000e+00
   2385 -3.00705e+01 -3.604e+01  5.972e+00  0.000e+00  9.637e+00 -4.568e+01  3.923e+00  2.048e+00  0.000e+00  0.000e+00
   2400 -2.91162e+01 -3.861e+01  9.496e+00  0.000e+00  9.722e+00 -4.833e+01  6.680e+00  2.816e+00  0.000e+00  0.000e+00
   2415 -2.84447e+01 -3.789e+01  9.444e+00  0.000e+00  1.033e+01 -4.822e+01  8.584e+00  8.596e-01  0.000e+00  0.000e+00
   2430 -2.75094e+01 -3.363e+01  6.123e+00  0.000e+00  1.078e+01 -4.441e+01  3.568e+00  2.555e+00  0.000e+00  0.000e+00
   2445 -2.61670e+01 -3.586e+01  9.695e+00  0.000e+00  1.107e+01 -4.693e+01  6.411e+00  3.284e+00  0.000e+00  0.000e+00
   2460 -2.97465e+01 -3.557e+01  5.822e+00  0.000e+00  9.276e+00 -4.484e+01  5.209e+00  6.129e-01  0.000e+00  0.000e+00
   2475 -2.80909e+01 -3.310e+01  5.004e+00  0.000e+00  9.396e+00 -4.249e+01  4.543e+00  4.611e-01  0.000e+00  0.000e+00
   2490 -2.86565e+01 -3.700e+01  8.345e+00  0.000e+00  1.002e+01 -4.702e+01  6.093e+00  2.252e+00  0.000e+00  0.000e+00
   2505 -3.15047e+01 -3.599e+01  4.482e+00  0.000e+00  9.267e+00 -4.525e+01  2.645e+00  1.838e+00  0.000e+00  0.000e+00
   2520 -3.08866e+01 -3.495e+01  4.064e+00  0.000e+00  9.271e+00 -4.422e+01  2.449e+00  1.615e+00  0.000e+00  0.000e+00
   2535 -2.94614e+01 -3.280e+01  3.340e+00  0.000e+00  9.653e+00 -4.245e+01  1.710e+00  1.630e+00  0.000e+00  0.000e+00
   2550 -2.84170e+01 -3.314e+01  4.720e+00  0.000e+00  9.169e+00 -4.231e+01  2.178e+00  2.542e+00  0.000e+00  0.000e+00
   2565 -2.98595e+01 -3.612e+01  6.264e+00  0.000e+00  8.465e+00 -4.459e+01  4.804e+00  1.460e+00  0.000e+00  0.000e+00
   2580 -2.79084e+01 -3.576e+01  7.847e+00  0.000e+00  8.763e+00 -4.452e+01  6.570e+00  1.277e+00  0.000e+00  0.000e+00
   2595 -2.95675e+01 -3.318e+01  3.617e+00  0.000e+00  9.952e+00 -4.314e+01  2.967e+00  6.493e-01  0.000e+00  0.000e+00
   2610 -2.94233e+01 -3.309e+01  3.667e+00  0.000e+00  9.716e+00 -4.281e+01  2.853e+00  8.135e-01  0.000e+00  0.000e+00
   2625 -2.79275e+01 -3.562e+01  7.697e+00  0.000e+00  1.018e+01 -4.580e+01  5.248e+00  2.449e+00  0.000e+00  0.000e+00
   2640 -2.86035e+01 -3.553e+01  6.929e+00  0.000e+00  1.022e+01 -4.575e+01  5.714e+00  1.215e+00  0.000e+00  0.000e+00
   2655 -3.11617e+01 -3.394e+01  2.776e+00  0.000e+00  8.645e+00 -4.258e+01  1.976e+00  7.998e-01  0.000e+00  0.000e+00
   2670 -3.27848e+01 -3.608e+01  3.292e+00  0.000e+00  8.540e+00 -4.462e+01  2.070e+00  1.222e+00  0.000e+00  0.000e+00
   2685 -3.14834e+01 -3.540e+01  3.917e+00  0.000e+00  9.475e+00 -4.488e+01  2.858e+00  1.059e+00  0.000e+00  0.000e+00
   2700 -3.05411e+01 -3.443e+01  3.886e+00  0.000e+00  8.396e+00 -4.282e+01  3.804e+00  8.192e-02  0.000e+00  0.000e+00
   2715 -2.86044e+01 -3.377e+01  5.161e+00  0.000e+00  8.555e+00 -4.232e+01  4.972e+00  1.885e-01  0.000e+00  0.000e+00
   2730 -2.97352e+01 -3.423e+01  4.499e+00  0.000e+00  9.951e+00 -4.419e+01  2.834e+00  1.665e+00  0.000e+00  0.000e+00
   2745 -2.83742e+01 -3.370e+01  5.321e+00  0.000e+00  9.858e+00 -4.355e+01  2.845e+00  2.476e+00  0.000e+00  0.000e+00
   2760 -2.62961e+01 -3.242e+01  6.124e+00  0.000e+00  1.004e+01 -4.246e+01  4.040e+00  2.083e+00  0.000e+00  0.000e+00
   2775 -2.47180e+01 -3.267e+01  7.950e+00  0.000e+00  1.035e+01 -4.302e+01  5.277e+00  2.673e+00  0.000e+00  0.000e+00
   2790 -2.84453e+01 -3.274e+01  4.291e+00  0.000e+00  9.268e+00 -4.200e+01  3.470e+00  8.215e-01  0.000e+00  0.000e+00
   2805 -2.68996e+01 -3.342e+01  6.516e+00  0.000e+00  9.507e+00 -4.292e+01  4.434e+00  2.081e+00  0.000e+00  0.000e+00
   2820 -2.99329e+01 -3.610e+01  6.162e+00  0.000e+00  8.412e+00 -4.451e+01  4.023e+00  2.139e+00  0.000e+00  0.000e+00
   2835 -3.03411e+01 -3.526e+01  4.918e+00  0.000e+00  8.558e+00 -4.382e+01  3.651e+00  1.267e+00  0.000e+00  0.000e+00
   2850 -2.87017e+01 -3.553e+01  6.825e+00  0.000e+00  8.696e+00 -4.422e+01  5.222e+00  1.603e+00  0.000e+00  0.000e+00
   2865 -3.06183e+01 -3.353e+01  2.910e+00  0.000e+00  8.177e+00 -4.171e+01  1.279e+00  1.631e+00  0.000e+00  0.000e+00
   2880 -2.84293e+01 -3.357e+01  5.143e+00  0.000e+00  8.880e+00 -4.245e+01  3.855e+00  1.287e+00  0.000e+00  0.000e+00
   2895 -3.04538e+01 -3.240e+01  1.943e+00  0.000e+00  8.258e+00 -4.065e+01  1.142e+00  8.012e-01  0.000e+00  0.000e+00
   2910 -2.84333e+01 -3.226e+01  3.831e+00  0.000e+00  7.987e+00 -4.025e+01  3.307e+00  5.245e-01  0.000e+00  0.000e+00
   2925 -2.72921e+01 -3.554e+01  8.251e+00  0.000e+00  7.861e+00 -4.340e+01  6.858e+00  1.393e+00  0.000e+00  0.000e+00
   2940 -2.99158e+01 -3.599e+01  6.071e+00  0.000e+00  8.187e+00 -4.417e+01  3.159e+00  2.913e+00  0.000e+00  0.000e+00
   2955 -2.82268e+01 -3.545e+01  7.225e+00  0.000e+00  7.933e+00 -4.338e+01  4.789e+00  2.437e+00  0.000e+00  0.000e+00
   2970 -2.91784e+01 -3.136e+01  2.182e+00  0.000e+00  8.461e+00 -3.982e+01  1.312e+00  8.701e-01  0.000e+00  0.000e+00
   2985 -2.95109e+01 -3.368e+01  4.169e+00  0.000e+00  8.794e+00 -4.247e+01  3.941e+00  2.282e-01  0.000e+00  0.000e+00
   3000 -3.00494e+01 -3.411e+01  4.064e+00  0.000e+00  8.432e+00 -4.255e+01  2.740e+00  1.324e+00  0.000e+00  0.000e+00
   3015 -2.84258e+01 -3.547e+01  7.039e+00  0.000e+00  9.008e+00 -4.447e+01  4.096e+00  2.943e+00  0.000e+00  0.000e+00
   3030 -2.78000e+01 -3.432e+01  6.524e+00  0.000e+00  9.425e+00 -4.375e+01  5.362e+00  1.162e+00  0.000e+00  0.000e+00
   3045 -2.65237e+01 -3.298e+01  6.458e+00  0.000e+00  7.749e+00 -4.073e+01  3.736e+00  2.722e+00  0.000e+00  0.000e+00
   3060 -2.71160e+01 -3.453e+01  7.412e+00  0.000e+00  7.557e+00 -4.208e+01  4.650e+00  2.762e+00  0.000e+00  0.000e+00
   3075 -2.67303e+01 -3.525e+01  8.518e+00  0.000e+00  7.737e+00 -4.299e+01  6.707e+00  1.811e+00  0.000e+00  0.000e+00
   3090 -2.75726e+01 -3.599e+01  8.421e+00  0.000e+00  8.160e+00 -4.415e+01  6.262e+00  2.159e+00  0.000e+00  0.000e+00
   3105 -2.90996e+01 -3.609e+01  6.990e+00  0.000e+00  7.493e+00 -4.358e+01  4.602e+00  2.388e+00  0.000e+00  0.000e+00
   3120 -3.20255e+01 -3.656e+01  4.538e+00  0.000e+00  7.033e+00 -4.360e+01  3.239e+00  1.299e+00  0.000e+00  0.000e+00
   3135 -3.09608e+01 -3.582e+01  4.859e+00  0.000e+00  7.195e+00 -4.301e+01  3.411e+00  1.447e+00  0.000e+00  0.000e+00
   3150 -3.30061e+01 -3.614e+01  3.139e+00  0.000e+00  6.305e+00 -4.245e+01  2.204e+00  9.352e-01  0.000e+00  0.000e+00
   3165 -3.31092e+01 -3.505e+01  1.938e+00  0.000e+00  6.137e+00 -4.118e+01  1.573e+00  3.653e-01  0.000e+00  0.000e+00
   3180 -2.89481e+01 -3.505e+01  6.107e+00  0.000e+00  5.588e+00 -4.064e+01  3.789e+00  2.318e+00  0.000e+00  0.000e+00
   3195 -2.95159e+01 -3.529e+01  5.778e+00  0.000e+00  6.170e+00 -4.146e+01  4.473e+00  1.305e+00  0.000e+00  0.000e+00
   3210 -3.18850e+01 -3.618e+01  4.298e+00  0.000e+00  6.372e+00 -4.255e+01  3.797e+00  5.014e-01  0.000e+00  0.000e+00
   3225 -3.18110e+01 -3.672e+01  4.910e+00  0.000e+00  5.595e+00 -4.232e+01  3.850e+00  1.060e+00  0.000e+00  0.000e+00
   3240 -3.16459e+01 -3.481e+01  3.165e+00  0.000e+00  6.206e+00 -4.102e+01  1.678e+00  1.486e+00  0.000e+00  0.000e+00
   3255 -3.03075e+01 -3.572e+01  5.413e+00  0.000e+00  7.091e+00 -4.281e+01  3.834e+00  1.579e+00  0.000e+00  0.000e+00
   3270 -3.10386e+01 -3.568e+01  4.641e+00  0.000e+00  7.441e+00 -4.312e+01  2.838e+00  1.803e+00  0.000e+00  0.000e+00
   3285 -3.07167e+01 -3.487e+01  4.152e+00  0.000e+00  6.828e+00 -4.170e+01  2.163e+00  1.989e+00  0.000e+00  0.000e+00
   3300 -2.82231e+01 -3.532e+01  7.098e+00  0.000e+00  7.237e+00 -4.256e+01  2.715e+00  4.383e+00  0.000e+00  0.000e+00
   3315 -2.97160e+01 -3.684e+01  7.125e+00  0.000e+00  6.901e+00 -4.374e+01  4.232e+00  2.893e+00  0.000e+00  0.000e+00
   3330 -3.12062e+01 -3.735e+01  6.142e+00  0.000e+00  6.922e+00 -4.427e+01  5.085e+00  1.057e+00  0.000e+00  0.000e+00
   3345 -3.09733e+01 -3.686e+01  5.889e+00  0.000e+00  7.235e+00 -4.410e+01  4.967e+00  9.225e-01  0.000e+00  0.000e+00
   3360 -3.20143e+01 -3.713e+01  5.119e+00  0.000e+00  8.269e+00 -4.540e+01  4.071e+00  1.047e+00  0.000e+00  0.000e+00
   3375 -3.00239e+01 -3.657e+01  6.543e+00  0.000e+00  8.449e+00 -4.502e+01  5.427e+00  1.116e+00  0.000e+00  0.000e+00
   3390 -2.89094e+01 -3.373e+01  4.818e+00  0.000e+00  8.473e+00 -4.220e+01  4.649e+00  1.692e-01  0.000e+00  0.000e+00
   3405 -2.83093e+01 -3.405e+01  5.738e+00  0.000e+00  8.855e+00 -4.290e+01  3.393e+00  2.344e+00  0.000e+00  0.000e+00
   3420 -3.03384e+01 -3.394e+01  3.599e+00  0.000e+00  7.838e+00 -4.178e+01  1.602e+00  1.997e+00  0.000e+00  0.000e+00
   3435 -3.08357e+01 -3.631e+01  5.473e+00  0.000e+00  7.471e+00 -4.378e+01  3.997e+00  1.475e+00  0.000e+00  0.000e+00
   3450 -3.24032e+01 -3.737e+01  4.966e+00  0.000e+00  9.109e+00 -4.648e+01  3.478e+00  1.488e+00  0.000e+00  0.000e+00
   3465 -3.00779e+01 -3.618e+01  6.100e+00  0.000e+00  9.950e+00 -4.613e+01  2.790e+00  3.311e+00  0.000e+00  0.000e+00
   3480 -2.93450e+01 -3.681e+01  7.464e+00  0.000e+00  8.193e+00 -4.500e+01  3.944e+00  3.521e+00  0.000e+00  0.000e+00
   3495 -2.62680e+01 -3.771e+01  1.144e+01  0.000e+00  8.146e+00 -4.585e+01  7.905e+00  3.532e+00  0.000e+00  0.000e+00
   3510 -3.03583e+01 -3.734e+01  6.983e+00  0.000e+00  9.175e+00 -4.652e+01  4.991e+00  1.992e+00  0.000e+00  0.000e+00
   3525 -2.84787e+01 -3.438e+01  5.898e+00  0.000e+00  9.852e+00 -4.423e+01  4.645e+00  1.252e+00  0.000e+00  0.000e+00
   3540 -2.71078e+01 -3.503e+01  7.921e+00  0.000e+00  9.185e+00 -4.421e+01  5.806e+00  2.115e+00  0.000e+00  0.000e+00
   3555 -2.80304e+01 -3.527e+01  7.238e+00  0.000e+00  9.833e+00 -4.510e+01  3.411e+00  3.827e+00  0.000e+00  0.000e+00
   3570 -2.58452e+01 -3.485e+01  9.001e+00  0.000e+00  9.008e+00 -4.385e+01  4.920e+00  4.081e+00  0.000e+00  0.000e+00
   3585 -2.58683e+01 -3.393e+01  8.063e+00  0.000e+00  8.140e+00 -4.207e+01  4.366e+00  3.697e+00  0.000e+00  0.000e+00
   3600 -2.82440e+01 -3.630e+01  8.052e+00  0.000e+00  8.260e+00 -4.456e+01  6.118e+00  1.933e+00  0.000e+00  0.000e+00
   3615 -2.47319e+01 -3.655e+01  1.182e+01  0.000e+00  8.792e+00 -4.534e+01  8.079e+00  3.737e+00  0.000e+00  0.000e+00
   3630 -2.66246e+01 -3.392e+01  7.299e+00  0.000e+00  1.028e+01 -4.420e+01  4.379e+00  2.921e+00  0.000e+00  0.000e+00
   3645 -2.86127e+01 -3.455e+01  5.935e+00  0.000e+00  8.979e+00 -4.353e+01  2.377e+00  3.558e+00  0.000e+00  0.000e+00
   3660 -2.86676e+01 -3.295e+01  4.283e+00  0.000e+00  8.558e+00 -4.151e+01  2.819e+00  1.464e+00  0.000e+00  0.000e+00
   3675 -2.73872e+01 -3.731e+01  9.926e+00  0.000e+00  7.674e+00 -4.499e+01  5.432e+00  4.494e+00  0.000e+00  0.000e+00
   3690 -2.72894e+01 -3.584e+01  8.546e+00  0.000e+00  8.501e+00 -4.434e+01  4.118e+00  4.428e+00  0.000e+00  0.000e+00
   3705 -3.07991e+01 -3.594e+01  5.140e+00  0.000e+00  1.014e+01 -4.608e+01  3.303e+00  1.836e+00  0.000e+00  0.000e+00
   3720 -2.91903e+01 -3.277e+01  3.580e+00  0.000e+00  1.084e+01 -4.361e+01  2.604e+00  9.753e-01  0.000e+00  0.000e+00
   3735 -3.01465e+01 -3.556e+01  5.417e+00  0.000e+00  9.764e+00 -4.533e+01  3.960e+00  1.457e+00  0.000e+00  0.000e+00
   3750 -2.88113e+01 -3.581e+01  7.003e+00  0.000e+00  9.115e+00 -4.493e+01  4.665e+00  2.338e+00  0.000e+00  0.000e+00
   3765 -2.83435e+01 -3.495e+01  6.603e+00  0.000e+00  9.643e+00 -4.459e+01  3.336e+00  3.267e+00  0.000e+00  0.000e+00
   3780 -2.94438e+01 -3.676e+01  7.317e+00  0.000e+00  8.586e+00 -4.535e+01  3.153e+00  4.164e+00  0.000e+00  0.000e+00
   3795 -2.74709e+01 -3.544e+01  7.972e+00  0.000e+00  9.325e+00 -4.477e+01  5.111e+00  2.861e+00  0.000e+00  0.000e+00
   3810 -2.87229e+01 -3.536e+01  6.632e+00  0.000e+00  9.716e+00 -4.507e+01  3.593e+00  3.040e+00  0.000e+00  0.000e+00
   3825 -2.65605e+01 -3.692e+01  1.035e+01  0.000e+00  9.150e+00 -4.607e+01  5.761e+00  4.593e+00  0.000e+00  0.000e+00
   3840 -2.84087e+01 -3.649e+01  8.081e+00  0.000e+00  8.552e+00 -4.504e+01  5.720e+00  2.361e+00  0.000e+00  0.000e+00
   3855 -2.74089e+01 -3.709e+01  9.686e+00  0.000e+00  8.260e+00 -4.535e+01  7.743e+00  1.943e+00  0.000e+00  0.000e+00
   3870 -2.78281e+01 -3.600e+01  8.171e+00  0.000e+00  7.561e+00 -4.356e+01  6.676e+00  1.496e+00  0.000e+00  0.000e+00
   3885 -2.93399e+01 -3.445e+01  5.107e+00  0.000e+00  7.814e+00 -4.226e+01  2.690e+00  2.418e+00  0.000e+00  0.000e+00
   3900 -2.96932e+01 -3.560e+01  5.911e+00  0.000e+00  8.135e+00 -4.374e+01  4.021e+00  1.890e+00  0.000e+00  0.000e+00
   3915 -2.74702e+01 -3.332e+01  5.849e+00  0.000e+00  8.616e+00 -4.194e+01  3.162e+00  2.687e+00  0.000e+00  0.000e+00
   3930 -2.94477e+01 -3.376e+01  4.316e+00  0.000e+00  8.045e+00 -4.181e+01  1.961e+00  2.355e+00  0.000e+00  0.000e+00
   3945 -2.97889e+01 -3.447e+01  4.681e+00  0.000e+00  7.093e+00 -4.156e+01  3.133e+00  1.548e+00  0.000e+00  0.000e+00
   3960 -2.93851e+01 -3.475e+01  5.369e+00  0.000e+00  8.155e+00 -4.291e+01  3.782e+00  1.587e+00  0.000e+00  0.000e+00
   3975 -3.01335e+01 -3.310e+01  2.963e+00  0.000e+00  7.559e+00 -4.066e+01  2.410e+00  5.534e-01  0.000e+00  0.000e+00
   3990 -2.82452e+01 -3.477e+01  6.527e+00  0.000e+00  7.402e+00 -4.217e+01  5.096e+00  1.431e+00  0.000e+00  0.000e+00
   4005 -2.90937e+01 -3.504e+01  5.945e+00  0.000e+00  7.475e+00 -4.251e+01  3.638e+00  2.307e+00  0.000e+00  0.000e+00
   4020 -2.86946e+01 -3.584e+01  7.142e+00  0.000e+00  7.206e+00 -4.304e+01  5.324e+00  1.818e+00  0.000e+00  0.000e+00
   4035 -2.73846e+01 -3.490e+01  7.516e+00  0.000e+00  6.710e+00 -4.161e+01  4.679e+00  2.837e+00  0.000e+00  0.000e+00
   4050 -2.86095e+01 -3.608e+01  7.474e+00  0.000e+00  8.184e+00 -4.427e+01  4.350e+00  3.124e+00  0.000e+00  0.000e+00
   4065 -2.71519e+01 -3.704e+01  9.891e+00  0.000e+00  8.514e+00 -4.556e+01  7.843e+00  2.048e+00  0.000e+00  0.000e+00
   4080 -2.59838e+01 -3.652e+01  1.054e+01  0.000e+00  8.240e+00 -4.476e+01  5.340e+00  5.197e+00  0.000e+00  0.000e+00
   4095 -2.71710e+01 -3.467e+01  7.495e+00  0.000e+00  7.745e+00 -4.241e+01  5.366e+00  2.129e+00  0.000e+00  0.000e+00
   4110 -3.13011e+01 -3.420e+01  2.895e+00  0.000e+00  9.825e+00 -4.402e+01  2.334e+00  5.612e-01  0.000e+00  0.000e+00
   4125 -3.17459e+01 -3.735e+01  5.607e+00  0.000e+00  8.362e+00 -4.572e+01  3.060e+00  2.547e+00  0.000e+00  0.000e+00
   4140 -2.91416e+01 -3.811e+01  8.967e+00  0.000e+00  8.159e+00 -4.627e+01  4.842e+00  4.125e+00  0.000e+00  0.000e+00
   4155 -2.94109e+01 -3.756e+01  8.150e+00  0.000e+00  1.026e+01 -4.782e+01  5.178e+00  2.972e+00  0.000e+00  0.000e+00
   4170 -2.84772e+01 -3.708e+01  8.600e+00  0.000e+00  1.103e+01 -4.810e+01  4.124e+00  4.476e+00  0.000e+00  0.000e+00
   4185 -2.81548e+01 -3.723e+01  9.078e+00  0.000e+00  1.128e+01 -4.851e+01  4.616e+00  4.462e+00  0.000e+00  0.000e+00
   4200 -3.15997e+01 -3.758e+01  5.976e+00  0.000e+00  1.140e+01 -4.897e+01  3.304e+00  2.672e+00  0.000e+00  0.000e+00
   4215 -3.07817e+01 -3.626e+01  5.478e+00  0.000e+00  1.130e+01 -4.756e+01  4.556e+00  9.222e-01  0.000e+00  0.000e+00
   4230 -2.79367e+01 -3.811e+01  1.018e+01  0.000e+00  1.141e+01 -4.953e+01  8.160e+00  2.016e+00  0.000e+00  0.000e+00
   4245 -2.96624e+01 -3.483e+01  5.167e+00  0.000e+00  1.110e+01 -4.593e+01  3.749e+00  1.419e+00  0.000e+00  0.000e+00
   4260 -3.19485e+01 -3.569e+01  3.740e+00  0.000e+00  9.955e+00 -4.564e+01  2.276e+00  1.463e+00  0.000e+00  0.000e+00
   4275 -3.03365e+01 -3.549e+01  5.155e+00  0.000e+00  1.054e+01 -4.603e+01  2.439e+00  2.716e+00  0.000e+00  0.000e+00
   4290 -2.73108e+01 -3.521e+01  7.903e+00  0.000e+00  1.082e+01 -4.603e+01  3.826e+00  4.077e+00  0.000e+00  0.000e+00
   4305 -2.90481e+01 -3.382e+01  4.772e+00  0.000e+00  1.088e+01 -4.470e+01  3.195e+00  1.577e+00  0.000e+00  0.000e+00
   4320 -2.67718e+01 -3.269e+01  5.921e+00  0.000e+00  1.053e+01 -4.322e+01  4.515e+00  1.406e+00  0.000e+00  0.000e+00
   4335 -2.94723e+01 -3.327e+01  3.799e+00  0.000e+00  1.052e+01 -4.379e+01  1.650e+00  2.149e+00  0.000e+00  0.000e+00
   4350 -2.85558e+01 -3.385e+01  5.297e+00  0.000e+00  1.159e+01 -4.544e+01  3.930e+00  1.367e+00  0.000e+00  0.000e+00
   4365 -2.98612e+01 -3.414e+01  4.279e+00  0.000e+00  1.072e+01 -4.486e+01  2.371e+00  1.909e+00  0.000e+00  0.000e+00
   4380 -2.95201e+01 -3.258e+01  3.062e+00  0.000e+00  1.121e+01 -4.379e+01  1.778e+00  1.284e+00  0.000e+00  0.000e+00
   4395 -2.81948e+01 -3.588e+01  7.690e+00  0.000e+00  1.125e+01 -4.713e+01  5.129e+00  2.560e+00  0.000e+00  0.000e+00
   4410 -2.59815e+01 -3.462e+01  8.639e+00  0.000e+00  1.306e+01 -4.768e+01  5.237e+00  3.401e+00  0.000e+00  0.000e+00
   4425 -2.71760e+01 -3.440e+01  7.224e+00  0.000e+00  1.317e+01 -4.756e+01  4.924e+00  2.300e+00  0.000e+00  0.000e+00
   4440 -2.74864e+01 -3.279e+01  5.300e+00  0.000e+00  1.262e+01 -4.541e+01  3.536e+00  1.765e+00  0.000e+00  0.000e+00
   4455 -2.84008e+01 -3.267e+01  4.271e+00  0.000e+00  1.266e+01 -4.533e+01  2.487e+00  1.784e+00  0.000e+00  0.000e+00
   4470 -2.55124e+01 -3.377e+01  8.260e+00  0.000e+00  1.255e+01 -4.633e+01  3.645e+00  4.615e+00  0.000e+00  0.000e+00
   4485 -2.95152e+01 -3.458e+01  5.064e+00  0.000e+00  1.226e+01 -4.684e+01  3.405e+00  1.659e+00  0.000e+00  0.000e+00
   4500 -2.78744e+01 -3.461e+01  6.738e+00  0.000e+00  1.155e+01 -4.616e+01  4.208e+00  2.529e+00  0.000e+00  0.000e+00
   4515 -2.79685e+01 -3.472e+01  6.756e+00  0.000e+00  1.074e+01 -4.547e+01  4.638e+00  2.117e+00  0.000e+00  0.000e+00
   4530 -2.92119e+01 -3.420e+01  4.993e+00  0.000e+00  1.156e+01 -4.577e+01  2.593e+00  2.400e+00  0.000e+00  0.000e+00
   4545 -2.98530e+01 -3.613e+01  6.278e+00  0.000e+00  1.051e+01 -4.664e+01  4.766e+00  1.512e+00  0.000e+00  0.000e+00
   4560 -2.83613e+01 -3.250e+01  4.142e+00  0.000e+00  1.045e+01 -4.295e+01  2.396e+00  1.746e+00  0.000e+00  0.000e+00
   4575 -2.79915e+01 -3.366e+01  5.669e+00  0.000e+00  1.096e+01 -4.462e+01  4.265e+00  1.404e+00  0.000e+00  0.000e+00
   4590 -2.85890e+01 -3.213e+01  3.545e+00  0.000e+00  1.059e+01 -4.273e+01  2.268e+00  1.276e+00  0.000e+00  0.000e+00
   4605 -2.86181e+01 -3.396e+01  5.338e+00  0.000e+00  8.897e+00 -4.285e+01  2.514e+00  2.824e+00  0.000e+00  0.000e+00
   4620 -2.76965e+01 -3.398e+01  6.279e+00  0.000e+00  9.591e+00 -4.357e+01  5.218e+00  1.060e+00  0.000e+00  0.000e+00
   4635 -2.95849e+01 -3.406e+01  4.474e+00  0.000e+00  7.996e+00 -4.206e+01  2.648e+00  1.826e+00  0.000e+00  0.000e+00
   4650 -2.61482e+01 -3.139e+01  5.241e+00  0.000e+00  7.548e+00 -3.894e+01  4.774e+00  4.667e-01  0.000e+00  0.000e+00
   4665 -2.94203e+01 -3.272e+01  3.300e+00  0.000e+00  6.453e+00 -3.917e+01  2.467e+00  8.329e-01  0.000e+00  0.000e+00
   4680 -2.96057e+01 -3.425e+01  4.649e+00  0.000e+00  7.580e+00 -4.183e+01  3.431e+00  1.218e+00  0.000e+00  0.000e+00
   4695 -2.64037e+01 -3.107e+01  4.668e+00  0.000e+00  9.430e+00 -4.050e+01  3.308e+00  1.360e+00  0.000e+00  0.000e+00
   4710 -2.73356e+01 -3.150e+01  4.167e+00  0.000e+00  8.512e+00 -4.001e+01  2.339e+00  1.827e+00  0.000e+00  0.000e+00
   4725 -2.89523e+01 -3.338e+01  4.427e+00  0.000e+00  7.913e+00 -4.129e+01  2.653e+00  1.774e+00  0.000e+00  0.000e+00
   4740 -2.87669e+01 -3.240e+01  3.630e+00  0.000e+00  7.589e+00 -3.999e+01  2.753e+00  8.770e-01  0.000e+00  0.000e+00
   4755 -2.93789e+01 -3.566e+01  6.280e+00  0.000e+00  7.498e+00 -4.316e+01  4.294e+00  1.986e+00  0.000e+00  0.000e+00
   4770 -2.64607e+01 -3.437e+01  7.913e+00  0.000e+00  6.248e+00 -4.062e+01  6.259e+00  1.653e+00  0.000e+00  0.000e+00
   4785 -2.77097e+01 -3.342e+01  5.713e+00  0.000e+00  6.218e+00 -3.964e+01  4.339e+00  1.374e+00  0.000e+00  0.000e+00
   4800 -2.85549e+01 -3.288e+01  4.326e+00  0.000e+00  7.350e+00 -4.023e+01  2.290e+00  2.036e+00  0.000e+00  0.000e+00
   4815 -2.70984e+01 -3.315e+01  6.054e+00  0.000e+00  7.565e+00 -4.072e+01  4.281e+00  1.773e+00  0.000e+00  0.000e+00
   4830 -2.93886e+01 -3.299e+01  3.600e+00  0.000e+00  8.093e+00 -4.108e+01  1.933e+00  1.667e+00  0.000e+00  0.000e+00
   4845 -2.63554e+01 -3.135e+01  4.998e+00  0.000e+00  8.221e+00 -3.957e+01  3.366e+00  1.631e+00  0.000e+00  0.000e+00
   4860 -2.87470e+01 -3.156e+01  2.814e+00  0.000e+00  8.244e+00 -3.981e+01  2.205e+00  6.093e-01  0.000e+00  0.000e+00
   4875 -2.58903e+01 -3.259e+01  6.704e+00  0.000e+00  8.312e+00 -4.091e+01  5.537e+00  1.168e+00  0.000e+00  0.000e+00
   4890 -2.63511e+01 -3.336e+01  7.007e+00  0.000e+00  7.669e+00 -4.103e+01  5.527e+00  1.480e+00  0.000e+00  0.000e+00
   4905 -2.53659e+01 -3.203e+01  6.668e+00  0.000e+00  8.402e+00 -4.044e+01  5.998e+00  6.701e-01  0.000e+00  0.000e+00
   4920 -2.39139e+01 -3.154e+01  7.626e+00  0.000e+00  7.042e+00 -3.858e+01  6.738e+00  8.877e-01  0.000e+00  0.000e+00
   4935 -2.56437e+01 -3.315e+01  7.508e+00  0.000e+00  6.757e+00 -3.991e+01  6.048e+00  1.461e+00  0.000e+00  0.000e+00
   4950 -2.58957e+01 -3.323e+01  7.330e+00  0.000e+00  7.297e+00 -4.052e+01  4.071e+00  3.260e+00  0.000e+00  0.000e+00
   4965 -2.38687e+01 -3.442e+01  1.055e+01  0.000e+00  7.653e+00 -4.207e+01  8.056e+00  2.495e+00  0.000e+00  0.000e+00
   4980 -2.71314e+01 -3.088e+01  3.747e+00  0.000e+00  8.516e+00 -3.939e+01  2.553e+00  1.194e+00  0.000e+00  0.000e+00
   4995 -2.52524e+01 -3.167e+01  6.418e+00  0.000e+00  8.353e+00 -4.002e+01  4.618e+00  1.799e+00  0.000e+00  0.000e+00
   5010 -2.60375e+01 -3.030e+01  4.267e+00  0.000e+00  7.439e+00 -3.774e+01  3.180e+00  1.087e+00  0.000e+00  0.000e+00
   5025 -2.45979e+01 -3.030e+01  5.705e+00  0.000e+00  7.714e+00 -3.802e+01  5.100e+00  6.052e-01  0.000e+00  0.000e+00
   5040 -2.95103e+01 -3.224e+01  2.731e+00  0.000e+00  7.380e+00 -3.962e+01  1.758e+00  9.734e-01  0.000e+00  0.000e+00
   5055 -2.89127e+01 -3.198e+01  3.063e+00  0.000e+00  7.085e+00 -3.906e+01  2.575e+00  4.878e-01  0.000e+00  0.000e+00
   5070 -2.93626e+01 -3.334e+01  3.977e+00  0.000e+00  6.785e+00 -4.012e+01  2.689e+00  1.288e+00  0.000e+00  0.000e+00
   5085 -2.57456e+01 -3.586e+01  1.012e+01  0.000e+00  6.418e+00 -4.228e+01  8.248e+00  1.869e+00  0.000e+00  0.000e+00
   5100 -2.96302e+01 -3.352e+01  3.888e+00  0.000e+00  6.004e+00 -3.952e+01  3.380e+00  5.083e-01  0.000e+00  0.000e+00
   5115 -3.00380e+01 -3.446e+01  4.423e+00  0.000e+00  5.971e+00 -4.043e+01  3.565e+00  8.585e-01  0.000e+00  0.000e+00
   5130 -2.96195e+01 -3.401e+01  4.392e+00  0.000e+00  6.056e+00 -4.007e+01  3.158e+00  1.234e+00  0.000e+00  0.000e+00
   5145 -3.03433e+01 -3.468e+01  4.335e+00  0.000e+00  6.530e+00 -4.121e+01  3.838e+00  4.972e-01  0.000e+00  0.000e+00
   5160 -3.00840e+01 -3.387e+01  3.783e+00  0.000e+00  7.602e+00 -4.147e+01  2.832e+00  9.515e-01  0.000e+00  0.000e+00
   5175 -3.10626e+01 -3.414e+01  3.081e+00  0.000e+00  8.456e+00 -4.260e+01  1.846e+00  1.235e+00  0.000e+00  0.000e+00
   5190 -2.90994e+01 -3.542e+01  6.325e+00  0.000e+00  9.210e+00 -4.463e+01  3.079e+00  3.247e+00  0.000e+00  0.000e+00
   5205 -3.00818e+01 -3.673e+01  6.650e+00  0.000e+00  8.531e+00 -4.526e+01  3.513e+00  3.136e+00  0.000e+00  0.000e+00
   5220 -2.75457e+01 -3.776e+01  1.022e+01  0.000e+00  8.368e+00 -4.613e+01  6.339e+00  3.880e+00  0.000e+00  0.000e+00
   5235 -2.73705e+01 -3.684e+01  9.473e+00  0.000e+00  7.572e+00 -4.442e+01  4.388e+00  5.085e+00  0.000e+00  0.000e+00
   5250 -2.65937e+01 -3.683e+01  1.023e+01  0.000e+00  6.862e+00 -4.369e+01  4.810e+00  5.422e+00  0.000e+00  0.000e+00
   5265 -2.81354e+01 -3.538e+01  7.249e+00  0.000e+00  7.392e+00 -4.278e+01  3.487e+00  3.762e+00  0.000e+00  0.000e+00
   5280 -2.60766e+01 -3.645e+01  1.037e+01  0.000e+00  7.653e+00 -4.410e+01  7.405e+00  2.964e+00  0.000e+00  0.000e+00
   5295 -2.57311e+01 -3.660e+01  1.087e+01  0.000e+00  7.672e+00 -4.427e+01  7.828e+00  3.037e+00  0.000e+00  0.000e+00
   5310 -2.96045e+01 -3.691e+01  7.309e+00  0.000e+00  8.259e+00 -4.517e+01  6.229e+00  1.080e+00  0.000e+00  0.000e+00
   5325 -2.86989e+01 -3.436e+01  5.664e+00  0.000e+00  8.437e+00 -4.280e+01  4.553e+00  1.111e+00  0.000e+00  0.000e+00
   5340 -3.06259e+01 -3.431e+01  3.682e+00  0.000e+00  9.023e+00 -4.333e+01  2.562e+00  1.119e+00  0.000e+00  0.000e+00
   5355 -2.76866e+01 -3.417e+01  6.487e+00  0.000e+00  9.038e+00 -4.321e+01  5.493e+00  9.942e-01  0.000e+00  0.000e+00
   5370 -2.81618e+01 -3.581e+01  7.643e+00  0.000e+00  8.704e+00 -4.451e+01  5.179e+00  2.465e+00  0.000e+00  0.000e+00
   5385 -2.71242e+01 -3.470e+01  7.581e+00  0.000e+00  8.356e+00 -4.306e+01  5.502e+00  2.079e+00  0.000e+00  0.000e+00
   5400 -2.85597e+01 -3.469e+01  6.135e+00  0.000e+00  8.001e+00 -4.270e+01  3.459e+00  2.676e+00  0.000e+00  0.000e+00
   5415 -2.69106e+01 -3.738e+01  1.047e+01  0.000e+00  8.080e+00 -4.546e+01  3.644e+00  6.824e+00  0.000e+00  0.000e+00
   5430 -2.65741e+01 -3.557e+01  8.995e+00  0.000e+00  7.610e+00 -4.318e+01  3.816e+00  5.178e+00  0.000e+00  0.000e+00
   5445 -2.62695e+01 -3.106e+01  4.786e+00  0.000e+00  7.554e+00 -3.861e+01  3.894e+00  8.928e-01  0.000e+00  0.000e+00
   5460 -2.73733e+01 -3.216e+01  4.791e+00  0.000e+00  8.045e+00 -4.021e+01  2.989e+00  1.802e+00  0.000e+00  0.000e+00
   5475 -2.55355e+01 -3.184e+01  6.308e+00  0.000e+00  8.672e+00 -4.052e+01  3.327e+00  2.981e+00  0.000e+00  0.000e+00
   5490 -2.52309e+01 -3.144e+01  6.213e+00  0.000e+00  8.886e+00 -4.033e+01  5.297e+00  9.151e-01  0.000e+00  0.000e+00
   5505 -2.54359e+01 -3.364e+01  8.201e+00  0.000e+00  9.342e+00 -4.298e+01  4.765e+00  3.437e+00  0.000e+00  0.000e+00
   5520 -2.57342e+01 -3.476e+01  9.023e+00  0.000e+00  8.439e+00 -4.320e+01  4.806e+00  4.217e+00  0.000e+00  0.000e+00
   5535 -2.39361e+01 -3.526e+01  1.132e+01  0.000e+00  9.289e+00 -4.454e+01  7.086e+00  4.234e+00  0.000e+00  0.000e+00
   5550 -2.19020e+01 -3.494e+01  1.304e+01  0.000e+00  1.019e+01 -4.513e+01  7.498e+00  5.539e+00  0.000e+00  0.000e+00
   5565 -2.70457e+01 -3.333e+01  6.280e+00  0.000e+00  9.264e+00 -4.259e+01  2.378e+00  3.902e+00  0.000e+00  0.000e+00
   5580 -2.77918e+01 -3.125e+01  3.457e+00  0.000e+00  8.721e+00 -3.997e+01  2.580e+00  8.770e-01  0.000e+00  0.000e+00
   5595 -2.81024e+01 -3.231e+01  4.204e+00  0.000e+00  1.080e+01 -4.310e+01  2.865e+00  1.339e+00  0.000e+00  0.000e+00
   5610 -2.83288e+01 -3.564e+01  7.316e+00  0.000e+00  1.039e+01 -4.603e+01  3.301e+00  4.016e+00  0.000e+00  0.000e+00
   5625 -2.82181e+01 -3.339e+01  5.176e+00  0.000e+00  1.007e+01 -4.347e+01  3.453e+00  1.724e+00  0.000e+00  0.000e+00
   5640 -2.61534e+01 -3.568e+01  9.528e+00  0.000e+00  1.169e+01 -4.737e+01  8.159e+00  1.369e+00  0.000e+00  0.000e+00
   5655 -2.72215e+01 -3.276e+01  5.543e+00  0.000e+00  1.393e+01 -4.670e+01  3.486e+00  2.057e+00  0.000e+00  0.000e+00
   5670 -2.61100e+01 -3.359e+01  7.482e+00  0.000e+00  1.314e+01 -4.673e+01  5.394e+00  2.088e+00  0.000e+00  0.000e+00
   5685 -2.59999e+01 -3.364e+01  7.637e+00  0.000e+00  1.166e+01 -4.529e+01  5.288e+00  2.349e+00  0.000e+00  0.000e+00
   5700 -2.67039e+01 -3.482e+01  8.118e+00  0.000e+00  1.093e+01 -4.575e+01  5.033e+00  3.085e+00  0.000e+00  0.000e+00
   5715 -2.63798e+01 -3.487e+01  8.489e+00  0.000e+00  1.035e+01 -4.522e+01  3.028e+00  5.461e+00  0.000e+00  0.000e+00
   5730 -2.91133e+01 -3.244e+01  3.325e+00  0.000e+00  1.070e+01 -4.314e+01  1.268e+00  2.057e+00  0.000e+00  0.000e+00
   5745 -2.57110e+01 -3.255e+01  6.843e+00  0.000e+00  9.432e+00 -4.199e+01  4.204e+00  2.638e+00  0.000e+00  0.000e+00
   5760 -2.79776e+01 -3.225e+01  4.268e+00  0.000e+00  8.958e+00 -4.120e+01  2.725e+00  1.544e+00  0.000e+00  0.000e+00
   5775 -2.78285e+01 -3.226e+01  4.430e+00  0.000e+00  8.253e+00 -4.051e+01  2.786e+00  1.645e+00  0.000e+00  0.000e+00
   5790 -2.74374e+01 -3.465e+01  7.217e+00  0.000e+00  8.213e+00 -4.287e+01  4.349e+00  2.867e+00  0.000e+00  0.000e+00
   5805 -2.79223e+01 -3.349e+01  5.563e+00  0.000e+00  8.054e+00 -4.154e+01  1.396e+00  4.167e+00  0.000e+00  0.000e+00
   5820 -2.54975e+01 -3.348e+01  7.984e+00  0.000e+00  7.911e+00 -4.139e+01  3.211e+00  4.773e+00  0.000e+00  0.000e+00
   5835 -2.38804e+01 -3.777e+01  1.389e+01  0.000e+00  7.264e+00 -4.504e+01  7.684e+00  6.209e+00  0.000e+00  0.000e+00
   5850 -2.23864e+01 -3.913e+01  1.674e+01  0.000e+00  7.011e+00 -4.614e+01  9.995e+00  6.747e+00  0.000e+00  0.000e+00
   5865 -2.49867e+01 -3.623e+01  1.124e+01  0.000e+00  7.738e+00 -4.396e+01  8.295e+00  2.944e+00  0.000e+00  0.000e+00
   5880 -2.77016e+01 -3.611e+01  8.404e+00  0.000e+00  7.499e+00 -4.360e+01  5.971e+00  2.433e+00  0.000e+00  0.000e+00
   5895 -2.55180e+01 -3.623e+01  1.071e+01  0.000e+00  7.586e+00 -4.381e+01  6.629e+00  4.079e+00  0.000e+00  0.000e+00
   5910 -2.47682e+01 -3.328e+01  8.516e+00  0.000e+00  7.968e+00 -4.125e+01  4.409e+00  4.107e+00  0.000e+00  0.000e+00
   5925 -2.60834e+01 -3.405e+01  7.964e+00  0.000e+00  7.984e+00 -4.203e+01  4.863e+00  3.100e+00  0.000e+00  0.000e+00
   5940 -2.43417e+01 -3.427e+01  9.927e+00  0.000e+00  7.116e+00 -4.139e+01  8.186e+00  1.742e+00  0.000e+00  0.000e+00
   5955 -2.59463e+01 -3.598e+01  1.003e+01  0.000e+00  6.582e+00 -4.256e+01  7.696e+00  2.334e+00  0.000e+00  0.000e+00
   5970 -2.84413e+01 -3.441e+01  5.966e+00  0.000e+00  7.374e+00 -4.178e+01  3.617e+00  2.349e+00  0.000e+00  0.000e+00
   5985 -2.62720e+01 -3.306e+01  6.784e+00  0.000e+00  8.394e+00 -4.145e+01  3.819e+00  2.965e+00  0.000e+00  0.000e+00
   6000 -2.37004e+01 -3.252e+01  8.822e+00  0.000e+00  8.315e+00 -4.084e+01  6.368e+00  2.453e+00  0.000e+00  0.000e+00
   6015 -2.29807e+01 -3.164e+01  8.663e+00  0.000e+00  8.214e+00 -3.986e+01  3.290e+00  5.372e+00  0.000e+00  0.000e+00
   6030 -2.72290e+01 -3.141e+01  4.181e+00  0.000e+00  8.244e+00 -3.965e+01  1.586e+00  2.595e+00  0.000e+00  0.000e+00
   6045 -2.79925e+01 -3.136e+01  3.363e+00  0.000e+00  8.271e+00 -3.963e+01  2.718e+00  6.446e-01  0.000e+00  0.000e+00
   6060 -2.79389e+01 -3.201e+01  4.072e+00  0.000e+00  8.349e+00 -4.036e+01  3.352e+00  7.202e-01  0.000e+00  0.000e+00
   6075 -2.73366e+01 -3.588e+01  8.547e+00  0.000e+00  8.745e+00 -4.463e+01  5.761e+00  2.785e+00  0.000e+00  0.000e+00
   6090 -2.86879e+01 -3.247e+01  3.777e+00  0.000e+00  9.131e+00 -4.160e+01  1.971e+00  1.806e+00  0.000e+00  0.000e+00
   6105 -2.52572e+01 -3.354e+01  8.283e+00  0.000e+00  1.002e+01 -4.356e+01  5.475e+00  2.808e+00  0.000e+00  0.000e+00
   6120 -2.62292e+01 -3.342e+01  7.187e+00  0.000e+00  9.642e+00 -4.306e+01  3.825e+00  3.362e+00  0.000e+00  0.000e+00
   6135 -2.49027e+01 -3.261e+01  7.712e+00  0.000e+00  9.355e+00 -4.197e+01  5.747e+00  1.965e+00  0.000e+00  0.000e+00
   6150 -2.84843e+01 -3.319e+01  4.705e+00  0.000e+00  8.157e+00 -4.135e+01  3.899e+00  8.063e-01  0.000e+00  0.000e+00
   6165 -2.68466e+01 -2.959e+01  2.748e+00  0.000e+00  1.074e+01 -4.034e+01  1.461e+00  1.287e+00  0.000e+00  0.000e+00
   6180 -2.81953e+01 -3.095e+01  2.750e+00  0.000e+00  1.095e+01 -4.190e+01  1.403e+00  1.347e+00  0.000e+00  0.000e+00
   6195 -2.64378e+01 -2.987e+01  3.428e+00  0.000e+00  1.116e+01 -4.103e+01  9.400e-01  2.488e+00  0.000e+00  0.000e+00
   6210 -2.73806e+01 -3.309e+01  5.708e+00  0.000e+00  1.121e+01 -4.430e+01  3.546e+00  2.162e+00  0.000e+00  0.000e+00
   6225 -2.82531e+01 -3.269e+01  4.433e+00  0.000e+00  9.887e+00 -4.257e+01  2.705e+00  1.728e+00  0.000e+00  0.000e+00
   6240 -2.87304e+01 -3.281e+01  4.076e+00  0.000e+00  8.685e+00 -4.149e+01  2.615e+00  1.462e+00  0.000e+00  0.000e+00
   6255 -2.75575e+01 -3.145e+01  3.894e+00  0.000e+00  8.226e+00 -3.968e+01  3.627e+00  2.664e-01  0.000e+00  0.000e+00
   6270 -2.90325e+01 -3.189e+01  2.858e+00  0.000e+00  7.368e+00 -3.926e+01  1.708e+00  1.150e+00  0.000e+00  0.000e+00
   6285 -2.68363e+01 -3.071e+01  3.871e+00  0.000e+00  8.490e+00 -3.920e+01  2.566e+00  1.306e+00  0.000e+00  0.000e+00
   6300 -2.79836e+01 -3.057e+01  2.587e+00  0.000e+00  8.359e+00 -3.893e+01  2.167e+00  4.199e-01  0.000e+00  0.000e+00
   6315 -2.72530e+01 -3.284e+01  5.587e+00  0.000e+00  8.144e+00 -4.098e+01  3.801e+00  1.785e+00  0.000e+00  0.000e+00
   6330 -2.52783e+01 -3.364e+01  8.360e+00  0.000e+00  7.759e+00 -4.140e+01  5.505e+00  2.855e+00  0.000e+00  0.000e+00
   6345 -2.76739e+01 -3.304e+01  5.367e+00  0.000e+00  8.932e+00 -4.197e+01  3.574e+00  1.793e+00  0.000e+00  0.000e+00
   6360 -2.73355e+01 -3.176e+01  4.427e+00  0.000e+00  8.711e+00 -4.047e+01  1.486e+00  2.941e+00  0.000e+00  0.000e+00
   6375 -2.83609e+01 -3.248e+01  4.118e+00  0.000e+00  1.009e+01 -4.257e+01  1.693e+00  2.425e+00  0.000e+00  0.000e+00
   6390 -2.79609e+01 -3.332e+01  5.362e+00  0.000e+00  1.058e+01 -4.390e+01  3.634e+00  1.729e+00  0.000e+00  0.000e+00
   6405 -2.71670e+01 -3.045e+01  3.284e+00  0.000e+00  1.091e+01 -4.136e+01  2.752e+00  5.323e-01  0.000e+00  0.000e+00
   6420 -2.96294e+01 -3.183e+01  2.200e+00  0.000e+00  1.051e+01 -4.234e+01  1.575e+00  6.247e-01  0.000e+00  0.000e+00
   6435 -2.78885e+01 -3.286e+01  4.967e+00  0.000e+00  1.143e+01 -4.429e+01  3.956e+00  1.011e+00  0.000e+00  0.000e+00
   6450 -2.76849e+01 -3.309e+01  5.407e+00  0.000e+00  1.032e+01 -4.341e+01  3.767e+00  1.640e+00  0.000e+00  0.000e+00
   6465 -2.59347e+01 -3.368e+01  7.750e+00  0.000e+00  9.674e+00 -4.336e+01  3.895e+00  3.855e+00  0.000e+00  0.000e+00
   6480 -2.62225e+01 -3.165e+01  5.430e+00  0.000e+00  1.022e+01 -4.187e+01  1.914e+00  3.515e+00  0.000e+00  0.000e+00
   6495 -2.41288e+01 -3.662e+01  1.249e+01  0.000e+00  9.674e+00 -4.629e+01  7.371e+00  5.118e+00  0.000e+00  0.000e+00
   6510 -2.50990e+01 -3.406e+01  8.957e+00  0.000e+00  1.034e+01 -4.439e+01  5.491e+00  3.466e+00  0.000e+00  0.000e+00
   6525 -2.70930e+01 -3.347e+01  6.380e+00  0.000e+00  1.094e+01 -4.441e+01  3.191e+00  3.189e+00  0.000e+00  0.000e+00
   6540 -2.40532e+01 -3.178e+01  7.725e+00  0.000e+00  1.227e+01 -4.405e+01  4.352e+00  3.373e+00  0.000e+00  0.000e+00
   6555 -2.17652e+01 -3.222e+01  1.045e+01  0.000e+00  1.132e+01 -4.354e+01  7.122e+00  3.328e+00  0.000e+00  0.000e+00
   6570 -2.46256e+01 -3.627e+01  1.164e+01  0.000e+00  1.081e+01 -4.708e+01  4.617e+00  7.023e+00  0.000e+00  0.000e+00
   6585 -2.18713e+01 -3.506e+01  1.318e+01  0.000e+00  1.138e+01 -4.644e+01  5.027e+00  8.158e+00  0.000e+00  0.000e+00
   6600 -2.63145e+01 -3.259e+01  6.277e+00  0.000e+00  1.019e+01 -4.278e+01  3.029e+00  3.248e+00  0.000e+00  0.000e+00
   6615 -2.76770e+01 -3.188e+01  4.207e+00  0.000e+00  1.053e+01 -4.241e+01  1.316e+00  2.890e+00  0.000e+00  0.000e+00
   6630 -2.55984e+01 -3.197e+01  6.374e+00  0.000e+00  9.991e+00 -4.196e+01  4.308e+00  2.066e+00  0.000e+00  0.000e+00
   6645 -2.55974e+01 -3.222e+01  6.625e+00  0.000e+00  9.873e+00 -4.210e+01  4.658e+00  1.967e+00  0.000e+00  0.000e+00
   6660 -2.63651e+01 -3.119e+01  4.820e+00  0.000e+00  8.879e+00 -4.006e+01  3.724e+00  1.096e+00  0.000e+00  0.000e+00
   6675 -2.74682e+01 -3.162e+01  4.152e+00  0.000e+00  8.897e+00 -4.052e+01  1.760e+00  2.392e+00  0.000e+00  0.000e+00
   6690 -2.72485e+01 -3.272e+01  5.474e+00  0.000e+00  7.853e+00 -4.057e+01  3.486e+00  1.987e+00  0.000e+00  0.000e+00
   6705 -2.77059e+01 -3.632e+01  8.609e+00  0.000e+00  7.821e+00 -4.414e+01  5.965e+00  2.645e+00  0.000e+00  0.000e+00
   6720 -2.74755e+01 -3.412e+01  6.648e+00  0.000e+00  7.767e+00 -4.189e+01  4.615e+00  2.033e+00  0.000e+00  0.000e+00
   6735 -2.84590e+01 -3.413e+01  5.667e+00  0.000e+00  7.300e+00 -4.143e+01  2.655e+00  3.012e+00  0.000e+00  0.000e+00
   6750 -2.51786e+01 -3.454e+01  9.364e+00  0.000e+00  8.244e+00 -4.279e+01  3.765e+00  5.599e+00  0.000e+00  0.000e+00
   6765 -2.65506e+01 -3.272e+01  6.173e+00  0.000e+00  7.911e+00 -4.063e+01  3.451e+00  2.721e+00  0.000e+00  0.000e+00
   6780 -2.50427e+01 -3.261e+01  7.562e+00  0.000e+00  7.225e+00 -3.983e+01  3.749e+00  3.814e+00  0.000e+00  0.000e+00
   6795 -2.49257e+01 -2.964e+01  4.712e+00  0.000e+00  7.189e+00 -3.683e+01  2.417e+00  2.295e+00  0.000e+00  0.000e+00
   6810 -2.63148e+01 -3.195e+01  5.635e+00  0.000e+00  6.742e+00 -3.869e+01  3.512e+00  2.124e+00  0.000e+00  0.000e+00
   6825 -2.78925e+01 -3.187e+01  3.981e+00  0.000e+00  7.083e+00 -3.896e+01  1.862e+00  2.119e+00  0.000e+00  0.000e+00
   6840 -2.90889e+01 -3.254e+01  3.450e+00  0.000e+00  6.951e+00 -3.949e+01  1.840e+00  1.610e+00  0.000e+00  0.000e+00
   6855 -2.68387e+01 -3.094e+01  4.105e+00  0.000e+00  6.255e+00 -3.720e+01  3.867e+00  2.375e-01  0.000e+00  0.000e+00
   6870 -2.73738e+01 -3.280e+01  5.424e+00  0.000e+00  6.058e+00 -3.886e+01  3.714e+00  1.711e+00  0.000e+00  0.000e+00
   6885 -2.84303e+01 -3.201e+01  3.584e+00  0.000e+00  6.579e+00 -3.859e+01  2.049e+00  1.535e+00  0.000e+00  0.000e+00
   6900 -2.95181e+01 -3.241e+01  2.891e+00  0.000e+00  6.274e+00 -3.868e+01  1.548e+00  1.343e+00  0.000e+00  0.000e+00
   6915 -2.82655e+01 -3.075e+01  2.484e+00  0.000e+00  7.096e+00 -3.784e+01  1.965e+00  5.188e-01  0.000e+00  0.000e+00
   6930 -2.69131e+01 -3.130e+01  4.384e+00  0.000e+00  7.138e+00 -3.843e+01  2.967e+00  1.417e+00  0.000e+00  0.000e+00
   6945 -2.93833e+01 -3.381e+01  4.423e+00  0.000e+00  7.535e+00 -4.134e+01  2.024e+00  2.398e+00  0.000e+00  0.000e+00
   6960 -2.75626e+01 -3.426e+01  6.693e+00  0.000e+00  7.312e+00 -4.157e+01  4.614e+00  2.080e+00  0.000e+00  0.000e+00
   6975 -2.57409e+01 -3.144e+01  5.698e+00  0.000e+00  6.715e+00 -3.815e+01  3.025e+00  2.673e+00  0.000e+00  0.000e+00
   6990 -2.50294e+01 -3.108e+01  6.053e+00  0.000e+00  7.958e+00 -3.904e+01  4.618e+00  1.435e+00  0.000e+00  0.000e+00
   7005 -2.44868e+01 -3.014e+01  5.651e+00  0.000e+00  7.151e+00 -3.729e+01  2.866e+00  2.785e+00  0.000e+00  0.000e+00
   7020 -2.47596e+01 -3.201e+01  7.246e+00  0.000e+00  7.125e+00 -3.913e+01  3.932e+00  3.313e+00  0.000e+00  0.000e+00
   7035 -2.52381e+01 -3.229e+01  7.048e+00  0.000e+00  5.760e+00 -3.805e+01  4.221e+00  2.826e+00  0.000e+00  0.000e+00
   7050 -2.88143e+01 -3.283e+01  4.020e+00  0.000e+00  5.968e+00 -3.880e+01  1.634e+00  2.385e+00  0.000e+00  0.000e+00
   7065 -2.82853e+01 -3.498e+01  6.691e+00  0.000e+00  6.268e+00 -4.124e+01  3.097e+00  3.593e+00  0.000e+00  0.000e+00
   7080 -2.80906e+01 -3.271e+01  4.617e+00  0.000e+00  6.619e+00 -3.933e+01  9.597e-01  3.658e+00  0.000e+00  0.000e+00
   7095 -2.89747e+01 -3.364e+01  4.668e+00  0.000e+00  6.628e+00 -4.027e+01  2.066e+00  2.602e+00  0.000e+00  0.000e+00
   7110 -2.56492e+01 -3.400e+01  8.354e+00  0.000e+00  5.910e+00 -3.991e+01  6.189e+00  2.165e+00  0.000e+00  0.000e+00
   7125 -2.63038e+01 -3.171e+01  5.404e+00  0.000e+00  6.831e+00 -3.854e+01  3.705e+00  1.700e+00  0.000e+00  0.000e+00
   7140 -2.97641e+01 -3.231e+01  2.548e+00  0.000e+00  6.157e+00 -3.847e+01  2.117e+00  4.312e-01  0.000e+00  0.000e+00
   7155 -2.73660e+01 -3.298e+01  5.613e+00  0.000e+00  6.619e+00 -3.960e+01  3.788e+00  1.825e+00  0.000e+00  0.000e+00
   7170 -2.68021e+01 -3.496e+01  8.157e+00  0.000e+00  6.360e+00 -4.132e+01  2.453e+00  5.704e+00  0.000e+00  0.000e+00
   7185 -2.77080e+01 -3.255e+01  4.847e+00  0.000e+00  6.182e+00 -3.874e+01  1.690e+00  3.157e+00  0.000e+00  0.000e+00
   7200 -2.75631e+01 -3.381e+01  6.250e+00  0.000e+00  6.205e+00 -4.002e+01  3.334e+00  2.916e+00  0.000e+00  0.000e+00
   7215 -2.70405e+01 -3.328e+01  6.243e+00  0.000e+00  6.372e+00 -3.966e+01  5.403e+00  8.407e-01  0.000e+00  0.000e+00
   7230 -2.79851e+01 -3.197e+01  3.986e+00  0.000e+00  7.021e+00 -3.899e+01  3.167e+00  8.192e-01  0.000e+00  0.000e+00
   7245 -2.79789e+01 -3.171e+01  3.734e+00  0.000e+00  6.276e+00 -3.799e+01  3.573e+00  1.613e-01  0.000e+00  0.000e+00
   7260 -2.57346e+01 -3.210e+01  6.368e+00  0.000e+00  6.588e+00 -3.869e+01  6.117e+00  2.513e-01  0.000e+00  0.000e+00
   7275 -2.50474e+01 -2.958e+01  4.528e+00  0.000e+00  7.076e+00 -3.665e+01  3.104e+00  1.424e+00  0.000e+00  0.000e+00
   7290 -2.40380e+01 -2.954e+01  5.499e+00  0.000e+00  7.608e+00 -3.715e+01  4.060e+00  1.439e+00  0.000e+00  0.000e+00
   7305 -2.35438e+01 -3.102e+01  7.476e+00  0.000e+00  7.128e+00 -3.815e+01  4.995e+00  2.481e+00  0.000e+00  0.000e+00
   7320 -2.37965e+01 -3.102e+01  7.225e+00  0.000e+00  6.309e+00 -3.733e+01  4.153e+00  3.072e+00  0.000e+00  0.000e+00
   7335 -2.32939e+01 -3.040e+01  7.106e+00  0.000e+00  5.980e+00 -3.638e+01  4.175e+00  2.931e+00  0.000e+00  0.000e+00
   7350 -2.51042e+01 -3.350e+01  8.397e+00  0.000e+00  4.970e+00 -3.847e+01  5.732e+00  2.665e+00  0.000e+00  0.000e+00
   7365 -2.53662e+01 -3.161e+01  6.244e+00  0.000e+00  5.056e+00 -3.667e+01  3.004e+00  3.240e+00  0.000e+00  0.000e+00
   7380 -2.58966e+01 -3.207e+01  6.173e+00  0.000e+00  5.683e+00 -3.775e+01  2.694e+00  3.479e+00  0.000e+00  0.000e+00
   7395 -2.42619e+01 -3.137e+01  7.107e+00  0.000e+00  5.603e+00 -3.697e+01  4.348e+00  2.759e+00  0.000e+00  0.000e+00
   7410 -2.38892e+01 -3.064e+01  6.747e+00  0.000e+00  5.046e+00 -3.568e+01  5.059e+00  1.687e+00  0.000e+00  0.000e+00
   7425 -2.40251e+01 -3.184e+01  7.819e+00  0.000e+00  5.224e+00 -3.707e+01  5.578e+00  2.241e+00  0.000e+00  0.000e+00
   7440 -2.39955e+01 -2.977e+01  5.771e+00  0.000e+00  5.208e+00 -3.497e+01  4.781e+00  9.901e-01  0.000e+00  0.000e+00
   7455 -2.27488e+01 -3.145e+01  8.706e+00  0.000e+00  4.243e+00 -3.570e+01  6.798e+00  1.908e+00  0.000e+00  0.000e+00
   7470 -2.52892e+01 -3.123e+01  5.941e+00  0.000e+00  4.622e+00 -3.585e+01  2.832e+00  3.109e+00  0.000e+00  0.000e+00
   7485 -2.58738e+01 -3.159e+01  5.717e+00  0.000e+00  4.180e+00 -3.577e+01  3.192e+00  2.525e+00  0.000e+00  0.000e+00
   7500 -2.22541e+01 -3.236e+01  1.010e+01  0.000e+00  3.427e+00 -3.578e+01  6.761e+00  3.342e+00  0.000e+00  0.000e+00
   7515 -2.60817e+01 -3.131e+01  5.231e+00  0.000e+00  3.545e+00 -3.486e+01  3.244e+00  1.987e+00  0.000e+00  0.000e+00
   7530 -2.68082e+01 -3.049e+01  3.678e+00  0.000e+00  3.736e+00 -3.422e+01  2.413e+00  1.265e+00  0.000e+00  0.000e+00
   7545 -2.44308e+01 -2.898e+01  4.548e+00  0.000e+00  4.008e+00 -3.299e+01  3.809e+00  7.392e-01  0.000e+00  0.000e+00
   7560 -2.68696e+01 -2.955e+01  2.677e+00  0.000e+00  4.599e+00 -3.415e+01  2.231e+00  4.458e-01  0.000e+00  0.000e+00
   7575 -2.60664e+01 -3.073e+01  4.664e+00  0.000e+00  4.303e+00 -3.503e+01  3.645e+00  1.019e+00  0.000e+00  0.000e+00
   7590 -2.61957e+01 -3.087e+01  4.672e+00  0.000e+00  5.230e+00 -3.610e+01  1.999e+00  2.674e+00  0.000e+00  0.000e+00
   7605 -2.64481e+01 -2.855e+01  2.099e+00  0.000e+00  5.045e+00 -3.359e+01  1.437e+00  6.620e-01  0.000e+00  0.000e+00
   7620 -2.64525e+01 -2.977e+01  3.322e+00  0.000e+00  4.914e+00 -3.469e+01  2.288e+00  1.034e+00  0.000e+00  0.000e+00
   7635 -2.41823e+01 -3.081e+01  6.626e+00  0.000e+00  4.413e+00 -3.522e+01  3.813e+00  2.813e+00  0.000e+00  0.000e+00
   7650 -2.45760e+01 -3.003e+01  5.449e+00  0.000e+00  4.413e+00 -3.444e+01  4.164e+00  1.285e+00  0.000e+00  0.000e+00
   7665 -2.56271e+01 -3.042e+01  4.794e+00  0.000e+00  4.256e+00 -3.468e+01  2.692e+00  2.102e+00  0.000e+00  0.000e+00
   7680 -2.36294e+01 -3.130e+01  7.668e+00  0.000e+00  4.908e+00 -3.621e+01  3.568e+00  4.100e+00  0.000e+00  0.000e+00
   7695 -2.38937e+01 -3.320e+01  9.307e+00  0.000e+00  5.016e+00 -3.822e+01  4.717e+00  4.590e+00  0.000e+00  0.000e+00
   7710 -2.47774e+01 -3.018e+01  5.402e+00  0.000e+00  5.911e+00 -3.609e+01  3.118e+00  2.284e+00  0.000e+00  0.000e+00
   7725 -2.50494e+01 -2.895e+01  3.901e+00  0.000e+00  5.669e+00 -3.462e+01  2.814e+00  1.086e+00  0.000e+00  0.000e+00
   7740 -2.26550e+01 -2.731e+01  4.660e+00  0.000e+00  6.284e+00 -3.360e+01  2.848e+00  1.811e+00  0.000e+00  0.000e+00
   7755 -2.50986e+01 -3.119e+01  6.088e+00  0.000e+00  5.446e+00 -3.663e+01  3.533e+00  2.555e+00  0.000e+00  0.000e+00
   7770 -2.57012e+01 -3.035e+01  4.649e+00  0.000e+00  5.914e+00 -3.626e+01  3.245e+00  1.404e+00  0.000e+00  0.000e+00
   7785 -2.48012e+01 -3.093e+01  6.125e+00  0.000e+00  5.952e+00 -3.688e+01  2.733e+00  3.392e+00  0.000e+00  0.000e+00
   7800 -2.37935e+01 -2.857e+01  4.775e+00  0.000e+00  6.578e+00 -3.515e+01  1.759e+00  3.016e+00  0.000e+00  0.000e+00
   7815 -2.50351e+01 -3.026e+01  5.229e+00  0.000e+00  5.782e+00 -3.605e+01  3.392e+00  1.837e+00  0.000e+00  0.000e+00
   7830 -2.61406e+01 -2.940e+01  3.263e+00  0.000e+00  7.188e+00 -3.659e+01  2.389e+00  8.733e-01  0.000e+00  0.000e+00
   7845 -2.21493e+01 -2.851e+01  6.361e+00  0.000e+00  6.456e+00 -3.497e+01  4.589e+00  1.771e+00  0.000e+00  0.000e+00
   7860 -2.18229e+01 -2.913e+01  7.307e+00  0.000e+00  6.812e+00 -3.594e+01  4.615e+00  2.692e+00  0.000e+00  0.000e+00
   7875 -2.42189e+01 -2.909e+01  4.871e+00  0.000e+00  5.571e+00 -3.466e+01  2.690e+00  2.181e+00  0.000e+00  0.000e+00
   7890 -2.35988e+01 -2.915e+01  5.555e+00  0.000e+00  5.366e+00 -3.452e+01  2.658e+00  2.897e+00  0.000e+00  0.000e+00
   7905 -2.45124e+01 -2.766e+01  3.151e+00  0.000e+00  5.485e+00 -3.315e+01  1.798e+00  1.353e+00  0.000e+00  0.000e+00
   7920 -2.44087e+01 -3.021e+01  5.798e+00  0.000e+00  4.969e+00 -3.518e+01  3.216e+00  2.582e+00  0.000e+00  0.000e+00
   7935 -2.54645e+01 -2.889e+01  3.425e+00  0.000e+00  4.829e+00 -3.372e+01  1.744e+00  1.682e+00  0.000e+00  0.000e+00
   7950 -2.66395e+01 -2.909e+01  2.450e+00  0.000e+00  5.019e+00 -3.411e+01  1.494e+00  9.568e-01  0.000e+00  0.000e+00
   7965 -2.47558e+01 -3.022e+01  5.469e+00  0.000e+00  5.575e+00 -3.580e+01  4.520e+00  9.488e-01  0.000e+00  0.000e+00
   7980 -2.61019e+01 -3.083e+01  4.728e+00  0.000e+00  5.702e+00 -3.653e+01  3.419e+00  1.309e+00  0.000e+00  0.000e+00
   7995 -2.53938e+01 -3.089e+01  5.496e+00  0.000e+00  5.205e+00 -3.609e+01  4.197e+00  1.298e+00  0.000e+00  0.000e+00
   8010 -2.55281e+01 -3.078e+01  5.257e+00  0.000e+00  5.283e+00 -3.607e+01  2.960e+00  2.297e+00  0.000e+00  0.000e+00
   8025 -2.50874e+01 -2.864e+01  3.552e+00  0.000e+00  4.817e+00 -3.346e+01  1.736e+00  1.817e+00  0.000e+00  0.000e+00
   8040 -2.40304e+01 -2.954e+01  5.510e+00  0.000e+00  4.740e+00 -3.428e+01  5.189e+00  3.212e-01  0.000e+00  0.000e+00
   8055 -2.33908e+01 -2.984e+01  6.453e+00  0.000e+00  5.628e+00 -3.547e+01  4.771e+00  1.682e+00  0.000e+00  0.000e+00
   8070 -2.18273e+01 -3.126e+01  9.429e+00  0.000e+00  5.477e+00 -3.673e+01  5.751e+00  3.678e+00  0.000e+00  0.000e+00
   8085 -2.54279e+01 -3.178e+01  6.350e+00  0.000e+00  5.620e+00 -3.740e+01  2.929e+00  3.421e+00  0.000e+00  0.000e+00
   8100 -2.54106e+01 -3.205e+01  6.637e+00  0.000e+00  4.998e+00 -3.705e+01  3.625e+00  3.012e+00  0.000e+00  0.000e+00
   8115 -2.28714e+01 -2.992e+01  7.045e+00  0.000e+00  5.891e+00 -3.581e+01  4.586e+00  2.458e+00  0.000e+00  0.000e+00
   8130 -2.54536e+01 -2.975e+01  4.299e+00  0.000e+00  5.331e+00 -3.508e+01  2.667e+00  1.632e+00  0.000e+00  0.000e+00
   8145 -2.56459e+01 -3.001e+01  4.363e+00  0.000e+00  4.946e+00 -3.496e+01  2.077e+00  2.286e+00  0.000e+00  0.000e+00
   8160 -2.52926e+01 -3.188e+01  6.592e+00  0.000e+00  4.731e+00 -3.662e+01  4.356e+00  2.236e+00  0.000e+00  0.000e+00
   8175 -2.30206e+01 -3.232e+01  9.304e+00  0.000e+00  4.887e+00 -3.721e+01  6.980e+00  2.323e+00  0.000e+00  0.000e+00
   8190 -2.35525e+01 -3.168e+01  8.123e+00  0.000e+00  5.876e+00 -3.755e+01  5.255e+00  2.868e+00  0.000e+00  0.000e+00
   8205 -2.63197e+01 -3.135e+01  5.030e+00  0.000e+00  6.024e+00 -3.737e+01  2.643e+00  2.387e+00  0.000e+00  0.000e+00
   8220 -2.69224e+01 -3.065e+01  3.725e+00  0.000e+00  5.556e+00 -3.620e+01  2.614e+00  1.111e+00  0.000e+00  0.000e+00
   8235 -2.57717e+01 -3.135e+01  5.575e+00  0.000e+00  5.700e+00 -3.705e+01  3.382e+00  2.193e+00  0.000e+00  0.000e+00
   8250 -2.58032e+01 -3.281e+01  7.005e+00  0.000e+00  5.064e+00 -3.787e+01  3.463e+00  3.543e+00  0.000e+00  0.000e+00
   8265 -2.53782e+01 -3.105e+01  5.673e+00  0.000e+00  4.864e+00 -3.592e+01  1.296e+00  4.378e+00  0.000e+00  0.000e+00
   8280 -2.52489e+01 -3.116e+01  5.912e+00  0.000e+00  5.258e+00 -3.642e+01  2.820e+00  3.092e+00  0.000e+00  0.000e+00
   8295 -2.69367e+01 -3.016e+01  3.220e+00  0.000e+00  5.471e+00 -3.563e+01  1.075e+00  2.145e+00  0.000e+00  0.000e+00
   8310 -2.44679e+01 -2.909e+01  4.623e+00  0.000e+00  5.036e+00 -3.413e+01  3.932e+00  6.903e-01  0.000e+00  0.000e+00
   8325 -2.48413e+01 -2.993e+01  5.090e+00  0.000e+00  5.940e+00 -3.587e+01  4.124e+00  9.661e-01  0.000e+00  0.000e+00
   8340 -2.69228e+01 -2.988e+01  2.956e+00  0.000e+00  4.858e+00 -3.474e+01  2.309e+00  6.472e-01  0.000e+00  0.000e+00
   8355 -2.52099e+01 -2.880e+01  3.593e+00  0.000e+00  4.546e+00 -3.335e+01  2.837e+00  7.562e-01  0.000e+00  0.000e+00
   8370 -2.40452e+01 -2.835e+01  4.301e+00  0.000e+00  5.253e+00 -3.360e+01  3.286e+00  1.015e+00  0.000e+00  0.000e+00
   8385 -2.26220e+01 -2.960e+01  6.977e+00  0.000e+00  5.147e+00 -3.475e+01  3.113e+00  3.864e+00  0.000e+00  0.000e+00
   8400 -2.14123e+01 -3.039e+01  8.976e+00  0.000e+00  6.251e+00 -3.664e+01  3.006e+00  5.969e+00  0.000e+00  0.000e+00
   8415 -1.59501e+01 -2.923e+01  1.328e+01  0.000e+00  6.886e+00 -3.611e+01  5.151e+00  8.124e+00  0.000e+00  0.000e+00
   8430 -1.78537e+01 -2.941e+01  1.155e+01  0.000e+00  6.199e+00 -3.561e+01  5.098e+00  6.457e+00  0.000e+00  0.000e+00
   8445 -1.89567e+01 -2.815e+01  9.190e+00  0.000e+00  5.297e+00 -3.344e+01  6.601e+00  2.590e+00  0.000e+00  0.000e+00
   8460 -1.97820e+01 -2.830e+01  8.515e+00  0.000e+00  6.145e+00 -3.444e+01  5.293e+00  3.221e+00  0.000e+00  0.000e+00
   8475 -2.43503e+01 -3.039e+01  6.037e+00  0.000e+00  6.039e+00 -3.643e+01  4.115e+00  1.922e+00  0.000e+00  0.000e+00
   8490 -2.27275e+01 -3.074e+01  8.011e+00  0.000e+00  5.359e+00 -3.610e+01  4.689e+00  3.322e+00  0.000e+00  0.000e+00
   8505 -2.29681e+01 -2.927e+01  6.299e+00  0.000e+00  5.611e+00 -3.488e+01  5.781e+00  5.181e-01  0.000e+00  0.000e+00
   8520 -2.33875e+01 -2.840e+01  5.011e+00  0.000e+00  5.381e+00 -3.378e+01  3.902e+00  1.108e+00  0.000e+00  0.000e+00
   8535 -2.37378e+01 -2.773e+01  3.996e+00  0.000e+00  6.286e+00 -3.402e+01  2.361e+00  1.635e+00  0.000e+00  0.000e+00
   8550 -1.94254e+01 -2.684e+01  7.413e+00  0.000e+00  7.525e+00 -3.436e+01  4.895e+00  2.518e+00  0.000e+00  0.000e+00
   8565 -2.27145e+01 -2.826e+01  5.546e+00  0.000e+00  6.927e+00 -3.519e+01  3.579e+00  1.967e+00  0.000e+00  0.000e+00
   8580 -2.39205e+01 -2.894e+01  5.016e+00  0.000e+00  6.048e+00 -3.498e+01  2.464e+00  2.552e+00  0.000e+00  0.000e+00
   8595 -2.27027e+01 -2.868e+01  5.979e+00  0.000e+00  6.164e+00 -3.485e+01  1.758e+00  4.221e+00  0.000e+00  0.000e+00
   8610 -2.37475e+01 -2.828e+01  4.530e+00  0.000e+00  5.640e+00 -3.392e+01  2.533e+00  1.997e+00  0.000e+00  0.000e+00
   8625 -2.32778e+01 -2.755e+01  4.276e+00  0.000e+00  5.365e+00 -3.292e+01  3.191e+00  1.085e+00  0.000e+00  0.000e+00
   8640 -2.48703e+01 -2.853e+01  3.661e+00  0.000e+00  5.620e+00 -3.415e+01  1.980e+00  1.681e+00  0.000e+00  0.000e+00
   8655 -2.06240e+01 -2.911e+01  8.484e+00  0.000e+00  4.950e+00 -3.406e+01  4.693e+00  3.791e+00  0.000e+00  0.000e+00
   8670 -2.13948e+01 -2.627e+01  4.873e+00  0.000e+00  4.961e+00 -3.123e+01  2.861e+00  2.012e+00  0.000e+00  0.000e+00
   8685 -2.16663e+01 -2.649e+01  4.828e+00  0.000e+00  4.228e+00 -3.072e+01  1.525e+00  3.304e+00  0.000e+00  0.000e+00
   8700 -2.29708e+01 -2.614e+01  3.167e+00  0.000e+00  3.889e+00 -3.003e+01  1.298e+00  1.869e+00  0.000e+00  0.000e+00
   8715 -2.24522e+01 -2.787e+01  5.419e+00  0.000e+00  3.690e+00 -3.156e+01  2.451e+00  2.967e+00  0.000e+00  0.000e+00
   8730 -2.22808e+01 -2.743e+01  5.151e+00  0.000e+00  3.745e+00 -3.118e+01  2.547e+00  2.604e+00  0.000e+00  0.000e+00
   8745 -2.05567e+01 -2.849e+01  7.938e+00  0.000e+00  4.253e+00 -3.275e+01  5.354e+00  2.584e+00  0.000e+00  0.000e+00
   8760 -2.28898e+01 -2.842e+01  5.529e+00  0.000e+00  4.123e+00 -3.254e+01  3.353e+00  2.176e+00  0.000e+00  0.000e+00
   8775 -2.11598e+01 -2.790e+01  6.735e+00  0.000e+00  4.636e+00 -3.253e+01  4.434e+00  2.302e+00  0.000e+00  0.000e+00
   8790 -2.21984e+01 -2.616e+01  3.966e+00  0.000e+00  4.346e+00 -3.051e+01  3.347e+00  6.193e-01  0.000e+00  0.000e+00
   8805 -2.27786e+01 -2.848e+01  5.704e+00  0.000e+00  4.035e+00 -3.252e+01  4.739e+00  9.652e-01  0.000e+00  0.000e+00
   8820 -1.95719e+01 -2.776e+01  8.188e+00  0.000e+00  4.332e+00 -3.209e+01  7.120e+00  1.069e+00  0.000e+00  0.000e+00
   8835 -2.11918e+01 -2.787e+01  6.678e+00  0.000e+00  4.219e+00 -3.209e+01  5.619e+00  1.059e+00  0.000e+00  0.000e+00
   8850 -2.03995e+01 -2.683e+01  6.426e+00  0.000e+00  3.897e+00 -3.072e+01  5.371e+00  1.055e+00  0.000e+00  0.000e+00
   8865 -2.01836e+01 -2.648e+01  6.297e+00  0.000e+00  3.611e+00 -3.009e+01  5.199e+00  1.098e+00  0.000e+00  0.000e+00
   8880 -2.02792e+01 -2.612e+01  5.837e+00  0.000e+00  3.567e+00 -2.968e+01  4.206e+00  1.631e+00  0.000e+00  0.000e+00
   8895 -2.26971e+01 -2.438e+01  1.682e+00  0.000e+00  3.426e+00 -2.780e+01  1.081e+00  6.011e-01  0.000e+00  0.000e+00
   8910 -2.20020e+01 -2.531e+01  3.305e+00  0.000e+00  3.130e+00 -2.844e+01  2.577e+00  7.280e-01  0.000e+00  0.000e+00
   8925 -2.27300e+01 -2.469e+01  1.963e+00  0.000e+00  3.505e+00 -2.820e+01  1.082e+00  8.812e-01  0.000e+00  0.000e+00
   8940 -2.08882e+01 -2.509e+01  4.198e+00  0.000e+00  3.615e+00 -2.870e+01  3.141e+00  1.056e+00  0.000e+00  0.000e+00
   8955 -2.25631e+01 -2.415e+01  1.586e+00  0.000e+00  3.608e+00 -2.776e+01  1.231e+00  3.549e-01  0.000e+00  0.000e+00
   8970 -2.21424e+01 -2.615e+01  4.009e+00  0.000e+00  3.213e+00 -2.937e+01  2.713e+00  1.296e+00  0.000e+00  0.000e+00
   8985 -2.04107e+01 -2.467e+01  4.256e+00  0.000e+00  3.361e+00 -2.803e+01  2.859e+00  1.397e+00  0.000e+00  0.000e+00
   9000 -2.24550e+01 -2.497e+01  2.510e+00  0.000e+00  3.266e+00 -2.823e+01  1.919e+00  5.918e-01  0.000e+00  0.000e+00
   9015 -2.22637e+01 -2.581e+01  3.545e+00  0.000e+00  3.621e+00 -2.943e+01  2.414e+00  1.131e+00  0.000e+00  0.000e+00
   9030 -2.22810e+01 -2.690e+01  4.616e+00  0.000e+00  3.693e+00 -3.059e+01  3.556e+00  1.060e+00  0.000e+00  0.000e+00
   9045 -1.96845e+01 -2.645e+01  6.761e+00  0.000e+00  3.629e+00 -3.007e+01  5.897e+00  8.644e-01  0.000e+00  0.000e+00
   9060 -2.18741e+01 -2.713e+01  5.257e+00  0.000e+00  4.021e+00 -3.115e+01  3.399e+00  1.859e+00  0.000e+00  0.000e+00
   9075 -2.15534e+01 -2.794e+01  6.384e+00  0.000e+00  3.769e+00 -3.171e+01  4.407e+00  1.976e+00  0.000e+00  0.000e+00
   9090 -2.00648e+01 -2.580e+01  5.733e+00  0.000e+00  3.367e+00 -2.917e+01  5.344e+00  3.893e-01  0.000e+00  0.000e+00
   9105 -2.26182e+01 -2.632e+01  3.703e+00  0.000e+00  3.504e+00 -2.983e+01  3.012e+00  6.909e-01  0.000e+00  0.000e+00
   9120 -2.01550e+01 -2.613e+01  5.975e+00  0.000e+00  3.424e+00 -2.955e+01  5.227e+00  7.478e-01  0.000e+00  0.000e+00
   9135 -2.35533e+01 -2.643e+01  2.873e+00  0.000e+00  3.664e+00 -3.009e+01  1.811e+00  1.062e+00  0.000e+00  0.000e+00
   9150 -2.20411e+01 -2.612e+01  4.081e+00  0.000e+00  3.781e+00 -2.990e+01  1.838e+00  2.243e+00  0.000e+00  0.000e+00
   9165 -2.25265e+01 -2.765e+01  5.127e+00  0.000e+00  4.009e+00 -3.166e+01  4.895e+00  2.313e-01  0.000e+00  0.000e+00
   9180 -2.47434e+01 -2.832e+01  3.574e+00  0.000e+00  3.724e+00 -3.204e+01  2.381e+00  1.193e+00  0.000e+00  0.000e+00
   9195 -2.27024e+01 -2.815e+01  5.444e+00  0.000e+00  3.928e+00 -3.207e+01  4.038e+00  1.406e+00  0.000e+00  0.000e+00
   9210 -2.27464e+01 -2.788e+01  5.138e+00  0.000e+00  3.674e+00 -3.156e+01  3.807e+00  1.331e+00  0.000e+00  0.000e+00
   9225 -2.47512e+01 -2.875e+01  3.998e+00  0.000e+00  3.552e+00 -3.230e+01  2.447e+00  1.551e+00  0.000e+00  0.000e+00
   9240 -2.28003e+01 -2.778e+01  4.976e+00  0.000e+00  3.034e+00 -3.081e+01  4.151e+00  8.250e-01  0.000e+00  0.000e+00
   9255 -2.08013e+01 -2.726e+01  6.456e+00  0.000e+00  3.202e+00 -3.046e+01  5.586e+00  8.698e-01  0.000e+00  0.000e+00
   9270 -2.02934e+01 -2.708e+01  6.782e+00  0.000e+00  2.412e+00 -2.949e+01  5.864e+00  9.178e-01  0.000e+00  0.000e+00
   9285 -2.16137e+01 -2.815e+01  6.539e+00  0.000e+00  2.474e+00 -3.063e+01  6.394e+00  1.445e-01  0.000e+00  0.000e+00
   9300 -2.09741e+01 -2.772e+01  6.749e+00  0.000e+00  3.119e+00 -3.084e+01  6.058e+00  6.904e-01  0.000e+00  0.000e+00
   9315 -2.14927e+01 -2.815e+01  6.656e+00  0.000e+00  3.095e+00 -3.124e+01  6.306e+00  3.496e-01  0.000e+00  0.000e+00
   9330 -2.02840e+01 -2.604e+01  5.756e+00  0.000e+00  3.425e+00 -2.946e+01  4.998e+00  7.579e-01  0.000e+00  0.000e+00
   9345 -2.09440e+01 -2.614e+01  5.194e+00  0.000e+00  3.454e+00 -2.959e+01  4.653e+00  5.416e-01  0.000e+00  0.000e+00
   9360 -2.06797e+01 -2.588e+01  5.198e+00  0.000e+00  3.286e+00 -2.916e+01  4.874e+00  3.242e-01  0.000e+00  0.000e+00
   9375 -1.99718e+01 -2.677e+01  6.798e+00  0.000e+00  2.707e+00 -2.948e+01  5.945e+00  8.526e-01  0.000e+00  0.000e+00
   9390 -2.04945e+01 -2.755e+01  7.054e+00  0.000e+00  2.354e+00 -2.990e+01  5.345e+00  1.709e+00  0.000e+00  0.000e+00
   9405 -1.99076e+01 -2.779e+01  7.878e+00  0.000e+00  2.526e+00 -3.031e+01  6.016e+00  1.862e+00  0.000e+00  0.000e+00
   9420 -2.16807e+01 -2.731e+01  5.632e+00  0.000e+00  2.401e+00 -2.971e+01  4.301e+00  1.332e+00  0.000e+00  0.000e+00
   9435 -1.96277e+01 -2.542e+01  5.793e+00  0.000e+00  2.805e+00 -2.823e+01  3.375e+00  2.418e+00  0.000e+00  0.000e+00
   9450 -1.96784e+01 -2.543e+01  5.753e+00  0.000e+00  2.480e+00 -2.791e+01  2.076e+00  3.677e+00  0.000e+00  0.000e+00
   9465 -2.09504e+01 -2.694e+01  5.994e+00  0.000e+00  2.899e+00 -2.984e+01  3.116e+00  2.878e+00  0.000e+00  0.000e+00
   9480 -2.20396e+01 -2.845e+01  6.409e+00  0.000e+00  3.118e+00 -3.157e+01  4.620e+00  1.789e+00  0.000e+00  0.000e+00
   9495 -2.18653e+01 -2.801e+01  6.142e+00  0.000e+00  3.187e+00 -3.119e+01  4.641e+00  1.501e+00  0.000e+00  0.000e+00
   9510 -2.35058e+01 -2.626e+01  2.753e+00  0.000e+00  2.735e+00 -2.899e+01  2.480e+00  2.727e-01  0.000e+00  0.000e+00
   9525 -2.18617e+01 -2.827e+01  6.405e+00  0.000e+00  2.729e+00 -3.100e+01  5.282e+00  1.122e+00  0.000e+00  0.000e+00
   9540 -1.95965e+01 -2.957e+01  9.974e+00  0.000e+00  2.840e+00 -3.241e+01  8.521e+00  1.453e+00  0.000e+00  0.000e+00
   9555 -2.47205e+01 -2.910e+01  4.381e+00  0.000e+00  3.448e+00 -3.255e+01  2.448e+00  1.933e+00  0.000e+00  0.000e+00
   9570 -2.06058e+01 -2.725e+01  6.644e+00  0.000e+00  3.462e+00 -3.071e+01  5.223e+00  1.421e+00  0.000e+00  0.000e+00
   9585 -2.42711e+01 -2.716e+01  2.893e+00  0.000e+00  3.363e+00 -3.053e+01  2.331e+00  5.623e-01  0.000e+00  0.000e+00
   9600 -2.23917e+01 -2.615e+01  3.758e+00  0.000e+00  3.544e+00 -2.969e+01  2.955e+00  8.027e-01  0.000e+00  0.000e+00
   9615 -2.07920e+01 -2.776e+01  6.971e+00  0.000e+00  3.507e+00 -3.127e+01  3.814e+00  3.157e+00  0.000e+00  0.000e+00
   9630 -2.07100e+01 -2.951e+01  8.803e+00  0.000e+00  3.587e+00 -3.310e+01  4.780e+00  4.023e+00  0.000e+00  0.000e+00
   9645 -2.19332e+01 -2.828e+01  6.349e+00  0.000e+00  4.091e+00 -3.237e+01  5.182e+00  1.167e+00  0.000e+00  0.000e+00
   9660 -2.37743e+01 -2.860e+01  4.827e+00  0.000e+00  3.722e+00 -3.232e+01  3.615e+00  1.212e+00  0.000e+00  0.000e+00
   9675 -2.33742e+01 -2.953e+01  6.160e+00  0.000e+00  3.846e+00 -3.338e+01  3.284e+00  2.876e+00  0.000e+00  0.000e+00
   9690 -2.32678e+01 -2.858e+01  5.313e+00  0.000e+00  4.294e+00 -3.287e+01  2.306e+00  3.007e+00  0.000e+00  0.000e+00
   9705 -2.48729e+01 -2.921e+01  4.332e+00  0.000e+00  4.392e+00 -3.360e+01  2.580e+00  1.752e+00  0.000e+00  0.000e+00
   9720 -2.16450e+01 -2.780e+01  6.155e+00  0.000e+00  4.751e+00 -3.255e+01  2.932e+00  3.222e+00  0.000e+00  0.000e+00
   9735 -2.09342e+01 -2.995e+01  9.016e+00  0.000e+00  4.345e+00 -3.430e+01  7.493e+00  1.523e+00  0.000e+00  0.000e+00
   9750 -2.16473e+01 -3.051e+01  8.861e+00  0.000e+00  5.214e+00 -3.572e+01  6.083e+00  2.777e+00  0.000e+00  0.000e+00
   9765 -2.20660e+01 -2.980e+01  7.735e+00  0.000e+00  6.310e+00 -3.611e+01  3.628e+00  4.107e+00  0.000e+00  0.000e+00
   9780 -2.32146e+01 -3.192e+01  8.707e+00  0.000e+00  5.578e+00 -3.750e+01  7.514e+00  1.193e+00  0.000e+00  0.000e+00
   9795 -2.45040e+01 -2.906e+01  4.555e+00  0.000e+00  6.134e+00 -3.519e+01  2.376e+00  2.179e+00  0.000e+00  0.000e+00
   9810 -2.13337e+01 -2.563e+01  4.300e+00  0.000e+00  6.723e+00 -3.236e+01  2.651e+00  1.649e+00  0.000e+00  0.000e+00
   9825 -2.16731e+01 -2.523e+01  3.558e+00  0.000e+00  8.076e+00 -3.331e+01  2.210e+00  1.348e+00  0.000e+00  0.000e+00
   9840 -2.13457e+01 -2.663e+01  5.282e+00  0.000e+00  7.836e+00 -3.446e+01  1.999e+00  3.282e+00  0.000e+00  0.000e+00
   9855 -2.17391e+01 -2.685e+01  5.116e+00  0.000e+00  7.917e+00 -3.477e+01  3.716e+00  1.400e+00  0.000e+00  0.000e+00
   9870 -2.33139e+01 -2.877e+01  5.452e+00  0.000e+00  6.741e+00 -3.551e+01  3.806e+00  1.646e+00  0.000e+00  0.000e+00
   9885 -2.37891e+01 -2.897e+01  5.184e+00  0.000e+00  5.923e+00 -3.490e+01  2.184e+00  3.001e+00  0.000e+00  0.000e+00
   9900 -2.27079e+01 -2.987e+01  7.162e+00  0.000e+00  5.375e+00 -3.524e+01  4.495e+00  2.667e+00  0.000e+00  0.000e+00
   9915 -2.37540e+01 -2.854e+01  4.785e+00  0.000e+00  5.336e+00 -3.387e+01  2.079e+00  2.705e+00  0.000e+00  0.000e+00
   9930 -2.22173e+01 -2.786e+01  5.644e+00  0.000e+00  5.135e+00 -3.300e+01  4.699e+00  9.456e-01  0.000e+00  0.000e+00
   9945 -2.09455e+01 -2.868e+01  7.733e+00  0.000e+00  4.694e+00 -3.337e+01  4.669e+00  3.063e+00  0.000e+00  0.000e+00
   9960 -2.26527e+01 -2.832e+01  5.667e+00  0.000e+00  5.064e+00 -3.338e+01  3.248e+00  2.419e+00  0.000e+00  0.000e+00
   9975 -2.25822e+01 -2.839e+01  5.807e+00  0.000e+00  4.770e+00 -3.316e+01  2.686e+00  3.121e+00  0.000e+00  0.000e+00
   9990 -2.23393e+01 -2.971e+01  7.376e+00  0.000e+00  4.541e+00 -3.426e+01  5.040e+00  2.336e+00  0.000e+00  0.000e+00
