# energy [kcal/mol] of he2
#  conf     e_total  e_nonbond   e_bonded  e_boundary      e_vdw     e_elst     e_bond    e_angle     e_tors      e_oop
      0 -1.80006e-03 -1.800e-03  0.000e+00  0.000e+00 -1.800e-03  0.000e+00  0.000e+00  0.000e+00  0.000e+00  0.000e+00
    100 -5.42671e-03 -5.427e-03  0.000e+00  0.000e+00 -5.427e-03  0.000e+00  0.000e+00  0.000e+00  0.000e+00  0.000e+00
    200 -2.42625e-03 -2.426e-03  0.000e+00  0.000e+00 -2.426e-03  0.000e+00  0.000e+00  0.000e+00  0.000e+00  0.000e+00
    300 -8.54984e-06 -8.550e-06  0.000e+00  0.000e+00 -8.550e-06  0.000e+00  0.000e+00  0.000e+00  0.000e+00  0.000e+00
    400 -1.72036e-05 -1.720e-05  0.000e+00  0.000e+00 -1.720e-05  0.000e+00  0.000e+00  0.000e+00  0.000e+00  0.000e+00
    500 -3.64066e-07 -3.641e-07  0.000e+00  0.000e+00 -3.641e-07  0.000e+00  0.000e+00  0.000e+00  0.000e+00  0.000e+00
    600 -1.85874e-08 -1.859e-08  0.000e+00  0.000e+00 -1.859e-08  0.000e+00  0.000e+00  0.000e+00  0.000e+00  0.000e+00
    700 -1.41091e-08 -1.411e-08  0.000e+00  0.000e+00 -1.411e-08  0.000e+00  0.000e+00  0.000e+00  0.000e+00  0.000e+00
    800  1.06976e-01 -5.303e-09  0.000e+00  1.070e-01 -5.303e-09  0.000e+00  0.000e+00  0.000e+00  0.000e+00  0.000e+00
    900 -6.02251e-07 -6.023e-07  0.000e+00  0.000e+00 -6.023e-07  0.000e+00  0.000e+00  0.000e+00  0.000e+00  0.000e+00
   1000 -2.33740e-09 -2.337e-09  0.000e+00  0.000e+00 -2.337e-09  0.000e+00  0.000e+00  0.000e+00  0.000e+00  0.000e+00
   1100 -4.41648e-06 -4.416e-06  0.000e+00  0.000e+00 -4.416e-06  0.000e+00  0.000e+00  0.000e+00  0.000e+00  0.000e+00
   1200 -8.53352e-09 -8.534e-09  0.000e+00  0.000e+00 -8.534e-09  0.000e+00  0.000e+00  0.000e+00  0.000e+00  0.000e+00
   1300 -1.36378e-07 -1.364e-07  0.000e+00  0.000e+00 -1.364e-07  0.000e+00  0.000e+00  0.000e+00  0.000e+00  0.000e+00
   1400 -1.05294e-08 -1.053e-08  0.000e+00  0.000e+00 -1.053e-08  0.000e+00  0.000e+00  0.000e+00  0.000e+00  0.000e+00
   1500 -1.61741e-07 -1.617e-07  0.000e+00  0.000e+00 -1.617e-07  0.000e+00  0.000e+00  0.000e+00  0.000e+00  0.000e+00
   1600 -3.04277e-07 -3.043e-07  0.000e+00  0.000e+00 -3.043e-07  0.000e+00  0.000e+00  0.000e+00  0.000e+00  0.000e+00
   1700 -7.73352e-06 -7.734e-06  0.000e+00  0.000e+00 -7.734e-06  0.000e+00  0.000e+00  0.000e+00  0.000e+00  0.000e+00
   1800 -1.44595e-08 -1.446e-08  0.000e+00  0.000e+00 -1.446e-08  0.000e+00  0.000e+00  0.000e+00  0.000e+00  0.000e+00
   1900 -1.79362e-08 -1.794e-08  0.000e+00  0.000e+00 -1.794e-08  0.000e+00  0.000e+00  0.000e+00  0.000e+00  0.000e+00
   2000 -2.60456e-09 -2.605e-09  0.000e+00  0.000e+00 -2.605e-09  0.000e+00  0.000e+00  0.000e+00  0.000e+00  0.000e+00
   2100 -3.14149e-09 -3.141e-09  0.000e+00  0.000e+00 -3.141e-09  0.000e+00  0.000e+00  0.000e+00  0.000e+00  0.000e+00
   2200 -1.56869e-09 -1.569e-09  0.000e+00  0.000e+00 -1.569e-09  0.000e+00  0.000e+00  0.000e+00  0.000e+00  0.000e+00
   2300 -1.33152e-06 -1.332e-06  0.000e+00  0.000e+00 -1.332e-06  0.000e+00  0.000e+00  0.000e+00  0.000e+00  0.000e+00
   2400 -4.23994e-06 -4.240e-06  0.000e+00  0.000e+00 -4.240e-06  0.000e+00  0.000e+00  0.000e+00  0.000e+00  0.000e+00
   2500 -4.82202e-08 -4.822e-08  0.000e+00  0.000e+00 -4.822e-08  0.000e+00  0.000e+00  0.000e+00  0.000e+00  0.000e+00
   2600 -9.06919e-08 -9.069e-08  0.000e+00  0.000e+00 -9.069e-08  0.000e+00  0.000e+00  0.000e+00  0.000e+00  0.000e+00
   2700 -3.55428e-09 -3.554e-09  0.000e+00  0.000e+00 -3.554e-09  0.000e+00  0.000e+00  0.000e+00  0.000e+00  0.000e+00
   2800 -2.37387e-07 -2.374e-07  0.000e+00  0.000e+00 -2.374e-07  0.000e+00  0.000e+00  0.000e+00  0.000e+00  0.000e+00
   2900 -5.92771e-09 -5.928e-09  0.000e+00  0.000e+00 -5.928e-09  0.000e+00  0.000e+00  0.000e+00  0.000e+00  0.000e+00
   3000 -2.66350e-04 -2.664e-04  0.000e+00  0.000e+00 -2.664e-04  0.000e+00  0.000e+00  0.000e+00  0.000e+00  0.000e+00
   3100 -3.39447e-09 -3.394e-09  0.000e+00  0.000e+00 -3.394e-09  0.000e+00  0.000e+00  0.000e+00  0.000e+00  0.000e+00
   3200 -4.32841e-07 -4.328e-07  0.000e+00  0.000e+00 -4.328e-07  0.000e+00  0.000e+00  0.000e+00  0.000e+00  0.000e+00
   3300 -5.53577e-08 -5.536e-08  0.000e+00  0.000e+00 -5.536e-08  0.000e+00  0.000e+00  0.000e+00  0.000e+00  0.000e+00
   3400 -5.46589e-07 -5.466e-07  0.000e+00  0.000e+00 -5.466e-07  0.000e+00  0.000e+00  0.000e+00  0.000e+00  0.000e+00
   3500 -1.07758e-06 -1.078e-06  0.000e+00  0.000e+00 -1.078e-06  0.000e+00  0.000e+00  0.000e+00  0.000e+00  0.000e+00
   3600 -3.22274e-07 -3.223e-07  0.000e+00  0.000e+00 -3.223e-07  0.000e+00  0.000e+00  0.000e+00  0.000e+00  0.000e+00
   3700 -1.50957e-09 -1.510e-09  0.000e+00  0.000e+00 -1.510e-09  0.000e+00  0.000e+00  0.000e+00  0.000e+00  0.000e+00
   3800 -1.83502e-08 -1.835e-08  0.000e+00  0.000e+00 -1.835e-08  0.000e+00  0.000e+00  0.000e+00  0.000e+00  0.000e+00
   3900 -3.75305e-09 -3.753e-09  0.000e+00  0.000e+00 -3.753e-09  0.000e+00  0.000e+00  0.000e+00  0.000e+00  0.000e+00
   4000 -1.43227e-06 -1.432e-06  0.000e+00  0.000e+00 -1.432e-06  0.000e+00  0.000e+00  0.000e+00  0.000e+00  0.000e+00
   4100 -6.47003e-07 -6.470e-07  0.000e+00  0.000e+00 -6.470e-07  0.000e+00  0.000e+00  0.000e+00  0.000e+00  0.000e+00
   4200 -4.70278e-09 -4.703e-09  0.000e+00  0.000e+00 -4.703e-09  0.000e+00  0.000e+00  0.000e+00  0.000e+00  0.000e+00
   4300 -9.48736e-09 -9.487e-09  0.000e+00  0.000e+00 -9.487e-09  0.000e+00  0.000e+00  0.000e+00  0.000e+00  0.000e+00
   4400 -1.57750e-06 -1.577e-06  0.000e+00  0.000e+00 -1.577e-06  0.000e+00  0.000e+00  0.000e+00  0.000e+00  0.000e+00
   4500 -3.64449e-09 -3.644e-09  0.000e+00  0.000e+00 -3.644e-09  0.000e+00  0.000e+00  0.000e+00  0.000e+00  0.000e+00
   4600 -1.42816e-06 -1.428e-06  0.000e+00  0.000e+00 -1.428e-06  0.000e+00  0.000e+00  0.000e+00  0.000e+00  0.000e+00
   4700 -1.70669e-07 -1.707e-07  0.000e+00  0.000e+00 -1.707e-07  0.000e+00  0.000e+00  0.000e+00  0.000e+00  0.000e+00
   4800 -5.22973e-07 -5.230e-07  0.000e+00  0.000e+00 -5.230e-07  0.000e+00  0.000e+00  0.000e+00  0.000e+00  0.000e+00
   4900 -1.21145e-08 -1.211e-08  0.000e+00  0.000e+00 -1.211e-08  0.000e+00  0.000e+00  0.000e+00  0.000e+00  0.000e+00
   5000 -5.72020e-08 -5.720e-08  0.000e+00  0.000e+00 -5.720e-08  0.000e+00  0.000e+00  0.000e+00  0.000e+00  0.000e+00
   5100 -8.89452e-08 -8.895e-08  0.000e+00  0.000e+00 -8.895e-08  0.000e+00  0.000e+00  0.000e+00  0.000e+00  0.000e+00
   5200 -1.74974e-07 -1.750e-07  0.000e+00  0.000e+00 -1.750e-07  0.000e+00  0.000e+00  0.000e+00  0.000e+00  0.000e+00
   5300 -3.32647e-05 -3.326e-05  0.000e+00  0.000e+00 -3.326e-05  0.000e+00  0.000e+00  0.000e+00  0.000e+00  0.000e+00
   5400 -8.36772e-06 -8.368e-06  0.000e+00  0.000e+00 -8.368e-06  0.000e+00  0.000e+00  0.000e+00  0.000e+00  0.000e+00
   5500 -7.92357e-07 -7.924e-07  0.000e+00  0.000e+00 -7.924e-07  0.000e+00  0.000e+00  0.000e+00  0.000e+00  0.000e+00
   5600 -4.05148e-07 -4.051e-07  0.000e+00  0.000e+00 -4.051e-07  0.000e+00  0.000e+00  0.000e+00  0.000e+00  0.000e+00
   5700 -7.91347e-06 -7.913e-06  0.000e+00  0.000e+00 -7.913e-06  0.000e+00  0.000e+00  0.000e+00  0.000e+00  0.000e+00
   5800 -1.51957e-06 -1.520e-06  0.000e+00  0.000e+00 -1.520e-06  0.000e+00  0.000e+00  0.000e+00  0.000e+00  0.000e+00
   5900 -1.25099e-07 -1.251e-07  0.000e+00  0.000e+00 -1.251e-07  0.000e+00  0.000e+00  0.000e+00  0.000e+00  0.000e+00
   6000 -1.50119e-08 -1.501e-08  0.000e+00  0.000e+00 -1.501e-08  0.000e+00  0.000e+00  0.000e+00  0.000e+00  0.000e+00
   6100 -1.12473e-07 -1.125e-07  0.000e+00  0.000e+00 -1.125e-07  0.000e+00  0.000e+00  0.000e+00  0.000e+00  0.000e+00
   6200 -1.94776e-06 -1.948e-06  0.000e+00  0.000e+00 -1.948e-06  0.000e+00  0.000e+00  0.000e+00  0.000e+00  0.000e+00
   6300 -3.74126e-08 -3.741e-08  0.000e+00  0.000e+00 -3.741e-08  0.000e+00  0.000e+00  0.000e+00  0.000e+00  0.000e+00
   6400 -2.98749e-09 -2.987e-09  0.000e+00  0.000e+00 -2.987e-09  0.000e+00  0.000e+00  0.000e+00  0.000e+00  0.000e+00
   6500 -1.33120e-07 -1.331e-07  0.000e+00  0.000e+00 -1.331e-07  0.000e+00  0.000e+00  0.000e+00  0.000e+00  0.000e+00
   6600 -7.41816e-08 -7.418e-08  0.000e+00  0.000e+00 -7.418e-08  0.000e+00  0.000e+00  0.000e+00  0.000e+00  0.000e+00
   6700 -1.18069e-06 -1.181e-06  0.000e+00  0.000e+00 -1.181e-06  0.000e+00  0.000e+00  0.000e+00  0.000e+00  0.000e+00
   6800 -1.26217e-06 -1.262e-06  0.000e+00  0.000e+00 -1.262e-06  0.000e+00  0.000e+00  0.000e+00  0.000e+00  0.000e+00
   6900 -4.41822e-07 -4.418e-07  0.000e+00  0.000e+00 -4.418e-07  0.000e+00  0.000e+00  0.000e+00  0.000e+00  0.000e+00
   7000 -4.80783e-08 -4.808e-08  0.000e+00  0.000e+00 -4.808e-08  0.000e+00  0.000e+00  0.000e+00  0.000e+00  0.000e+00
   7100 -1.91888e-08 -1.919e-08  0.000e+00  0.000e+00 -1.919e-08  0.000e+00  0.000e+00  0.000e+00  0.000e+00  0.000e+00
   7200 -1.15813e-08 -1.158e-08  0.000e+00  0.000e+00 -1.158e-08  0.000e+00  0.000e+00  0.000e+00  0.000e+00  0.000e+00
   7300 -1.74635e-07 -1.746e-07  0.000e+00  0.000e+00 -1.746e-07  0.000e+00  0.000e+00  0.000e+00  0.000e+00  0.000e+00
   7400 -2.72995e-07 -2.730e-07  0.000e+00  0.000e+00 -2.730e-07  0.000e+00  0.000e+00  0.000e+00  0.000e+00  0.000e+00
   7500 -1.84439e-07 -1.844e-07  0.000e+00  0.000e+00 -1.844e-07  0.000e+00  0.000e+00  0.000e+00  0.000e+00  0.000e+00
   7600 -3.62709e-07 -3.627e-07  0.000e+00  0.000e+00 -3.627e-07  0.000e+00  0.000e+00  0.000e+00  0.000e+00  0.000e+00
   7700 -4.66125e-09 -4.661e-09  0.000e+00  0.000e+00 -4.661e-09  0.000e+00  0.000e+00  0.000e+00  0.000e+00  0.000e+00
   7800 -1.54197e-08 -1.542e-08  0.000e+00  0.000e+00 -1.542e-08  0.000e+00  0.000e+00  0.000e+00  0.000e+00  0.000e+00
   7900 -8.90456e-09 -8.905e-09  0.000e+00  0.000e+00 -8.905e-09  0.000e+00  0.000e+00  0.000e+00  0.000e+00  0.000e+00
   8000 -1.62106e-07 -1.621e-07  0.000e+00  0.000e+00 -1.621e-07  0.000e+00  0.000e+00  0.000e+00  0.000e+00  0.000e+00
   8100 -3.01459e-06 -3.015e-06  0.000e+00  0.000e+00 -3.015e-06  0.000e+00  0.000e+00  0.000e+00  0.000e+00  0.000e+00
   8200 -1.45404e-08 -1.454e-08  0.000e+00  0.000e+00 -1.454e-08  0.000e+00  0.000e+00  0.000e+00  0.000e+00  0.000e+00
   8300 -3.81310e-09 -3.813e-09  0.000e+00  0.000e+00 -3.813e-09  0.000e+00  0.000e+00  0.000e+00  0.000e+00  0.000e+00
   8400 -1.17373e-06 -1.174e-06  0.000e+00  0.000e+00 -1.174e-06  0.000e+00  0.000e+00  0.000e+00  0.000e+00  0.000e+00
   8500 -9.20262e-08 -9.203e-08  0.000e+00  0.000e+00 -9.203e-08  0.000e+00  0.000e+00  0.000e+00  0.000e+00  0.000e+00
   8600 -2.64748e-07 -2.647e-07  0.000e+00  0.000e+00 -2.647e-07  0.000e+00  0.000e+00  0.000e+00  0.000e+00  0.000e+00
   8700 -3.93655e-09 -3.937e-09  0.000e+00  0.000e+00 -3.937e-09  0.000e+00  0.000e+00  0.000e+00  0.000e+00  0.000e+00
   8800 -7.09524e-09 -7.095e-09  0.000e+00  0.000e+00 -7.095e-09  0.000e+00  0.000e+00  0.000e+00  0.000e+00  0.000e+00
   8900 -1.11754e-07 -1.118e-07  0.000e+00  0.000e+00 -1.118e-07  0.000e+00  0.000e+00  0.000e+00  0.000e+00  0.000e+00
   9000 -6.67851e-07 -6.679e-07  0.000e+00  0.000e+00 -6.679e-07  0.000e+00  0.000e+00  0.000e+00  0.000e+00  0.000e+00
   9100 -5.10310e-08 -5.103e-08  0.000e+00  0.000e+00 -5.103e-08  0.000e+00  0.000e+00  0.000e+00  0.000e+00  0.000e+00
   9200 -3.08656e-08 -3.087e-08  0.000e+00  0.000e+00 -3.087e-08  0.000e+00  0.000e+00  0.000e+00  0.000e+00  0.000e+00
   9300 -1.12412e-07 -1.124e-07  0.000e+00  0.000e+00 -1.124e-07  0.000e+00  0.000e+00  0.000e+00  0.000e+00  0.000e+00
   9400 -2.33921e-07 -2.339e-07  0.000e+00  0.000e+00 -2.339e-07  0.000e+00  0.000e+00  0.000e+00  0.000e+00  0.000e+00
   9500 -1.10709e-06 -1.107e-06  0.000e+00  0.000e+00 -1.107e-06  0.000e+00  0.000e+00  0.000e+00  0.000e+00  0.000e+00
   9600 -1.29525e-08 -1.295e-08  0.000e+00  0.000e+00 -1.295e-08  0.000e+00  0.000e+00  0.000e+00  0.000e+00  0.000e+00
   9700 -7.59799e-09 -7.598e-09  0.000e+00  0.000e+00 -7.598e-09  0.000e+00  0.000e+00  0.000e+00  0.000e+00  0.000e+00
   9800 -1.13389e-08 -1.134e-08  0.000e+00  0.000e+00 -1.134e-08  0.000e+00  0.000e+00  0.000e+00  0.000e+00  0.000e+00
   9900 -4.86832e-06 -4.868e-06  0.000e+00  0.000e+00 -4.868e-06  0.000e+00  0.000e+00  0.000e+00  0.000e+00  0.000e+00
  10000 -2.95238e-08 -2.952e-08  0.000e+00  0.000e+00 -2.952e-08  0.000e+00  0.000e+00  0.000e+00  0.000e+00  0.000e+00
  10100 -1.92267e-08 -1.923e-08  0.000e+00  0.000e+00 -1.923e-08  0.000e+00  0.000e+00  0.000e+00  0.000e+00  0.000e+00
  10200 -8.32269e-07 -8.323e-07  0.000e+00  0.000e+00 -8.323e-07  0.000e+00  0.000e+00  0.000e+00  0.000e+00  0.000e+00
  10300 -1.37915e-08 -1.379e-08  0.000e+00  0.000e+00 -1.379e-08  0.000e+00  0.000e+00  0.000e+00  0.000e+00  0.000e+00
  10400 -6.98618e-08 -6.986e-08  0.000e+00  0.000e+00 -6.986e-08  0.000e+00  0.000e+00  0.000e+00  0.000e+00  0.000e+00
  10500 -4.42060e-07 -4.421e-07  0.000e+00  0.000e+00 -4.421e-07  0.000e+00  0.000e+00  0.000e+00  0.000e+00  0.000e+00
  10600 -6.91603e-08 -6.916e-08  0.000e+00  0.000e+00 -6.916e-08  0.000e+00  0.000e+00  0.000e+00  0.000e+00  0.000e+00
  10700 -9.35697e-09 -9.357e-09  0.000e+00  0.000e+00 -9.357e-09  0.000e+00  0.000e+00  0.000e+00  0.000e+00  0.000e+00
  10800 -2.25094e-08 -2.251e-08  0.000e+00  0.000e+00 -2.251e-08  0.000e+00  0.000e+00  0.000e+00  0.000e+00  0.000e+00
  10900 -1.75538e-08 -1.755e-08  0.000e+00  0.000e+00 -1.755e-08  0.000e+00  0.000e+00  0.000e+00  0.000e+00  0.000e+00
  11000 -6.28286e-08 -6.283e-08  0.000e+00  0.000e+00 -6.283e-08  0.000e+00  0.000e+00  0.000e+00  0.000e+00  0.000e+00
  11100 -1.41667e-07 -1.417e-07  0.000e+00  0.000e+00 -1.417e-07  0.000e+00  0.000e+00  0.000e+00  0.000e+00  0.000e+00
  11200 -2.65924e-06 -2.659e-06  0.000e+00  0.000e+00 -2.659e-06  0.000e+00  0.000e+00  0.000e+00  0.000e+00  0.000e+00
  11300 -3.52115e-09 -3.521e-09  0.000e+00  0.000e+00 -3.521e-09  0.000e+00  0.000e+00  0.000e+00  0.000e+00  0.000e+00
  11400 -1.12036e-09 -1.120e-09  0.000e+00  0.000e+00 -1.120e-09  0.000e+00  0.000e+00  0.000e+00  0.000e+00  0.000e+00
  11500 -2.23995e-08 -2.240e-08  0.000e+00  0.000e+00 -2.240e-08  0.000e+00  0.000e+00  0.000e+00  0.000e+00  0.000e+00
  11600 -2.87289e-08 -2.873e-08  0.000e+00  0.000e+00 -2.873e-08  0.000e+00  0.000e+00  0.000e+00  0.000e+00  0.000e+00
  11700 -2.20404e-09 -2.204e-09  0.000e+00  0.000e+00 -2.204e-09  0.000e+00  0.000e+00  0.000e+00  0.000e+00  0.000e+00
  11800 -2.82322e-08 -2.823e-08  0.000e+00  0.000e+00 -2.823e-08  0.000e+00  0.000e+00  0.000e+00  0.000e+00  0.000e+00
  11900 -1.60809e-08 -1.608e-08  0.000e+00  0.000e+00 -1.608e-08  0.000e+00  0.000e+00  0.000e+00  0.000e+00  0.000e+00
  12000 -1.68157e-08 -1.682e-08  0.000e+00  0.000e+00 -1.682e-08  0.000e+00  0.000e+00  0.000e+00  0.000e+00  0.000e+00
  12100 -1.10173e-08 -1.102e-08  0.000e+00  0.000e+00 -1.102e-08  0.000e+00  0.000e+00  0.000e+00  0.000e+00  0.000e+00
  12200 -2.25905e-08 -2.259e-08  0.000e+00  0.000e+00 -2.259e-08  0.000e+00  0.000e+00  0.000e+00  0.000e+00  0.000e+00
  12300 -2.26122e-08 -2.261e-08  0.000e+00  0.000e+00 -2.261e-08  0.000e+00  0.000e+00  0.000e+00  0.000e+00  0.000e+00
  12400 -1.13106e-08 -1.131e-08  0.000e+00  0.000e+00 -1.131e-08  0.000e+00  0.000e+00  0.000e+00  0.000e+00  0.000e+00
  12500 -2.26912e-07 -2.269e-07  0.000e+00  0.000e+00 -2.269e-07  0.000e+00  0.000e+00  0.000e+00  0.000e+00  0.000e+00
  12600 -4.14409e-09 -4.144e-09  0.000e+00  0.000e+00 -4.144e-09  0.000e+00  0.000e+00  0.000e+00  0.000e+00  0.000e+00
  12700 -1.23182e-06 -1.232e-06  0.000e+00  0.000e+00 -1.232e-06  0.000e+00  0.000e+00  0.000e+00  0.000e+00  0.000e+00
  12800 -6.70127e-09 -6.701e-09  0.000e+00  0.000e+00 -6.701e-09  0.000e+00  0.000e+00  0.000e+00  0.000e+00  0.000e+00
  12900 -8.41893e-08 -8.419e-08  0.000e+00  0.000e+00 -8.419e-08  0.000e+00  0.000e+00  0.000e+00  0.000e+00  0.000e+00
  13000 -1.35765e-06 -1.358e-06  0.000e+00  0.000e+00 -1.358e-06  0.000e+00  0.000e+00  0.000e+00  0.000e+00  0.000e+00
  13100 -2.10815e-07 -2.108e-07  0.000e+00  0.000e+00 -2.108e-07  0.000e+00  0.000e+00  0.000e+00  0.000e+00  0.000e+00
  13200 -1.57169e-08 -1.572e-08  0.000e+00  0.000e+00 -1.572e-08  0.000e+00  0.000e+00  0.000e+00  0.000e+00  0.000e+00
  13300 -1.67320e-07 -1.673e-07  0.000e+00  0.000e+00 -1.673e-07  0.000e+00  0.000e+00  0.000e+00  0.000e+00  0.000e+00
  13400 -8.81915e-04 -8.819e-04  0.000e+00  0.000e+00 -8.819e-04  0.000e+00  0.000e+00  0.000e+00  0.000e+00  0.000e+00
  13500 -7.51490e-08 -7.515e-08  0.000e+00  0.000e+00 -7.515e-08  0.000e+00  0.000e+00  0.000e+00  0.000e+00  0.000e+00
  13600 -1.18937e-08 -1.189e-08  0.000e+00  0.000e+00 -1.189e-08  0.000e+00  0.000e+00  0.000e+00  0.000e+00  0.000e+00
  13700 -5.18082e-08 -5.181e-08  0.000e+00  0.000e+00 -5.181e-08  0.000e+00  0.000e+00  0.000e+00  0.000e+00  0.000e+00
  13800 -2.54320e-08 -2.543e-08  0.000e+00  0.000e+00 -2.543e-08  0.000e+00  0.000e+00  0.000e+00  0.000e+00  0.000e+00
  13900 -2.77977e-08 -2.780e-08  0.000e+00  0.000e+00 -2.780e-08  0.000e+00  0.000e+00  0.000e+00  0.000e+00  0.000e+00
  14000 -2.56488e-05 -2.565e-05  0.000e+00  0.000e+00 -2.565e-05  0.000e+00  0.000e+00  0.000e+00  0.000e+00  0.000e+00
  14100 -1.20667e-09 -1.207e-09  0.000e+00  0.000e+00 -1.207e-09  0.000e+00  0.000e+00  0.000e+00  0.000e+00  0.000e+00
  14200 -7.98004e-09 -7.980e-09  0.000e+00  0.000e+00 -7.980e-09  0.000e+00  0.000e+00  0.000e+00  0.000e+00  0.000e+00
  14300 -5.17314e-06 -5.173e-06  0.000e+00  0.000e+00 -5.173e-06  0.000e+00  0.000e+00  0.000e+00  0.000e+00  0.000e+00
  14400 -8.68585e-08 -8.686e-08  0.000e+00  0.000e+00 -8.686e-08  0.000e+00  0.000e+00  0.000e+00  0.000e+00  0.000e+00
  14500 -4.71589e-09 -4.716e-09  0.000e+00  0.000e+00 -4.716e-09  0.000e+00  0.000e+00  0.000e+00  0.000e+00  0.000e+00
  14600 -5.10410e-09 -5.104e-09  0.000e+00  0.000e+00 -5.104e-09  0.000e+00  0.000e+00  0.000e+00  0.000e+00  0.000e+00
  14700 -1.15080e-07 -1.151e-07  0.000e+00  0.000e+00 -1.151e-07  0.000e+00  0.000e+00  0.000e+00  0.000e+00  0.000e+00
  14800 -7.36160e-09 -7.362e-09  0.000e+00  0.000e+00 -7.362e-09  0.000e+00  0.000e+00  0.000e+00  0.000e+00  0.000e+00
  14900 -1.23293e-07 -1.233e-07  0.000e+00  0.000e+00 -1.233e-07  0.000e+00  0.000e+00  0.000e+00  0.000e+00  0.000e+00
  15000 -5.15550e-07 -5.156e-07  0.000e+00  0.000e+00 -5.156e-07  0.000e+00  0.000e+00  0.000e+00  0.000e+00  0.000e+00
  15100 -1.01518e-07 -1.015e-07  0.000e+00  0.000e+00 -1.015e-07  0.000e+00  0.000e+00  0.000e+00  0.000e+00  0.000e+00
  15200 -2.24317e-05 -2.243e-05  0.000e+00  0.000e+00 -2.243e-05  0.000e+00  0.000e+00  0.000e+00  0.000e+00  0.000e+00
  15300 -1.55824e-06 -1.558e-06  0.000e+00  0.000e+00 -1.558e-06  0.000e+00  0.000e+00  0.000e+00  0.000e+00  0.000e+00
  15400 -4.00338e-07 -4.003e-07  0.000e+00  0.000e+00 -4.003e-07  0.000e+00  0.000e+00  0.000e+00  0.000e+00  0.000e+00
  15500 -2.87384e-09 -2.874e-09  0.000e+00  0.000e+00 -2.874e-09  0.000e+00  0.000e+00  0.000e+00  0.000e+00  0.000e+00
  15600 -6.03443e-08 -6.034e-08  0.000e+00  0.000e+00 -6.034e-08  0.000e+00  0.000e+00  0.000e+00  0.000e+00  0.000e+00
  15700 -2.05867e-09 -2.059e-09  0.000e+00  0.000e+00 -2.059e-09  0.000e+00  0.000e+00  0.000e+00  0.000e+00  0.000e+00
  15800 -4.63635e-08 -4.636e-08  0.000e+00  0.000e+00 -4.636e-08  0.000e+00  0.000e+00  0.000e+00  0.000e+00  0.000e+00
  15900 -1.07381e-08 -1.074e-08  0.000e+00  0.000e+00 -1.074e-08  0.000e+00  0.000e+00  0.000e+00  0.000e+00  0.000e+00
  16000 -4.90697e-09 -4.907e-09  0.000e+00  0.000e+00 -4.907e-09  0.000e+00  0.000e+00  0.000e+00  0.000e+00  0.000e+00
  16100 -8.09862e-09 -8.099e-09  0.000e+00  0.000e+00 -8.099e-09  0.000e+00  0.000e+00  0.000e+00  0.000e+00  0.000e+00
  16200 -9.57910e-09 -9.579e-09  0.000e+00  0.000e+00 -9.579e-09  0.000e+00  0.000e+00  0.000e+00  0.000e+00  0.000e+00
  16300 -1.83437e-08 -1.834e-08  0.000e+00  0.000e+00 -1.834e-08  0.000e+00  0.000e+00  0.000e+00  0.000e+00  0.000e+00
  16400 -2.11521e-09 -2.115e-09  0.000e+00  0.000e+00 -2.115e-09  0.000e+00  0.000e+00  0.000e+00  0.000e+00  0.000e+00
  16500 -3.25067e-08 -3.251e-08  0.000e+00  0.000e+00 -3.251e-08  0.000e+00  0.000e+00  0.000e+00  0.000e+00  0.000e+00
  16600 -2.37277e-07 -2.373e-07  0.000e+00  0.000e+00 -2.373e-07  0.000e+00  0.000e+00  0.000e+00  0.000e+00  0.000e+00
  16700 -4.49759e-09 -4.498e-09  0.000e+00  0.000e+00 -4.498e-09  0.000e+00  0.000e+00  0.000e+00  0.000e+00  0.000e+00
  16800 -4.79365e-08 -4.794e-08  0.000e+00  0.000e+00 -4.794e-08  0.000e+00  0.000e+00  0.000e+00  0.000e+00  0.000e+00
  16900 -1.67568e-07 -1.676e-07  0.000e+00  0.000e+00 -1.676e-07  0.000e+00  0.000e+00  0.000e+00  0.000e+00  0.000e+00
  17000 -2.03183e-06 -2.032e-06  0.000e+00  0.000e+00 -2.032e-06  0.000e+00  0.000e+00  0.000e+00  0.000e+00  0.000e+00
  17100 -1.94790e-07 -1.948e-07  0.000e+00  0.000e+00 -1.948e-07  0.000e+00  0.000e+00  0.000e+00  0.000e+00  0.000e+00
  17200 -4.84068e-09 -4.841e-09  0.000e+00  0.000e+00 -4.841e-09  0.000e+00  0.000e+00  0.000e+00  0.000e+00  0.000e+00
  17300 -9.30092e-08 -9.301e-08  0.000e+00  0.000e+00 -9.301e-08  0.000e+00  0.000e+00  0.000e+00  0.000e+00  0.000e+00
  17400 -2.91297e-07 -2.913e-07  0.000e+00  0.000e+00 -2.913e-07  0.000e+00  0.000e+00  0.000e+00  0.000e+00  0.000e+00
  17500 -4.27267e-07 -4.273e-07  0.000e+00  0.000e+00 -4.273e-07  0.000e+00  0.000e+00  0.000e+00  0.000e+00  0.000e+00
  17600 -7.98587e-09 -7.986e-09  0.000e+00  0.000e+00 -7.986e-09  0.000e+00  0.000e+00  0.000e+00  0.000e+00  0.000e+00
  17700 -6.38325e-05 -6.383e-05  0.000e+00  0.000e+00 -6.383e-05  0.000e+00  0.000e+00  0.000e+00  0.000e+00  0.000e+00
  17800 -5.08372e-09 -5.084e-09  0.000e+00  0.000e+00 -5.084e-09  0.000e+00  0.000e+00  0.000e+00  0.000e+00  0.000e+00
  17900 -1.62502e-08 -1.625e-08  0.000e+00  0.000e+00 -1.625e-08  0.000e+00  0.000e+00  0.000e+00  0.000e+00  0.000e+00
  18000 -5.36797e-08 -5.368e-08  0.000e+00  0.000e+00 -5.368e-08  0.000e+00  0.000e+00  0.000e+00  0.000e+00  0.000e+00
  18100 -1.23655e-07 -1.237e-07  0.000e+00  0.000e+00 -1.237e-07  0.000e+00  0.000e+00  0.000e+00  0.000e+00  0.000e+00
  18200 -7.38953e-09 -7.390e-09  0.000e+00  0.000e+00 -7.390e-09  0.000e+00  0.000e+00  0.000e+00  0.000e+00  0.000e+00
  18300 -3.57061e-09 -3.571e-09  0.000e+00  0.000e+00 -3.571e-09  0.000e+00  0.000e+00  0.000e+00  0.000e+00  0.000e+00
  18400 -1.85528e-09 -1.855e-09  0.000e+00  0.000e+00 -1.855e-09  0.000e+00  0.000e+00  0.000e+00  0.000e+00  0.000e+00
  18500 -7.62129e-09 -7.621e-09  0.000e+00  0.000e+00 -7.621e-09  0.000e+00  0.000e+00  0.000e+00  0.000e+00  0.000e+00
  18600 -3.59711e-08 -3.597e-08  0.000e+00  0.000e+00 -3.597e-08  0.000e+00  0.000e+00  0.000e+00  0.000e+00  0.000e+00
  18700 -1.34485e-07 -1.345e-07  0.000e+00  0.000e+00 -1.345e-07  0.000e+00  0.000e+00  0.000e+00  0.000e+00  0.000e+00
  18800 -6.16979e-06 -6.170e-06  0.000e+00  0.000e+00 -6.170e-06  0.000e+00  0.000e+00  0.000e+00  0.000e+00  0.000e+00
  18900 -5.37136e-08 -5.371e-08  0.000e+00  0.000e+00 -5.371e-08  0.000e+00  0.000e+00  0.000e+00  0.000e+00  0.000e+00
  19000 -9.45948e-10 -9.459e-10  0.000e+00  0.000e+00 -9.459e-10  0.000e+00  0.000e+00  0.000e+00  0.000e+00  0.000e+00
  19100 -2.83815e-09 -2.838e-09  0.000e+00  0.000e+00 -2.838e-09  0.000e+00  0.000e+00  0.000e+00  0.000e+00  0.000e+00
  19200 -8.63223e-08 -8.632e-08  0.000e+00  0.000e+00 -8.632e-08  0.000e+00  0.000e+00  0.000e+00  0.000e+00  0.000e+00
  19300 -3.80448e-08 -3.804e-08  0.000e+00  0.000e+00 -3.804e-08  0.000e+00  0.000e+00  0.000e+00  0.000e+00  0.000e+00
  19400 -5.00963e-08 -5.010e-08  0.000e+00  0.000e+00 -5.010e-08  0.000e+00  0.000e+00  0.000e+00  0.000e+00  0.000e+00
  19500 -1.66239e-08 -1.662e-08  0.000e+00  0.000e+00 -1.662e-08  0.000e+00  0.000e+00  0.000e+00  0.000e+00  0.000e+00
  19600 -1.22867e-03 -1.229e-03  0.000e+00  0.000e+00 -1.229e-03  0.000e+00  0.000e+00  0.000e+00  0.000e+00  0.000e+00
  19700 -1.61775e-08 -1.618e-08  0.000e+00  0.000e+00 -1.618e-08  0.000e+00  0.000e+00  0.000e+00  0.000e+00  0.000e+00
  19800 -8.71243e-09 -8.712e-09  0.000e+00  0.000e+00 -8.712e-09  0.000e+00  0.000e+00  0.000e+00  0.000e+00  0.000e+00
  19900 -1.33149e-07 -1.331e-07  0.000e+00  0.000e+00 -1.331e-07  0.000e+00  0.000e+00  0.000e+00  0.000e+00  0.000e+00
  20000 -2.15207e-08 -2.152e-08  0.000e+00  0.000e+00 -2.152e-08  0.000e+00  0.000e+00  0.000e+00  0.000e+00  0.000e+00
  20100 -4.38339e-06 -4.383e-06  0.000e+00  0.000e+00 -4.383e-06  0.000e+00  0.000e+00  0.000e+00  0.000e+00  0.000e+00
  20200 -2.27879e-07 -2.279e-07  0.000e+00  0.000e+00 -2.279e-07  0.000e+00  0.000e+00  0.000e+00  0.000e+00  0.000e+00
  20300 -6.62984e-05 -6.630e-05  0.000e+00  0.000e+00 -6.630e-05  0.000e+00  0.000e+00  0.000e+00  0.000e+00  0.000e+00
  20400 -8.97625e-08 -8.976e-08  0.000e+00  0.000e+00 -8.976e-08  0.000e+00  0.000e+00  0.000e+00  0.000e+00  0.000e+00
  20500 -5.20753e-08 -5.208e-08  0.000e+00  0.000e+00 -5.208e-08  0.000e+00  0.000e+00  0.000e+00  0.000e+00  0.000e+00
  20600 -1.01606e-08 -1.016e-08  0.000e+00  0.000e+00 -1.016e-08  0.000e+00  0.000e+00  0.000e+00  0.000e+00  0.000e+00
  20700 -6.05515e-09 -6.055e-09  0.000e+00  0.000e+00 -6.055e-09  0.000e+00  0.000e+00  0.000e+00  0.000e+00  0.000e+00
  20800 -9.64085e-10 -9.641e-10  0.000e+00  0.000e+00 -9.641e-10  0.000e+00  0.000e+00  0.000e+00  0.000e+00  0.000e+00
  20900 -2.02268e-08 -2.023e-08  0.000e+00  0.000e+00 -2.023e-08  0.000e+00  0.000e+00  0.000e+00  0.000e+00  0.000e+00
  21000 -1.02174e-08 -1.022e-08  0.000e+00  0.000e+00 -1.022e-08  0.000e+00  0.000e+00  0.000e+00  0.000e+00  0.000e+00
  21100 -1.93824e-07 -1.938e-07  0.000e+00  0.000e+00 -1.938e-07  0.000e+00  0.000e+00  0.000e+00  0.000e+00  0.000e+00
  21200 -2.05475e-07 -2.055e-07  0.000e+00  0.000e+00 -2.055e-07  0.000e+00  0.000e+00  0.000e+00  0.000e+00  0.000e+00
  21300 -7.18155e-09 -7.182e-09  0.000e+00  0.000e+00 -7.182e-09  0.000e+00  0.000e+00  0.000e+00  0.000e+00  0.000e+00
  21400 -6.08620e-08 -6.086e-08  0.000e+00  0.000e+00 -6.086e-08  0.000e+00  0.000e+00  0.000e+00  0.000e+00  0.000e+00
  21500 -4.93469e-09 -4.935e-09  0.000e+00  0.000e+00 -4.935e-09  0.000e+00  0.000e+00  0.000e+00  0.000e+00  0.000e+00
  21600 -1.07376e-08 -1.074e-08  0.000e+00  0.000e+00 -1.074e-08  0.000e+00  0.000e+00  0.000e+00  0.000e+00  0.000e+00
  21700 -9.43901e-09 -9.439e-09  0.000e+00  0.000e+00 -9.439e-09  0.000e+00  0.000e+00  0.000e+00  0.000e+00  0.000e+00
  21800 -7.78535e-09 -7.785e-09  0.000e+00  0.000e+00 -7.785e-09  0.000e+00  0.000e+00  0.000e+00  0.000e+00  0.000e+00
  21900 -2.96611e-09 -2.966e-09  0.000e+00  0.000e+00 -2.966e-09  0.000e+00  0.000e+00  0.000e+00  0.000e+00  0.000e+00
  22000 -2.49619e-06 -2.496e-06  0.000e+00  0.000e+00 -2.496e-06  0.000e+00  0.000e+00  0.000e+00  0.000e+00  0.000e+00
  22100 -1.86640e-08 -1.866e-08  0.000e+00  0.000e+00 -1.866e-08  0.000e+00  0.000e+00  0.000e+00  0.000e+00  0.000e+00
  22200 -4.33661e-07 -4.337e-07  0.000e+00  0.000e+00 -4.337e-07  0.000e+00  0.000e+00  0.000e+00  0.000e+00  0.000e+00
  22300 -7.68827e-06 -7.688e-06  0.000e+00  0.000e+00 -7.688e-06  0.000e+00  0.000e+00  0.000e+00  0.000e+00  0.000e+00
  22400 -7.97148e-09 -7.971e-09  0.000e+00  0.000e+00 -7.971e-09  0.000e+00  0.000e+00  0.000e+00  0.000e+00  0.000e+00
  22500 -6.62797e-09 -6.628e-09  0.000e+00  0.000e+00 -6.628e-09  0.000e+00  0.000e+00  0.000e+00  0.000e+00  0.000e+00
  22600 -9.52476e-07 -9.525e-07  0.000e+00  0.000e+00 -9.525e-07  0.000e+00  0.000e+00  0.000e+00  0.000e+00  0.000e+00
  22700 -2.16450e-08 -2.164e-08  0.000e+00  0.000e+00 -2.164e-08  0.000e+00  0.000e+00  0.000e+00  0.000e+00  0.000e+00
  22800 -1.84289e-04 -1.843e-04  0.000e+00  0.000e+00 -1.843e-04  0.000e+00  0.000e+00  0.000e+00  0.000e+00  0.000e+00
  22900 -1.99353e-07 -1.994e-07  0.000e+00  0.000e+00 -1.994e-07  0.000e+00  0.000e+00  0.000e+00  0.000e+00  0.000e+00
  23000 -1.78564e-06 -1.786e-06  0.000e+00  0.000e+00 -1.786e-06  0.000e+00  0.000e+00  0.000e+00  0.000e+00  0.000e+00
  23100 -6.62059e-07 -6.621e-07  0.000e+00  0.000e+00 -6.621e-07  0.000e+00  0.000e+00  0.000e+00  0.000e+00  0.000e+00
  23200 -8.21210e-09 -8.212e-09  0.000e+00  0.000e+00 -8.212e-09  0.000e+00  0.000e+00  0.000e+00  0.000e+00  0.000e+00
  23300 -3.92790e-09 -3.928e-09  0.000e+00  0.000e+00 -3.928e-09  0.000e+00  0.000e+00  0.000e+00  0.000e+00  0.000e+00
  23400 -1.85666e-08 -1.857e-08  0.000e+00  0.000e+00 -1.857e-08  0.000e+00  0.000e+00  0.000e+00  0.000e+00  0.000e+00
  23500 -3.10882e-08 -3.109e-08  0.000e+00  0.000e+00 -3.109e-08  0.000e+00  0.000e+00  0.000e+00  0.000e+00  0.000e+00
  23600 -4.11831e-07 -4.118e-07  0.000e+00  0.000e+00 -4.118e-07  0.000e+00  0.000e+00  0.000e+00  0.000e+00  0.000e+00
  23700 -4.20283e-09 -4.203e-09  0.000e+00  0.000e+00 -4.203e-09  0.000e+00  0.000e+00  0.000e+00  0.000e+00  0.000e+00
  23800 -1.39129e-07 -1.391e-07  0.000e+00  0.000e+00 -1.391e-07  0.000e+00  0.000e+00  0.000e+00  0.000e+00  0.000e+00
  23900 -1.43181e-08 -1.432e-08  0.000e+00  0.000e+00 -1.432e-08  0.000e+00  0.000e+00  0.000e+00  0.000e+00  0.000e+00
  24000 -1.00312e-08 -1.003e-08  0.000e+00  0.000e+00 -1.003e-08  0.000e+00  0.000e+00  0.000e+00  0.000e+00  0.000e+00
  24100 -2.80844e-08 -2.808e-08  0.000e+00  0.000e+00 -2.808e-08  0.000e+00  0.000e+00  0.000e+00  0.000e+00  0.000e+00
  24200 -2.43841e-07 -2.438e-07  0.000e+00  0.000e+00 -2.438e-07  0.000e+00  0.000e+00  0.000e+00  0.000e+00  0.000e+00
  24300 -4.27024e-07 -4.270e-07  0.000e+00  0.000e+00 -4.270e-07  0.000e+00  0.000e+00  0.000e+00  0.000e+00  0.000e+00
  24400 -2.81374e-08 -2.814e-08  0.000e+00  0.000e+00 -2.814e-08  0.000e+00  0.000e+00  0.000e+00  0.000e+00  0.000e+00
  24500 -2.46649e-08 -2.466e-08  0.000e+00  0.000e+00 -2.466e-08  0.000e+00  0.000e+00  0.000e+00  0.000e+00  0.000e+00
  24600 -2.88618e-05 -2.886e-05  0.000e+00  0.000e+00 -2.886e-05  0.000e+00  0.000e+00  0.000e+00  0.000e+00  0.000e+00
  24700 -8.34582e-09 -8.346e-09  0.000e+00  0.000e+00 -8.346e-09  0.000e+00  0.000e+00  0.000e+00  0.000e+00  0.000e+00
  24800 -5.34240e-08 -5.342e-08  0.000e+00  0.000e+00 -5.342e-08  0.000e+00  0.000e+00  0.000e+00  0.000e+00  0.000e+00
  24900 -2.87951e-08 -2.880e-08  0.000e+00  0.000e+00 -2.880e-08  0.000e+00  0.000e+00  0.000e+00  0.000e+00  0.000e+00
  25000 -1.24571e-07 -1.246e-07  0.000e+00  0.000e+00 -1.246e-07  0.000e+00  0.000e+00  0.000e+00  0.000e+00  0.000e+00
  25100 -4.22839e-07 -4.228e-07  0.000e+00  0.000e+00 -4.228e-07  0.000e+00  0.000e+00  0.000e+00  0.000e+00  0.000e+00
  25200 -1.09033e-07 -1.090e-07  0.000e+00  0.000e+00 -1.090e-07  0.000e+00  0.000e+00  0.000e+00  0.000e+00  0.000e+00
  25300 -7.30415e-09 -7.304e-09  0.000e+00  0.000e+00 -7.304e-09  0.000e+00  0.000e+00  0.000e+00  0.000e+00  0.000e+00
  25400 -3.10698e-06 -3.107e-06  0.000e+00  0.000e+00 -3.107e-06  0.000e+00  0.000e+00  0.000e+00  0.000e+00  0.000e+00
  25500 -7.50684e-06 -7.507e-06  0.000e+00  0.000e+00 -7.507e-06  0.000e+00  0.000e+00  0.000e+00  0.000e+00  0.000e+00
  25600 -6.13918e-09 -6.139e-09  0.000e+00  0.000e+00 -6.139e-09  0.000e+00  0.000e+00  0.000e+00  0.000e+00  0.000e+00
  25700 -5.95953e-05 -5.960e-05  0.000e+00  0.000e+00 -5.960e-05  0.000e+00  0.000e+00  0.000e+00  0.000e+00  0.000e+00
  25800 -4.42358e-07 -4.424e-07  0.000e+00  0.000e+00 -4.424e-07  0.000e+00  0.000e+00  0.000e+00  0.000e+00  0.000e+00
  25900 -5.76410e-07 -5.764e-07  0.000e+00  0.000e+00 -5.764e-07  0.000e+00  0.000e+00  0.000e+00  0.000e+00  0.000e+00
  26000 -1.90090e-08 -1.901e-08  0.000e+00  0.000e+00 -1.901e-08  0.000e+00  0.000e+00  0.000e+00  0.000e+00  0.000e+00
  26100 -5.14973e-08 -5.150e-08  0.000e+00  0.000e+00 -5.150e-08  0.000e+00  0.000e+00  0.000e+00  0.000e+00  0.000e+00
  26200 -9.43113e-09 -9.431e-09  0.000e+00  0.000e+00 -9.431e-09  0.000e+00  0.000e+00  0.000e+00  0.000e+00  0.000e+00
  26300  1.65313e+00 -1.904e-08  0.000e+00  1.653e+00 -1.904e-08  0.000e+00  0.000e+00  0.000e+00  0.000e+00  0.000e+00
  26400 -2.26360e-09 -2.264e-09  0.000e+00  0.000e+00 -2.264e-09  0.000e+00  0.000e+00  0.000e+00  0.000e+00  0.000e+00
  26500 -1.56807e-07 -1.568e-07  0.000e+00  0.000e+00 -1.568e-07  0.000e+00  0.000e+00  0.000e+00  0.000e+00  0.000e+00
  26600 -8.15068e-09 -8.151e-09  0.000e+00  0.000e+00 -8.151e-09  0.000e+00  0.000e+00  0.000e+00  0.000e+00  0.000e+00
  26700 -6.98767e-09 -6.988e-09  0.000e+00  0.000e+00 -6.988e-09  0.000e+00  0.000e+00  0.000e+00  0.000e+00  0.000e+00
  26800 -7.26782e-08 -7.268e-08  0.000e+00  0.000e+00 -7.268e-08  0.000e+00  0.000e+00  0.000e+00  0.000e+00  0.000e+00
  26900 -1.39535e-08 -1.395e-08  0.000e+00  0.000e+00 -1.395e-08  0.000e+00  0.000e+00  0.000e+00  0.000e+00  0.000e+00
  27000 -2.17094e-06 -2.171e-06  0.000e+00  0.000e+00 -2.171e-06  0.000e+00  0.000e+00  0.000e+00  0.000e+00  0.000e+00
  27100 -3.27741e-06 -3.277e-06  0.000e+00  0.000e+00 -3.277e-06  0.000e+00  0.000e+00  0.000e+00  0.000e+00  0.000e+00
  27200 -1.82780e-09 -1.828e-09  0.000e+00  0.000e+00 -1.828e-09  0.000e+00  0.000e+00  0.000e+00  0.000e+00  0.000e+00
  27300 -2.76416e-09 -2.764e-09  0.000e+00  0.000e+00 -2.764e-09  0.000e+00  0.000e+00  0.000e+00  0.000e+00  0.000e+00
  27400 -2.41129e-08 -2.411e-08  0.000e+00  0.000e+00 -2.411e-08  0.000e+00  0.000e+00  0.000e+00  0.000e+00  0.000e+00
  27500 -3.15384e-09 -3.154e-09  0.000e+00  0.000e+00 -3.154e-09  0.000e+00  0.000e+00  0.000e+00  0.000e+00  0.000e+00
  27600 -3.30349e-08 -3.303e-08  0.000e+00  0.000e+00 -3.303e-08  0.000e+00  0.000e+00  0.000e+00  0.000e+00  0.000e+00
  27700 -3.67882e-08 -3.679e-08  0.000e+00  0.000e+00 -3.679e-08  0.000e+00  0.000e+00  0.000e+00  0.000e+00  0.000e+00
  27800 -1.86333e-06 -1.863e-06  0.000e+00  0.000e+00 -1.863e-06  0.000e+00  0.000e+00  0.000e+00  0.000e+00  0.000e+00
  27900 -5.75699e-07 -5.757e-07  0.000e+00  0.000e+00 -5.757e-07  0.000e+00  0.000e+00  0.000e+00  0.000e+00  0.000e+00
  28000 -1.66209e-06 -1.662e-06  0.000e+00  0.000e+00 -1.662e-06  0.000e+00  0.000e+00  0.000e+00  0.000e+00  0.000e+00
  28100 -1.47413e-07 -1.474e-07  0.000e+00  0.000e+00 -1.474e-07  0.000e+00  0.000e+00  0.000e+00  0.000e+00  0.000e+00
  28200 -1.63423e-08 -1.634e-08  0.000e+00  0.000e+00 -1.634e-08  0.000e+00  0.000e+00  0.000e+00  0.000e+00  0.000e+00
  28300 -2.65788e-08 -2.658e-08  0.000e+00  0.000e+00 -2.658e-08  0.000e+00  0.000e+00  0.000e+00  0.000e+00  0.000e+00
  28400 -1.38628e-06 -1.386e-06  0.000e+00  0.000e+00 -1.386e-06  0.000e+00  0.000e+00  0.000e+00  0.000e+00  0.000e+00
  28500 -1.16396e-08 -1.164e-08  0.000e+00  0.000e+00 -1.164e-08  0.000e+00  0.000e+00  0.000e+00  0.000e+00  0.000e+00
  28600 -2.35159e-09 -2.352e-09  0.000e+00  0.000e+00 -2.352e-09  0.000e+00  0.000e+00  0.000e+00  0.000e+00  0.000e+00
  28700 -2.89013e-07 -2.890e-07  0.000e+00  0.000e+00 -2.890e-07  0.000e+00  0.000e+00  0.000e+00  0.000e+00  0.000e+00
  28800 -1.74757e-09 -1.748e-09  0.000e+00  0.000e+00 -1.748e-09  0.000e+00  0.000e+00  0.000e+00  0.000e+00  0.000e+00
  28900 -1.51617e-07 -1.516e-07  0.000e+00  0.000e+00 -1.516e-07  0.000e+00  0.000e+00  0.000e+00  0.000e+00  0.000e+00
  29000 -7.13591e-08 -7.136e-08  0.000e+00  0.000e+00 -7.136e-08  0.000e+00  0.000e+00  0.000e+00  0.000e+00  0.000e+00
  29100 -2.51345e-08 -2.513e-08  0.000e+00  0.000e+00 -2.513e-08  0.000e+00  0.000e+00  0.000e+00  0.000e+00  0.000e+00
  29200 -5.85829e-07 -5.858e-07  0.000e+00  0.000e+00 -5.858e-07  0.000e+00  0.000e+00  0.000e+00  0.000e+00  0.000e+00
  29300 -5.69389e-09 -5.694e-09  0.000e+00  0.000e+00 -5.694e-09  0.000e+00  0.000e+00  0.000e+00  0.000e+00  0.000e+00
  29400 -3.28415e-09 -3.284e-09  0.000e+00  0.000e+00 -3.284e-09  0.000e+00  0.000e+00  0.000e+00  0.000e+00  0.000e+00
  29500 -7.93095e-09 -7.931e-09  0.000e+00  0.000e+00 -7.931e-09  0.000e+00  0.000e+00  0.000e+00  0.000e+00  0.000e+00
  29600 -1.94233e-09 -1.942e-09  0.000e+00  0.000e+00 -1.942e-09  0.000e+00  0.000e+00  0.000e+00  0.000e+00  0.000e+00
  29700 -2.97049e-09 -2.970e-09  0.000e+00  0.000e+00 -2.970e-09  0.000e+00  0.000e+00  0.000e+00  0.000e+00  0.000e+00
  29800 -3.02356e-08 -3.024e-08  0.000e+00  0.000e+00 -3.024e-08  0.000e+00  0.000e+00  0.000e+00  0.000e+00  0.000e+00
  29900 -6.38792e-09 -6.388e-09  0.000e+00  0.000e+00 -6.388e-09  0.000e+00  0.000e+00  0.000e+00  0.000e+00  0.000e+00
  30000 -1.05059e-06 -1.051e-06  0.000e+00  0.000e+00 -1.051e-06  0.000e+00  0.000e+00  0.000e+00  0.000e+00  0.000e+00
  30100 -4.64677e-09 -4.647e-09  0.000e+00  0.000e+00 -4.647e-09  0.000e+00  0.000e+00  0.000e+00  0.000e+00  0.000e+00
  30200 -2.57661e-08 -2.577e-08  0.000e+00  0.000e+00 -2.577e-08  0.000e+00  0.000e+00  0.000e+00  0.000e+00  0.000e+00
  30300 -2.55175e-08 -2.552e-08  0.000e+00  0.000e+00 -2.552e-08  0.000e+00  0.000e+00  0.000e+00  0.000e+00  0.000e+00
  30400 -3.85451e-09 -3.855e-09  0.000e+00  0.000e+00 -3.855e-09  0.000e+00  0.000e+00  0.000e+00  0.000e+00  0.000e+00
  30500 -3.10530e-07 -3.105e-07  0.000e+00  0.000e+00 -3.105e-07  0.000e+00  0.000e+00  0.000e+00  0.000e+00  0.000e+00
  30600 -5.69442e-07 -5.694e-07  0.000e+00  0.000e+00 -5.694e-07  0.000e+00  0.000e+00  0.000e+00  0.000e+00  0.000e+00
  30700 -1.24439e-09 -1.244e-09  0.000e+00  0.000e+00 -1.244e-09  0.000e+00  0.000e+00  0.000e+00  0.000e+00  0.000e+00
  30800 -1.64489e-07 -1.645e-07  0.000e+00  0.000e+00 -1.645e-07  0.000e+00  0.000e+00  0.000e+00  0.000e+00  0.000e+00
  30900 -2.97582e-09 -2.976e-09  0.000e+00  0.000e+00 -2.976e-09  0.000e+00  0.000e+00  0.000e+00  0.000e+00  0.000e+00
  31000 -9.18760e-09 -9.188e-09  0.000e+00  0.000e+00 -9.188e-09  0.000e+00  0.000e+00  0.000e+00  0.000e+00  0.000e+00
  31100 -4.31395e-08 -4.314e-08  0.000e+00  0.000e+00 -4.314e-08  0.000e+00  0.000e+00  0.000e+00  0.000e+00  0.000e+00
  31200 -2.15706e-09 -2.157e-09  0.000e+00  0.000e+00 -2.157e-09  0.000e+00  0.000e+00  0.000e+00  0.000e+00  0.000e+00
  31300 -1.15446e-08 -1.154e-08  0.000e+00  0.000e+00 -1.154e-08  0.000e+00  0.000e+00  0.000e+00  0.000e+00  0.000e+00
  31400 -1.74777e-06 -1.748e-06  0.000e+00  0.000e+00 -1.748e-06  0.000e+00  0.000e+00  0.000e+00  0.000e+00  0.000e+00
  31500 -5.40171e-09 -5.402e-09  0.000e+00  0.000e+00 -5.402e-09  0.000e+00  0.000e+00  0.000e+00  0.000e+00  0.000e+00
  31600 -3.40709e-08 -3.407e-08  0.000e+00  0.000e+00 -3.407e-08  0.000e+00  0.000e+00  0.000e+00  0.000e+00  0.000e+00
  31700 -1.95377e-07 -1.954e-07  0.000e+00  0.000e+00 -1.954e-07  0.000e+00  0.000e+00  0.000e+00  0.000e+00  0.000e+00
  31800 -1.63678e-05 -1.637e-05  0.000e+00  0.000e+00 -1.637e-05  0.000e+00  0.000e+00  0.000e+00  0.000e+00  0.000e+00
  31900 -9.14578e-08 -9.146e-08  0.000e+00  0.000e+00 -9.146e-08  0.000e+00  0.000e+00  0.000e+00  0.000e+00  0.000e+00
  32000 -2.99583e-06 -2.996e-06  0.000e+00  0.000e+00 -2.996e-06  0.000e+00  0.000e+00  0.000e+00  0.000e+00  0.000e+00
  32100 -5.38304e-07 -5.383e-07  0.000e+00  0.000e+00 -5.383e-07  0.000e+00  0.000e+00  0.000e+00  0.000e+00  0.000e+00
  32200 -5.11971e-08 -5.120e-08  0.000e+00  0.000e+00 -5.120e-08  0.000e+00  0.000e+00  0.000e+00  0.000e+00  0.000e+00
  32300 -5.82758e-09 -5.828e-09  0.000e+00  0.000e+00 -5.828e-09  0.000e+00  0.000e+00  0.000e+00  0.000e+00  0.000e+00
  32400 -4.60764e-09 -4.608e-09  0.000e+00  0.000e+00 -4.608e-09  0.000e+00  0.000e+00  0.000e+00  0.000e+00  0.000e+00
  32500 -1.54684e-08 -1.547e-08  0.000e+00  0.000e+00 -1.547e-08  0.000e+00  0.000e+00  0.000e+00  0.000e+00  0.000e+00
  32600 -1.76417e-07 -1.764e-07  0.000e+00  0.000e+00 -1.764e-07  0.000e+00  0.000e+00  0.000e+00  0.000e+00  0.000e+00
  32700 -3.14266e-08 -3.143e-08  0.000e+00  0.000e+00 -3.143e-08  0.000e+00  0.000e+00  0.000e+00  0.000e+00  0.000e+00
  32800 -6.67608e-09 -6.676e-09  0.000e+00  0.000e+00 -6.676e-09  0.000e+00  0.000e+00  0.000e+00  0.000e+00  0.000e+00
  32900 -9.04707e-09 -9.047e-09  0.000e+00  0.000e+00 -9.047e-09  0.000e+00  0.000e+00  0.000e+00  0.000e+00  0.000e+00
  33000 -3.61430e-09 -3.614e-09  0.000e+00  0.000e+00 -3.614e-09  0.000e+00  0.000e+00  0.000e+00  0.000e+00  0.000e+00
  33100 -4.50081e-09 -4.501e-09  0.000e+00  0.000e+00 -4.501e-09  0.000e+00  0.000e+00  0.000e+00  0.000e+00  0.000e+00
  33200 -7.03381e-09 -7.034e-09  0.000e+00  0.000e+00 -7.034e-09  0.000e+00  0.000e+00  0.000e+00  0.000e+00  0.000e+00
  33300 -8.80034e-08 -8.800e-08  0.000e+00  0.000e+00 -8.800e-08  0.000e+00  0.000e+00  0.000e+00  0.000e+00  0.000e+00
  33400 -8.16237e-09 -8.162e-09  0.000e+00  0.000e+00 -8.162e-09  0.000e+00  0.000e+00  0.000e+00  0.000e+00  0.000e+00
  33500 -1.98948e-08 -1.989e-08  0.000e+00  0.000e+00 -1.989e-08  0.000e+00  0.000e+00  0.000e+00  0.000e+00  0.000e+00
  33600 -2.19607e-09 -2.196e-09  0.000e+00  0.000e+00 -2.196e-09  0.000e+00  0.000e+00  0.000e+00  0.000e+00  0.000e+00
  33700 -1.42592e-08 -1.426e-08  0.000e+00  0.000e+00 -1.426e-08  0.000e+00  0.000e+00  0.000e+00  0.000e+00  0.000e+00
  33800 -2.88710e-08 -2.887e-08  0.000e+00  0.000e+00 -2.887e-08  0.000e+00  0.000e+00  0.000e+00  0.000e+00  0.000e+00
  33900 -9.03253e-09 -9.033e-09  0.000e+00  0.000e+00 -9.033e-09  0.000e+00  0.000e+00  0.000e+00  0.000e+00  0.000e+00
  34000 -8.49440e-07 -8.494e-07  0.000e+00  0.000e+00 -8.494e-07  0.000e+00  0.000e+00  0.000e+00  0.000e+00  0.000e+00
  34100 -1.82558e-06 -1.826e-06  0.000e+00  0.000e+00 -1.826e-06  0.000e+00  0.000e+00  0.000e+00  0.000e+00  0.000e+00
  34200 -6.10858e-08 -6.109e-08  0.000e+00  0.000e+00 -6.109e-08  0.000e+00  0.000e+00  0.000e+00  0.000e+00  0.000e+00
  34300 -3.80093e-09 -3.801e-09  0.000e+00  0.000e+00 -3.801e-09  0.000e+00  0.000e+00  0.000e+00  0.000e+00  0.000e+00
  34400 -7.82062e-09 -7.821e-09  0.000e+00  0.000e+00 -7.821e-09  0.000e+00  0.000e+00  0.000e+00  0.000e+00  0.000e+00
  34500 -1.04002e-08 -1.040e-08  0.000e+00  0.000e+00 -1.040e-08  0.000e+00  0.000e+00  0.000e+00  0.000e+00  0.000e+00
  34600 -6.31839e-07 -6.318e-07  0.000e+00  0.000e+00 -6.318e-07  0.000e+00  0.000e+00  0.000e+00  0.000e+00  0.000e+00
  34700 -1.27758e-08 -1.278e-08  0.000e+00  0.000e+00 -1.278e-08  0.000e+00  0.000e+00  0.000e+00  0.000e+00  0.000e+00
  34800 -9.96976e-09 -9.970e-09  0.000e+00  0.000e+00 -9.970e-09  0.000e+00  0.000e+00  0.000e+00  0.000e+00  0.000e+00
  34900 -1.59995e-09 -1.600e-09  0.000e+00  0.000e+00 -1.600e-09  0.000e+00  0.000e+00  0.000e+00  0.000e+00  0.000e+00
  35000 -9.19509e-08 -9.195e-08  0.000e+00  0.000e+00 -9.195e-08  0.000e+00  0.000e+00  0.000e+00  0.000e+00  0.000e+00
  35100 -6.63322e-08 -6.633e-08  0.000e+00  0.000e+00 -6.633e-08  0.000e+00  0.000e+00  0.000e+00  0.000e+00  0.000e+00
  35200 -4.42779e-07 -4.428e-07  0.000e+00  0.000e+00 -4.428e-07  0.000e+00  0.000e+00  0.000e+00  0.000e+00  0.000e+00
  35300 -6.35293e-09 -6.353e-09  0.000e+00  0.000e+00 -6.353e-09  0.000e+00  0.000e+00  0.000e+00  0.000e+00  0.000e+00
  35400 -7.75820e-09 -7.758e-09  0.000e+00  0.000e+00 -7.758e-09  0.000e+00  0.000e+00  0.000e+00  0.000e+00  0.000e+00
  35500 -2.71734e-09 -2.717e-09  0.000e+00  0.000e+00 -2.717e-09  0.000e+00  0.000e+00  0.000e+00  0.000e+00  0.000e+00
  35600 -1.39040e-07 -1.390e-07  0.000e+00  0.000e+00 -1.390e-07  0.000e+00  0.000e+00  0.000e+00  0.000e+00  0.000e+00
  35700 -2.33230e-09 -2.332e-09  0.000e+00  0.000e+00 -2.332e-09  0.000e+00  0.000e+00  0.000e+00  0.000e+00  0.000e+00
  35800 -9.03206e-07 -9.032e-07  0.000e+00  0.000e+00 -9.032e-07  0.000e+00  0.000e+00  0.000e+00  0.000e+00  0.000e+00
  35900 -2.45383e-09 -2.454e-09  0.000e+00  0.000e+00 -2.454e-09  0.000e+00  0.000e+00  0.000e+00  0.000e+00  0.000e+00
  36000 -9.10284e-09 -9.103e-09  0.000e+00  0.000e+00 -9.103e-09  0.000e+00  0.000e+00  0.000e+00  0.000e+00  0.000e+00
  36100 -4.57854e-06 -4.579e-06  0.000e+00  0.000e+00 -4.579e-06  0.000e+00  0.000e+00  0.000e+00  0.000e+00  0.000e+00
  36200 -1.82317e-07 -1.823e-07  0.000e+00  0.000e+00 -1.823e-07  0.000e+00  0.000e+00  0.000e+00  0.000e+00  0.000e+00
  36300 -2.91052e-08 -2.911e-08  0.000e+00  0.000e+00 -2.911e-08  0.000e+00  0.000e+00  0.000e+00  0.000e+00  0.000e+00
  36400 -1.07793e-08 -1.078e-08  0.000e+00  0.000e+00 -1.078e-08  0.000e+00  0.000e+00  0.000e+00  0.000e+00  0.000e+00
  36500 -3.14741e-08 -3.147e-08  0.000e+00  0.000e+00 -3.147e-08  0.000e+00  0.000e+00  0.000e+00  0.000e+00  0.000e+00
  36600 -1.10722e-08 -1.107e-08  0.000e+00  0.000e+00 -1.107e-08  0.000e+00  0.000e+00  0.000e+00  0.000e+00  0.000e+00
  36700 -2.17257e-09 -2.173e-09  0.000e+00  0.000e+00 -2.173e-09  0.000e+00  0.000e+00  0.000e+00  0.000e+00  0.000e+00
  36800 -1.03647e-07 -1.036e-07  0.000e+00  0.000e+00 -1.036e-07  0.000e+00  0.000e+00  0.000e+00  0.000e+00  0.000e+00
  36900 -1.02856e-07 -1.029e-07  0.000e+00  0.000e+00 -1.029e-07  0.000e+00  0.000e+00  0.000e+00  0.000e+00  0.000e+00
  37000 -5.28798e-07 -5.288e-07  0.000e+00  0.000e+00 -5.288e-07  0.000e+00  0.000e+00  0.000e+00  0.000e+00  0.000e+00
  37100 -2.28398e-08 -2.284e-08  0.000e+00  0.000e+00 -2.284e-08  0.000e+00  0.000e+00  0.000e+00  0.000e+00  0.000e+00
  37200 -3.99180e-05 -3.992e-05  0.000e+00  0.000e+00 -3.992e-05  0.000e+00  0.000e+00  0.000e+00  0.000e+00  0.000e+00
  37300 -5.24457e-08 -5.245e-08  0.000e+00  0.000e+00 -5.245e-08  0.000e+00  0.000e+00  0.000e+00  0.000e+00  0.000e+00
  37400 -1.33548e-07 -1.335e-07  0.000e+00  0.000e+00 -1.335e-07  0.000e+00  0.000e+00  0.000e+00  0.000e+00  0.000e+00
  37500 -3.16470e-08 -3.165e-08  0.000e+00  0.000e+00 -3.165e-08  0.000e+00  0.000e+00  0.000e+00  0.000e+00  0.000e+00
  37600 -5.51789e-08 -5.518e-08  0.000e+00  0.000e+00 -5.518e-08  0.000e+00  0.000e+00  0.000e+00  0.000e+00  0.000e+00
  37700 -5.64109e-09 -5.641e-09  0.000e+00  0.000e+00 -5.641e-09  0.000e+00  0.000e+00  0.000e+00  0.000e+00  0.000e+00
  37800 -7.42056e-08 -7.421e-08  0.000e+00  0.000e+00 -7.421e-08  0.000e+00  0.000e+00  0.000e+00  0.000e+00  0.000e+00
  37900 -9.72105e-08 -9.721e-08  0.000e+00  0.000e+00 -9.721e-08  0.000e+00  0.000e+00  0.000e+00  0.000e+00  0.000e+00
  38000 -1.80308e-07 -1.803e-07  0.000e+00  0.000e+00 -1.803e-07  0.000e+00  0.000e+00  0.000e+00  0.000e+00  0.000e+00
  38100 -5.62783e-07 -5.628e-07  0.000e+00  0.000e+00 -5.628e-07  0.000e+00  0.000e+00  0.000e+00  0.000e+00  0.000e+00
  38200 -3.62978e-08 -3.630e-08  0.000e+00  0.000e+00 -3.630e-08  0.000e+00  0.000e+00  0.000e+00  0.000e+00  0.000e+00
  38300 -1.84273e-07 -1.843e-07  0.000e+00  0.000e+00 -1.843e-07  0.000e+00  0.000e+00  0.000e+00  0.000e+00  0.000e+00
  38400 -8.72364e-08 -8.724e-08  0.000e+00  0.000e+00 -8.724e-08  0.000e+00  0.000e+00  0.000e+00  0.000e+00  0.000e+00
  38500 -5.63977e-07 -5.640e-07  0.000e+00  0.000e+00 -5.640e-07  0.000e+00  0.000e+00  0.000e+00  0.000e+00  0.000e+00
  38600 -6.05123e-07 -6.051e-07  0.000e+00  0.000e+00 -6.051e-07  0.000e+00  0.000e+00  0.000e+00  0.000e+00  0.000e+00
  38700 -7.61545e-09 -7.615e-09  0.000e+00  0.000e+00 -7.615e-09  0.000e+00  0.000e+00  0.000e+00  0.000e+00  0.000e+00
  38800 -1.05955e-06 -1.060e-06  0.000e+00  0.000e+00 -1.060e-06  0.000e+00  0.000e+00  0.000e+00  0.000e+00  0.000e+00
  38900 -5.30701e-08 -5.307e-08  0.000e+00  0.000e+00 -5.307e-08  0.000e+00  0.000e+00  0.000e+00  0.000e+00  0.000e+00
  39000 -3.66216e-09 -3.662e-09  0.000e+00  0.000e+00 -3.662e-09  0.000e+00  0.000e+00  0.000e+00  0.000e+00  0.000e+00
  39100 -2.67713e-08 -2.677e-08  0.000e+00  0.000e+00 -2.677e-08  0.000e+00  0.000e+00  0.000e+00  0.000e+00  0.000e+00
  39200 -3.61401e-08 -3.614e-08  0.000e+00  0.000e+00 -3.614e-08  0.000e+00  0.000e+00  0.000e+00  0.000e+00  0.000e+00
  39300 -8.11936e-09 -8.119e-09  0.000e+00  0.000e+00 -8.119e-09  0.000e+00  0.000e+00  0.000e+00  0.000e+00  0.000e+00
  39400 -1.02629e-08 -1.026e-08  0.000e+00  0.000e+00 -1.026e-08  0.000e+00  0.000e+00  0.000e+00  0.000e+00  0.000e+00
  39500 -5.15077e-09 -5.151e-09  0.000e+00  0.000e+00 -5.151e-09  0.000e+00  0.000e+00  0.000e+00  0.000e+00  0.000e+00
  39600 -2.28493e-08 -2.285e-08  0.000e+00  0.000e+00 -2.285e-08  0.000e+00  0.000e+00  0.000e+00  0.000e+00  0.000e+00
  39700 -3.28779e-08 -3.288e-08  0.000e+00  0.000e+00 -3.288e-08  0.000e+00  0.000e+00  0.000e+00  0.000e+00  0.000e+00
  39800 -1.99516e-07 -1.995e-07  0.000e+00  0.000e+00 -1.995e-07  0.000e+00  0.000e+00  0.000e+00  0.000e+00  0.000e+00
  39900 -3.51658e-08 -3.517e-08  0.000e+00  0.000e+00 -3.517e-08  0.000e+00  0.000e+00  0.000e+00  0.000e+00  0.000e+00
  40000 -9.31953e-07 -9.320e-07  0.000e+00  0.000e+00 -9.320e-07  0.000e+00  0.000e+00  0.000e+00  0.000e+00  0.000e+00
  40100 -1.08712e-08 -1.087e-08  0.000e+00  0.000e+00 -1.087e-08  0.000e+00  0.000e+00  0.000e+00  0.000e+00  0.000e+00
  40200 -3.71092e-04 -3.711e-04  0.000e+00  0.000e+00 -3.711e-04  0.000e+00  0.000e+00  0.000e+00  0.000e+00  0.000e+00
  40300 -3.56883e-09 -3.569e-09  0.000e+00  0.000e+00 -3.569e-09  0.000e+00  0.000e+00  0.000e+00  0.000e+00  0.000e+00
  40400 -2.14771e-08 -2.148e-08  0.000e+00  0.000e+00 -2.148e-08  0.000e+00  0.000e+00  0.000e+00  0.000e+00  0.000e+00
  40500 -5.65681e-07 -5.657e-07  0.000e+00  0.000e+00 -5.657e-07  0.000e+00  0.000e+00  0.000e+00  0.000e+00  0.000e+00
  40600 -3.60182e-08 -3.602e-08  0.000e+00  0.000e+00 -3.602e-08  0.000e+00  0.000e+00  0.000e+00  0.000e+00  0.000e+00
  40700 -2.30903e-08 -2.309e-08  0.000e+00  0.000e+00 -2.309e-08  0.000e+00  0.000e+00  0.000e+00  0.000e+00  0.000e+00
  40800 -3.25951e-09 -3.260e-09  0.000e+00  0.000e+00 -3.260e-09  0.000e+00  0.000e+00  0.000e+00  0.000e+00  0.000e+00
  40900 -8.85619e-08 -8.856e-08  0.000e+00  0.000e+00 -8.856e-08  0.000e+00  0.000e+00  0.000e+00  0.000e+00  0.000e+00
  41000 -1.60105e-05 -1.601e-05  0.000e+00  0.000e+00 -1.601e-05  0.000e+00  0.000e+00  0.000e+00  0.000e+00  0.000e+00
  41100 -1.41485e-08 -1.415e-08  0.000e+00  0.000e+00 -1.415e-08  0.000e+00  0.000e+00  0.000e+00  0.000e+00  0.000e+00
  41200 -3.35999e-08 -3.360e-08  0.000e+00  0.000e+00 -3.360e-08  0.000e+00  0.000e+00  0.000e+00  0.000e+00  0.000e+00
  41300 -1.10649e-07 -1.106e-07  0.000e+00  0.000e+00 -1.106e-07  0.000e+00  0.000e+00  0.000e+00  0.000e+00  0.000e+00
  41400 -1.21537e-08 -1.215e-08  0.000e+00  0.000e+00 -1.215e-08  0.000e+00  0.000e+00  0.000e+00  0.000e+00  0.000e+00
  41500 -9.64659e-09 -9.647e-09  0.000e+00  0.000e+00 -9.647e-09  0.000e+00  0.000e+00  0.000e+00  0.000e+00  0.000e+00
  41600 -1.73246e-07 -1.732e-07  0.000e+00  0.000e+00 -1.732e-07  0.000e+00  0.000e+00  0.000e+00  0.000e+00  0.000e+00
  41700 -1.38584e-06 -1.386e-06  0.000e+00  0.000e+00 -1.386e-06  0.000e+00  0.000e+00  0.000e+00  0.000e+00  0.000e+00
  41800 -8.43268e-06 -8.433e-06  0.000e+00  0.000e+00 -8.433e-06  0.000e+00  0.000e+00  0.000e+00  0.000e+00  0.000e+00
  41900 -1.88602e-06 -1.886e-06  0.000e+00  0.000e+00 -1.886e-06  0.000e+00  0.000e+00  0.000e+00  0.000e+00  0.000e+00
  42000 -1.02904e-08 -1.029e-08  0.000e+00  0.000e+00 -1.029e-08  0.000e+00  0.000e+00  0.000e+00  0.000e+00  0.000e+00
  42100 -1.85472e-09 -1.855e-09  0.000e+00  0.000e+00 -1.855e-09  0.000e+00  0.000e+00  0.000e+00  0.000e+00  0.000e+00
  42200 -6.45521e-07 -6.455e-07  0.000e+00  0.000e+00 -6.455e-07  0.000e+00  0.000e+00  0.000e+00  0.000e+00  0.000e+00
  42300 -7.07312e-07 -7.073e-07  0.000e+00  0.000e+00 -7.073e-07  0.000e+00  0.000e+00  0.000e+00  0.000e+00  0.000e+00
  42400 -5.48352e-09 -5.484e-09  0.000e+00  0.000e+00 -5.484e-09  0.000e+00  0.000e+00  0.000e+00  0.000e+00  0.000e+00
  42500 -1.32621e-08 -1.326e-08  0.000e+00  0.000e+00 -1.326e-08  0.000e+00  0.000e+00  0.000e+00  0.000e+00  0.000e+00
  42600 -3.59788e-09 -3.598e-09  0.000e+00  0.000e+00 -3.598e-09  0.000e+00  0.000e+00  0.000e+00  0.000e+00  0.000e+00
  42700 -2.38007e-07 -2.380e-07  0.000e+00  0.000e+00 -2.380e-07  0.000e+00  0.000e+00  0.000e+00  0.000e+00  0.000e+00
  42800 -5.12981e-06 -5.130e-06  0.000e+00  0.000e+00 -5.130e-06  0.000e+00  0.000e+00  0.000e+00  0.000e+00  0.000e+00
  42900 -1.25265e-08 -1.253e-08  0.000e+00  0.000e+00 -1.253e-08  0.000e+00  0.000e+00  0.000e+00  0.000e+00  0.000e+00
  43000 -4.00364e-06 -4.004e-06  0.000e+00  0.000e+00 -4.004e-06  0.000e+00  0.000e+00  0.000e+00  0.000e+00  0.000e+00
  43100 -7.27932e-07 -7.279e-07  0.000e+00  0.000e+00 -7.279e-07  0.000e+00  0.000e+00  0.000e+00  0.000e+00  0.000e+00
  43200 -8.02953e-08 -8.030e-08  0.000e+00  0.000e+00 -8.030e-08  0.000e+00  0.000e+00  0.000e+00  0.000e+00  0.000e+00
  43300 -3.58904e-08 -3.589e-08  0.000e+00  0.000e+00 -3.589e-08  0.000e+00  0.000e+00  0.000e+00  0.000e+00  0.000e+00
  43400 -3.29486e-09 -3.295e-09  0.000e+00  0.000e+00 -3.295e-09  0.000e+00  0.000e+00  0.000e+00  0.000e+00  0.000e+00
  43500 -8.30210e-08 -8.302e-08  0.000e+00  0.000e+00 -8.302e-08  0.000e+00  0.000e+00  0.000e+00  0.000e+00  0.000e+00
  43600 -2.15800e-09 -2.158e-09  0.000e+00  0.000e+00 -2.158e-09  0.000e+00  0.000e+00  0.000e+00  0.000e+00  0.000e+00
  43700 -2.24832e-08 -2.248e-08  0.000e+00  0.000e+00 -2.248e-08  0.000e+00  0.000e+00  0.000e+00  0.000e+00  0.000e+00
  43800 -2.27931e-07 -2.279e-07  0.000e+00  0.000e+00 -2.279e-07  0.000e+00  0.000e+00  0.000e+00  0.000e+00  0.000e+00
  43900 -1.68939e-07 -1.689e-07  0.000e+00  0.000e+00 -1.689e-07  0.000e+00  0.000e+00  0.000e+00  0.000e+00  0.000e+00
  44000 -6.64531e-07 -6.645e-07  0.000e+00  0.000e+00 -6.645e-07  0.000e+00  0.000e+00  0.000e+00  0.000e+00  0.000e+00
  44100 -2.01133e-09 -2.011e-09  0.000e+00  0.000e+00 -2.011e-09  0.000e+00  0.000e+00  0.000e+00  0.000e+00  0.000e+00
  44200 -4.17560e-08 -4.176e-08  0.000e+00  0.000e+00 -4.176e-08  0.000e+00  0.000e+00  0.000e+00  0.000e+00  0.000e+00
  44300 -9.73221e-09 -9.732e-09  0.000e+00  0.000e+00 -9.732e-09  0.000e+00  0.000e+00  0.000e+00  0.000e+00  0.000e+00
  44400 -1.55689e-05 -1.557e-05  0.000e+00  0.000e+00 -1.557e-05  0.000e+00  0.000e+00  0.000e+00  0.000e+00  0.000e+00
  44500 -4.06344e-09 -4.063e-09  0.000e+00  0.000e+00 -4.063e-09  0.000e+00  0.000e+00  0.000e+00  0.000e+00  0.000e+00
  44600 -1.69410e-08 -1.694e-08  0.000e+00  0.000e+00 -1.694e-08  0.000e+00  0.000e+00  0.000e+00  0.000e+00  0.000e+00
  44700 -3.76383e-07 -3.764e-07  0.000e+00  0.000e+00 -3.764e-07  0.000e+00  0.000e+00  0.000e+00  0.000e+00  0.000e+00
  44800 -1.96437e-08 -1.964e-08  0.000e+00  0.000e+00 -1.964e-08  0.000e+00  0.000e+00  0.000e+00  0.000e+00  0.000e+00
  44900 -4.45556e-08 -4.456e-08  0.000e+00  0.000e+00 -4.456e-08  0.000e+00  0.000e+00  0.000e+00  0.000e+00  0.000e+00
  45000 -8.16585e-09 -8.166e-09  0.000e+00  0.000e+00 -8.166e-09  0.000e+00  0.000e+00  0.000e+00  0.000e+00  0.000e+00
  45100 -1.05214e-06 -1.052e-06  0.000e+00  0.000e+00 -1.052e-06  0.000e+00  0.000e+00  0.000e+00  0.000e+00  0.000e+00
  45200 -1.01161e-07 -1.012e-07  0.000e+00  0.000e+00 -1.012e-07  0.000e+00  0.000e+00  0.000e+00  0.000e+00  0.000e+00
  45300 -4.56676e-09 -4.567e-09  0.000e+00  0.000e+00 -4.567e-09  0.000e+00  0.000e+00  0.000e+00  0.000e+00  0.000e+00
  45400 -3.30880e-08 -3.309e-08  0.000e+00  0.000e+00 -3.309e-08  0.000e+00  0.000e+00  0.000e+00  0.000e+00  0.000e+00
  45500 -2.25705e-07 -2.257e-07  0.000e+00  0.000e+00 -2.257e-07  0.000e+00  0.000e+00  0.000e+00  0.000e+00  0.000e+00
  45600 -3.71111e-09 -3.711e-09  0.000e+00  0.000e+00 -3.711e-09  0.000e+00  0.000e+00  0.000e+00  0.000e+00  0.000e+00
  45700 -1.07260e-05 -1.073e-05  0.000e+00  0.000e+00 -1.073e-05  0.000e+00  0.000e+00  0.000e+00  0.000e+00  0.000e+00
  45800 -9.59171e-08 -9.592e-08  0.000e+00  0.000e+00 -9.592e-08  0.000e+00  0.000e+00  0.000e+00  0.000e+00  0.000e+00
  45900 -1.03202e-08 -1.032e-08  0.000e+00  0.000e+00 -1.032e-08  0.000e+00  0.000e+00  0.000e+00  0.000e+00  0.000e+00
  46000 -1.16908e-04 -1.169e-04  0.000e+00  0.000e+00 -1.169e-04  0.000e+00  0.000e+00  0.000e+00  0.000e+00  0.000e+00
  46100 -1.02870e-07 -1.029e-07  0.000e+00  0.000e+00 -1.029e-07  0.000e+00  0.000e+00  0.000e+00  0.000e+00  0.000e+00
  46200 -3.68883e-08 -3.689e-08  0.000e+00  0.000e+00 -3.689e-08  0.000e+00  0.000e+00  0.000e+00  0.000e+00  0.000e+00
  46300 -6.55540e-08 -6.555e-08  0.000e+00  0.000e+00 -6.555e-08  0.000e+00  0.000e+00  0.000e+00  0.000e+00  0.000e+00
  46400 -8.24913e-08 -8.249e-08  0.000e+00  0.000e+00 -8.249e-08  0.000e+00  0.000e+00  0.000e+00  0.000e+00  0.000e+00
  46500 -2.08506e-05 -2.085e-05  0.000e+00  0.000e+00 -2.085e-05  0.000e+00  0.000e+00  0.000e+00  0.000e+00  0.000e+00
  46600 -1.04168e-09 -1.042e-09  0.000e+00  0.000e+00 -1.042e-09  0.000e+00  0.000e+00  0.000e+00  0.000e+00  0.000e+00
  46700 -9.37682e-09 -9.377e-09  0.000e+00  0.000e+00 -9.377e-09  0.000e+00  0.000e+00  0.000e+00  0.000e+00  0.000e+00
  46800 -1.15801e-08 -1.158e-08  0.000e+00  0.000e+00 -1.158e-08  0.000e+00  0.000e+00  0.000e+00  0.000e+00  0.000e+00
  46900 -8.70157e-08 -8.702e-08  0.000e+00  0.000e+00 -8.702e-08  0.000e+00  0.000e+00  0.000e+00  0.000e+00  0.000e+00
  47000 -4.15050e-08 -4.150e-08  0.000e+00  0.000e+00 -4.150e-08  0.000e+00  0.000e+00  0.000e+00  0.000e+00  0.000e+00
  47100 -2.94444e-06 -2.944e-06  0.000e+00  0.000e+00 -2.944e-06  0.000e+00  0.000e+00  0.000e+00  0.000e+00  0.000e+00
  47200 -1.03096e-06 -1.031e-06  0.000e+00  0.000e+00 -1.031e-06  0.000e+00  0.000e+00  0.000e+00  0.000e+00  0.000e+00
  47300 -4.16542e-07 -4.165e-07  0.000e+00  0.000e+00 -4.165e-07  0.000e+00  0.000e+00  0.000e+00  0.000e+00  0.000e+00
  47400 -1.20513e-08 -1.205e-08  0.000e+00  0.000e+00 -1.205e-08  0.000e+00  0.000e+00  0.000e+00  0.000e+00  0.000e+00
  47500 -1.21464e-08 -1.215e-08  0.000e+00  0.000e+00 -1.215e-08  0.000e+00  0.000e+00  0.000e+00  0.000e+00  0.000e+00
  47600 -3.25906e-08 -3.259e-08  0.000e+00  0.000e+00 -3.259e-08  0.000e+00  0.000e+00  0.000e+00  0.000e+00  0.000e+00
  47700 -3.33064e-09 -3.331e-09  0.000e+00  0.000e+00 -3.331e-09  0.000e+00  0.000e+00  0.000e+00  0.000e+00  0.000e+00
  47800 -5.13444e-09 -5.134e-09  0.000e+00  0.000e+00 -5.134e-09  0.000e+00  0.000e+00  0.000e+00  0.000e+00  0.000e+00
  47900 -1.53553e-07 -1.536e-07  0.000e+00  0.000e+00 -1.536e-07  0.000e+00  0.000e+00  0.000e+00  0.000e+00  0.000e+00
  48000 -5.36853e-09 -5.369e-09  0.000e+00  0.000e+00 -5.369e-09  0.000e+00  0.000e+00  0.000e+00  0.000e+00  0.000e+00
  48100 -1.35223e-04 -1.352e-04  0.000e+00  0.000e+00 -1.352e-04  0.000e+00  0.000e+00  0.000e+00  0.000e+00  0.000e+00
  48200 -1.67541e-08 -1.675e-08  0.000e+00  0.000e+00 -1.675e-08  0.000e+00  0.000e+00  0.000e+00  0.000e+00  0.000e+00
  48300 -2.50686e-08 -2.507e-08  0.000e+00  0.000e+00 -2.507e-08  0.000e+00  0.000e+00  0.000e+00  0.000e+00  0.000e+00
  48400 -3.55011e-06 -3.550e-06  0.000e+00  0.000e+00 -3.550e-06  0.000e+00  0.000e+00  0.000e+00  0.000e+00  0.000e+00
  48500 -1.88441e-08 -1.884e-08  0.000e+00  0.000e+00 -1.884e-08  0.000e+00  0.000e+00  0.000e+00  0.000e+00  0.000e+00
  48600 -9.22832e-06 -9.228e-06  0.000e+00  0.000e+00 -9.228e-06  0.000e+00  0.000e+00  0.000e+00  0.000e+00  0.000e+00
  48700 -9.49157e-08 -9.492e-08  0.000e+00  0.000e+00 -9.492e-08  0.000e+00  0.000e+00  0.000e+00  0.000e+00  0.000e+00
  48800 -9.79051e-05 -9.791e-05  0.000e+00  0.000e+00 -9.791e-05  0.000e+00  0.000e+00  0.000e+00  0.000e+00  0.000e+00
  48900 -5.75940e-08 -5.759e-08  0.000e+00  0.000e+00 -5.759e-08  0.000e+00  0.000e+00  0.000e+00  0.000e+00  0.000e+00
  49000 -2.23974e-09 -2.240e-09  0.000e+00  0.000e+00 -2.240e-09  0.000e+00  0.000e+00  0.000e+00  0.000e+00  0.000e+00
  49100 -4.40643e-05 -4.406e-05  0.000e+00  0.000e+00 -4.406e-05  0.000e+00  0.000e+00  0.000e+00  0.000e+00  0.000e+00
  49200 -5.09998e-08 -5.100e-08  0.000e+00  0.000e+00 -5.100e-08  0.000e+00  0.000e+00  0.000e+00  0.000e+00  0.000e+00
  49300 -2.46493e-08 -2.465e-08  0.000e+00  0.000e+00 -2.465e-08  0.000e+00  0.000e+00  0.000e+00  0.000e+00  0.000e+00
  49400 -1.86546e-06 -1.865e-06  0.000e+00  0.000e+00 -1.865e-06  0.000e+00  0.000e+00  0.000e+00  0.000e+00  0.000e+00
  49500 -6.22921e-09 -6.229e-09  0.000e+00  0.000e+00 -6.229e-09  0.000e+00  0.000e+00  0.000e+00  0.000e+00  0.000e+00
  49600 -5.28454e-07 -5.285e-07  0.000e+00  0.000e+00 -5.285e-07  0.000e+00  0.000e+00  0.000e+00  0.000e+00  0.000e+00
  49700 -1.10573e-09 -1.106e-09  0.000e+00  0.000e+00 -1.106e-09  0.000e+00  0.000e+00  0.000e+00  0.000e+00  0.000e+00
  49800 -2.17809e-06 -2.178e-06  0.000e+00  0.000e+00 -2.178e-06  0.000e+00  0.000e+00  0.000e+00  0.000e+00  0.000e+00
  49900 -2.48578e-06 -2.486e-06  0.000e+00  0.000e+00 -2.486e-06  0.000e+00  0.000e+00  0.000e+00  0.000e+00  0.000e+00
  50000 -4.62812e-09 -4.628e-09  0.000e+00  0.000e+00 -4.628e-09  0.000e+00  0.000e+00  0.000e+00  0.000e+00  0.000e+00
