# energy [kcal/mol] of he20
#  conf     e_total  e_nonbond   e_bonded  e_boundary      e_vdw     e_elst     e_bond    e_angle     e_tors      e_oop
      0  4.78380e-01  4.784e-01  0.000e+00  0.000e+00  4.784e-01  0.000e+00  0.000e+00  0.000e+00  0.000e+00  0.000e+00
     25 -8.52011e-01 -8.520e-01  0.000e+00  0.000e+00 -8.520e-01  0.000e+00  0.000e+00  0.000e+00  0.000e+00  0.000e+00
     50 -1.21190e+00 -1.212e+00  0.000e+00  0.000e+00 -1.212e+00  0.000e+00  0.000e+00  0.000e+00  0.000e+00  0.000e+00
     75 -8.13613e-01 -8.136e-01  0.000e+00  0.000e+00 -8.136e-01  0.000e+00  0.000e+00  0.000e+00  0.000e+00  0.000e+00
    100 -1.20959e+00 -1.210e+00  0.000e+00  0.000e+00 -1.210e+00  0.000e+00  0.000e+00  0.000e+00  0.000e+00  0.000e+00
    125 -1.21235e+00 -1.212e+00  0.000e+00  0.000e+00 -1.212e+00  0.000e+00  0.000e+00  0.000e+00  0.000e+00  0.000e+00
    150 -1.09624e+00 -1.096e+00  0.000e+00  0.000e+00 -1.096e+00  0.000e+00  0.000e+00  0.000e+00  0.000e+00  0.000e+00
    175 -9.09271e-01 -9.093e-01  0.000e+00  0.000e+00 -9.093e-01  0.000e+00  0.000e+00  0.000e+00  0.000e+00  0.000e+00
    200 -9.44684e-02 -9.447e-02  0.000e+00  0.000e+00 -9.447e-02  0.000e+00  0.000e+00  0.000e+00  0.000e+00  0.000e+00
    225 -7.51793e-01 -7.518e-01  0.000e+00  0.000e+00 -7.518e-01  0.000e+00  0.000e+00  0.000e+00  0.000e+00  0.000e+00
    250 -7.41990e-01 -7.420e-01  0.000e+00  0.000e+00 -7.420e-01  0.000e+00  0.000e+00  0.000e+00  0.000e+00  0.000e+00
    275 -5.57456e-02 -5.575e-02  0.000e+00  0.000e+00 -5.575e-02  0.000e+00  0.000e+00  0.000e+00  0.000e+00  0.000e+00
    300 -5.58445e-01 -5.584e-01  0.000e+00  0.000e+00 -5.584e-01  0.000e+00  0.000e+00  0.000e+00  0.000e+00  0.000e+00
    325 -6.56596e-01 -6.566e-01  0.000e+00  0.000e+00 -6.566e-01  0.000e+00  0.000e+00  0.000e+00  0.000e+00  0.000e+00
    350 -5.39911e-01 -5.399e-01  0.000e+00  0.000e+00 -5.399e-01  0.000e+00  0.000e+00  0.000e+00  0.000e+00  0.000e+00
    375 -7.46760e-01 -7.468e-01  0.000e+00  0.000e+00 -7.468e-01  0.000e+00  0.000e+00  0.000e+00  0.000e+00  0.000e+00
    400 -5.77161e-01 -5.772e-01  0.000e+00  0.000e+00 -5.772e-01  0.000e+00  0.000e+00  0.000e+00  0.000e+00  0.000e+00
    425 -6.02119e-01 -6.021e-01  0.000e+00  0.000e+00 -6.021e-01  0.000e+00  0.000e+00  0.000e+00  0.000e+00  0.000e+00
    450 -5.27434e-01 -5.274e-01  0.000e+00  0.000e+00 -5.274e-01  0.000e+00  0.000e+00  0.000e+00  0.000e+00  0.000e+00
    475 -6.59251e-01 -6.593e-01  0.000e+00  0.000e+00 -6.593e-01  0.000e+00  0.000e+00  0.000e+00  0.000e+00  0.000e+00
    500 -7.38813e-01 -7.388e-01  0.000e+00  0.000e+00 -7.388e-01  0.000e+00  0.000e+00  0.000e+00  0.000e+00  0.000e+00
    525 -5.11776e-01 -5.118e-01  0.000e+00  0.000e+00 -5.118e-01  0.000e+00  0.000e+00  0.000e+00  0.000e+00  0.000e+00
    550 -6.90983e-01 -6.910e-01  0.000e+00  0.000e+00 -6.910e-01  0.000e+00  0.000e+00  0.000e+00  0.000e+00  0.000e+00
    575 -1.27674e-01 -1.277e-01  0.000e+00  0.000e+00 -1.277e-01  0.000e+00  0.000e+00  0.000e+00  0.000e+00  0.000e+00
    600 -3.21174e-01 -3.212e-01  0.000e+00  0.000e+00 -3.212e-01  0.000e+00  0.000e+00  0.000e+00  0.000e+00  0.000e+00
    625 -1.47414e-01 -1.474e-01  0.000e+00  0.000e+00 -1.474e-01  0.000e+00  0.000e+00  0.000e+00  0.000e+00  0.000e+00
    650 -2.74716e-01 -2.747e-01  0.000e+00  0.000e+00 -2.747e-01  0.000e+00  0.000e+00  0.000e+00  0.000e+00  0.000e+00
    675 -2.51096e-02 -2.511e-02  0.000e+00  0.000e+00 -2.511e-02  0.000e+00  0.000e+00  0.000e+00  0.000e+00  0.000e+00
    700 -1.58127e-02 -1.581e-02  0.000e+00  0.000e+00 -1.581e-02  0.000e+00  0.000e+00  0.000e+00  0.000e+00  0.000e+00
    725 -3.19857e-03 -3.199e-03  0.000e+00  0.000e+00 -3.199e-03  0.000e+00  0.000e+00  0.000e+00  0.000e+00  0.000e+00
    750 -1.39349e-03 -1.393e-03  0.000e+00  0.000e+00 -1.393e-03  0.000e+00  0.000e+00  0.000e+00  0.000e+00  0.000e+00
    775 -7.60844e-03 -7.608e-03  0.000e+00  0.000e+00 -7.608e-03  0.000e+00  0.000e+00  0.000e+00  0.000e+00  0.000e+00
    800 -6.31010e-02 -6.310e-02  0.000e+00  0.000e+00 -6.310e-02  0.000e+00  0.000e+00  0.000e+00  0.000e+00  0.000e+00
    825 -8.22884e-03 -8.229e-03  0.000e+00  0.000e+00 -8.229e-03  0.000e+00  0.000e+00  0.000e+00  0.000e+00  0.000e+00
    850 -1.46256e-02 -1.463e-02  0.000e+00  0.000e+00 -1.463e-02  0.000e+00  0.000e+00  0.000e+00  0.000e+00  0.000e+00
    875 -3.88717e-04 -3.887e-04  0.000e+00  0.000e+00 -3.887e-04  0.000e+00  0.000e+00  0.000e+00  0.000e+00  0.000e+00
    900 -1.47238e-04 -1.472e-04  0.000e+00  0.000e+00 -1.472e-04  0.000e+00  0.000e+00  0.000e+00  0.000e+00  0.000e+00
    925 -9.87132e-05 -9.871e-05  0.000e+00  0.000e+00 -9.871e-05  0.000e+00  0.000e+00  0.000e+00  0.000e+00  0.000e+00
    950 -5.07903e-03 -5.079e-03  0.000e+00  0.000e+00 -5.079e-03  0.000e+00  0.000e+00  0.000e+00  0.000e+00  0.000e+00
    975 -1.04648e-04 -1.046e-04  0.000e+00  0.000e+00 -1.046e-04  0.000e+00  0.000e+00  0.000e+00  0.000e+00  0.000e+00
   1000 -1.34955e-04 -1.350e-04  0.000e+00  0.000e+00 -1.350e-04  0.000e+00  0.000e+00  0.000e+00  0.000e+00  0.000e+00
   1025 -7.03101e-05 -7.031e-05  0.000e+00  0.000e+00 -7.031e-05  0.000e+00  0.000e+00  0.000e+00  0.000e+00  0.000e+00
   1050  7.85824e-03 -7.896e-05  0.000e+00  7.937e-03 -7.896e-05  0.000e+00  0.000e+00  0.000e+00  0.000e+00  0.000e+00
   1075 -6.74504e-02 -6.745e-02  0.000e+00  0.000e+00 -6.745e-02  0.000e+00  0.000e+00  0.000e+00  0.000e+00  0.000e+00
   1100 -2.47609e-03 -2.476e-03  0.000e+00  0.000e+00 -2.476e-03  0.000e+00  0.000e+00  0.000e+00  0.000e+00  0.000e+00
   1125 -1.20325e-04 -1.203e-04  0.000e+00  0.000e+00 -1.203e-04  0.000e+00  0.000e+00  0.000e+00  0.000e+00  0.000e+00
   1150 -1.85122e-04 -1.851e-04  0.000e+00  0.000e+00 -1.851e-04  0.000e+00  0.000e+00  0.000e+00  0.000e+00  0.000e+00
   1175 -6.33855e-05 -6.339e-05  0.000e+00  0.000e+00 -6.339e-05  0.000e+00  0.000e+00  0.000e+00  0.000e+00  0.000e+00
   1200 -2.16203e-02 -2.162e-02  0.000e+00  0.000e+00 -2.162e-02  0.000e+00  0.000e+00  0.000e+00  0.000e+00  0.000e+00
   1225 -1.79979e-04 -1.800e-04  0.000e+00  0.000e+00 -1.800e-04  0.000e+00  0.000e+00  0.000e+00  0.000e+00  0.000e+00
   1250 -4.57082e-02 -4.571e-02  0.000e+00  0.000e+00 -4.571e-02  0.000e+00  0.000e+00  0.000e+00  0.000e+00  0.000e+00
   1275 -1.79730e-02 -1.797e-02  0.000e+00  0.000e+00 -1.797e-02  0.000e+00  0.000e+00  0.000e+00  0.000e+00  0.000e+00
   1300  9.03622e-02 -8.245e-04  0.000e+00  9.119e-02 -8.245e-04  0.000e+00  0.000e+00  0.000e+00  0.000e+00  0.000e+00
   1325 -2.79124e-04 -2.791e-04  0.000e+00  0.000e+00 -2.791e-04  0.000e+00  0.000e+00  0.000e+00  0.000e+00  0.000e+00
   1350 -9.92668e-05 -9.927e-05  0.000e+00  0.000e+00 -9.927e-05  0.000e+00  0.000e+00  0.000e+00  0.000e+00  0.000e+00
   1375 -6.47398e-04 -6.474e-04  0.000e+00  0.000e+00 -6.474e-04  0.000e+00  0.000e+00  0.000e+00  0.000e+00  0.000e+00
   1400 -3.88658e-04 -3.887e-04  0.000e+00  0.000e+00 -3.887e-04  0.000e+00  0.000e+00  0.000e+00  0.000e+00  0.000e+00
   1425 -1.74735e-03 -1.747e-03  0.000e+00  0.000e+00 -1.747e-03  0.000e+00  0.000e+00  0.000e+00  0.000e+00  0.000e+00
   1450 -2.80054e-04 -2.801e-04  0.000e+00  0.000e+00 -2.801e-04  0.000e+00  0.000e+00  0.000e+00  0.000e+00  0.000e+00
   1475 -5.31365e-05 -5.314e-05  0.000e+00  0.000e+00 -5.314e-05  0.000e+00  0.000e+00  0.000e+00  0.000e+00  0.000e+00
   1500 -5.33063e-04 -5.331e-04  0.000e+00  0.000e+00 -5.331e-04  0.000e+00  0.000e+00  0.000e+00  0.000e+00  0.000e+00
   1525 -7.85652e-05 -7.857e-05  0.000e+00  0.000e+00 -7.857e-05  0.000e+00  0.000e+00  0.000e+00  0.000e+00  0.000e+00
   1550 -8.63721e-02 -8.637e-02  0.000e+00  0.000e+00 -8.637e-02  0.000e+00  0.000e+00  0.000e+00  0.000e+00  0.000e+00
   1575 -2.87290e-05 -2.873e-05  0.000e+00  0.000e+00 -2.873e-05  0.000e+00  0.000e+00  0.000e+00  0.000e+00  0.000e+00
   1600 -5.74654e-04 -5.747e-04  0.000e+00  0.000e+00 -5.747e-04  0.000e+00  0.000e+00  0.000e+00  0.000e+00  0.000e+00
   1625 -1.02604e-04 -1.026e-04  0.000e+00  0.000e+00 -1.026e-04  0.000e+00  0.000e+00  0.000e+00  0.000e+00  0.000e+00
   1650 -5.79088e-04 -5.791e-04  0.000e+00  0.000e+00 -5.791e-04  0.000e+00  0.000e+00  0.000e+00  0.000e+00  0.000e+00
   1675 -2.68098e-04 -2.681e-04  0.000e+00  0.000e+00 -2.681e-04  0.000e+00  0.000e+00  0.000e+00  0.000e+00  0.000e+00
   1700 -4.23245e-04 -4.232e-04  0.000e+00  0.000e+00 -4.232e-04  0.000e+00  0.000e+00  0.000e+00  0.000e+00  0.000e+00
   1725 -6.35499e-05 -6.355e-05  0.000e+00  0.000e+00 -6.355e-05  0.000e+00  0.000e+00  0.000e+00  0.000e+00  0.000e+00
   1750 -6.21163e-04 -6.212e-04  0.000e+00  0.000e+00 -6.212e-04  0.000e+00  0.000e+00  0.000e+00  0.000e+00  0.000e+00
   1775 -1.92769e-04 -1.928e-04  0.000e+00  0.000e+00 -1.928e-04  0.000e+00  0.000e+00  0.000e+00  0.000e+00  0.000e+00
   1800 -5.03656e-05 -5.037e-05  0.000e+00  0.000e+00 -5.037e-05  0.000e+00  0.000e+00  0.000e+00  0.000e+00  0.000e+00
   1825 -3.66804e-05 -3.668e-05  0.000e+00  0.000e+00 -3.668e-05  0.000e+00  0.000e+00  0.000e+00  0.000e+00  0.000e+00
   1850 -5.23131e-04 -5.231e-04  0.000e+00  0.000e+00 -5.231e-04  0.000e+00  0.000e+00  0.000e+00  0.000e+00  0.000e+00
   1875 -5.65749e-04 -5.657e-04  0.000e+00  0.000e+00 -5.657e-04  0.000e+00  0.000e+00  0.000e+00  0.000e+00  0.000e+00
   1900 -1.88100e-04 -1.881e-04  0.000e+00  0.000e+00 -1.881e-04  0.000e+00  0.000e+00  0.000e+00  0.000e+00  0.000e+00
   1925 -2.97272e-03 -2.973e-03  0.000e+00  0.000e+00 -2.973e-03  0.000e+00  0.000e+00  0.000e+00  0.000e+00  0.000e+00
   1950 -2.05861e-04 -2.059e-04  0.000e+00  0.000e+00 -2.059e-04  0.000e+00  0.000e+00  0.000e+00  0.000e+00  0.000e+00
   1975 -2.83088e-02 -2.831e-02  0.000e+00  0.000e+00 -2.831e-02  0.000e+00  0.000e+00  0.000e+00  0.000e+00  0.000e+00
   2000 -5.05182e-04 -5.052e-04  0.000e+00  0.000e+00 -5.052e-04  0.000e+00  0.000e+00  0.000e+00  0.000e+00  0.000e+00
   2025 -6.20559e-05 -6.206e-05  0.000e+00  0.000e+00 -6.206e-05  0.000e+00  0.000e+00  0.000e+00  0.000e+00  0.000e+00
   2050 -6.54252e-04 -6.543e-04  0.000e+00  0.000e+00 -6.543e-04  0.000e+00  0.000e+00  0.000e+00  0.000e+00  0.000e+00
   2075 -6.80850e-05 -6.809e-05  0.000e+00  0.000e+00 -6.809e-05  0.000e+00  0.000e+00  0.000e+00  0.000e+00  0.000e+00
   2100 -2.13178e-05 -2.132e-05  0.000e+00  0.000e+00 -2.132e-05  0.000e+00  0.000e+00  0.000e+00  0.000e+00  0.000e+00
   2125 -1.69453e-04 -1.695e-04  0.000e+00  0.000e+00 -1.695e-04  0.000e+00  0.000e+00  0.000e+00  0.000e+00  0.000e+00
   2150 -1.96792e-04 -1.968e-04  0.000e+00  0.000e+00 -1.968e-04  0.000e+00  0.000e+00  0.000e+00  0.000e+00  0.000e+00
   2175 -4.15473e-04 -4.155e-04  0.000e+00  0.000e+00 -4.155e-04  0.000e+00  0.000e+00  0.000e+00  0.000e+00  0.000e+00
   2200 -1.91682e-03 -1.917e-03  0.000e+00  0.000e+00 -1.917e-03  0.000e+00  0.000e+00  0.000e+00  0.000e+00  0.000e+00
   2225 -8.61694e-04 -8.617e-04  0.000e+00  0.000e+00 -8.617e-04  0.000e+00  0.000e+00  0.000e+00  0.000e+00  0.000e+00
   2250 -9.90611e-05 -9.906e-05  0.000e+00  0.000e+00 -9.906e-05  0.000e+00  0.000e+00  0.000e+00  0.000e+00  0.000e+00
   2275 -2.48147e-04 -2.481e-04  0.000e+00  0.000e+00 -2.481e-04  0.000e+00  0.000e+00  0.000e+00  0.000e+00  0.000e+00
   2300 -6.17068e-04 -6.171e-04  0.000e+00  0.000e+00 -6.171e-04  0.000e+00  0.000e+00  0.000e+00  0.000e+00  0.000e+00
   2325  1.43005e-01 -1.434e-04  0.000e+00  1.431e-01 -1.434e-04  0.000e+00  0.000e+00  0.000e+00  0.000e+00  0.000e+00
   2350 -1.56008e-02 -1.560e-02  0.000e+00  0.000e+00 -1.560e-02  0.000e+00  0.000e+00  0.000e+00  0.000e+00  0.000e+00
   2375 -4.61799e-05 -4.618e-05  0.000e+00  0.000e+00 -4.618e-05  0.000e+00  0.000e+00  0.000e+00  0.000e+00  0.000e+00
   2400 -9.01083e-02 -9.011e-02  0.000e+00  0.000e+00 -9.011e-02  0.000e+00  0.000e+00  0.000e+00  0.000e+00  0.000e+00
   2425 -1.41256e-04 -1.413e-04  0.000e+00  0.000e+00 -1.413e-04  0.000e+00  0.000e+00  0.000e+00  0.000e+00  0.000e+00
   2450 -9.98822e-05 -9.988e-05  0.000e+00  0.000e+00 -9.988e-05  0.000e+00  0.000e+00  0.000e+00  0.000e+00  0.000e+00
   2475 -5.02326e-05 -5.023e-05  0.000e+00  0.000e+00 -5.023e-05  0.000e+00  0.000e+00  0.000e+00  0.000e+00  0.000e+00
   2500 -4.06235e-05 -4.062e-05  0.000e+00  0.000e+00 -4.062e-05  0.000e+00  0.000e+00  0.000e+00  0.000e+00  0.000e+00
   2525 -8.09527e-05 -8.095e-05  0.000e+00  0.000e+00 -8.095e-05  0.000e+00  0.000e+00  0.000e+00  0.000e+00  0.000e+00
   2550 -1.29998e-05 -1.300e-05  0.000e+00  0.000e+00 -1.300e-05  0.000e+00  0.000e+00  0.000e+00  0.000e+00  0.000e+00
   2575 -4.41494e-05 -4.415e-05  0.000e+00  0.000e+00 -4.415e-05  0.000e+00  0.000e+00  0.000e+00  0.000e+00  0.000e+00
   2600 -2.01115e-05 -2.011e-05  0.000e+00  0.000e+00 -2.011e-05  0.000e+00  0.000e+00  0.000e+00  0.000e+00  0.000e+00
   2625 -1.29451e-04 -1.295e-04  0.000e+00  0.000e+00 -1.295e-04  0.000e+00  0.000e+00  0.000e+00  0.000e+00  0.000e+00
   2650 -4.24351e-04 -4.244e-04  0.000e+00  0.000e+00 -4.244e-04  0.000e+00  0.000e+00  0.000e+00  0.000e+00  0.000e+00
   2675 -1.59716e-04 -1.597e-04  0.000e+00  0.000e+00 -1.597e-04  0.000e+00  0.000e+00  0.000e+00  0.000e+00  0.000e+00
   2700 -1.45110e-04 -1.451e-04  0.000e+00  0.000e+00 -1.451e-04  0.000e+00  0.000e+00  0.000e+00  0.000e+00  0.000e+00
   2725 -1.08395e-03 -1.084e-03  0.000e+00  0.000e+00 -1.084e-03  0.000e+00  0.000e+00  0.000e+00  0.000e+00  0.000e+00
   2750 -1.52207e-03 -1.522e-03  0.000e+00  0.000e+00 -1.522e-03  0.000e+00  0.000e+00  0.000e+00  0.000e+00  0.000e+00
   2775 -1.15465e-03 -1.155e-03  0.000e+00  0.000e+00 -1.155e-03  0.000e+00  0.000e+00  0.000e+00  0.000e+00  0.000e+00
   2800 -3.46847e-05 -3.468e-05  0.000e+00  0.000e+00 -3.468e-05  0.000e+00  0.000e+00  0.000e+00  0.000e+00  0.000e+00
   2825 -1.67198e-04 -1.672e-04  0.000e+00  0.000e+00 -1.672e-04  0.000e+00  0.000e+00  0.000e+00  0.000e+00  0.000e+00
   2850 -8.73811e-05 -8.738e-05  0.000e+00  0.000e+00 -8.738e-05  0.000e+00  0.000e+00  0.000e+00  0.000e+00  0.000e+00
   2875 -7.73445e-05 -7.734e-05  0.000e+00  0.000e+00 -7.734e-05  0.000e+00  0.000e+00  0.000e+00  0.000e+00  0.000e+00
   2900 -6.71016e-05 -6.710e-05  0.000e+00  0.000e+00 -6.710e-05  0.000e+00  0.000e+00  0.000e+00  0.000e+00  0.000e+00
   2925 -7.58238e-05 -7.582e-05  0.000e+00  0.000e+00 -7.582e-05  0.000e+00  0.000e+00  0.000e+00  0.000e+00  0.000e+00
   2950 -4.63689e-04 -4.637e-04  0.000e+00  0.000e+00 -4.637e-04  0.000e+00  0.000e+00  0.000e+00  0.000e+00  0.000e+00
   2975 -2.65283e-03 -2.653e-03  0.000e+00  0.000e+00 -2.653e-03  0.000e+00  0.000e+00  0.000e+00  0.000e+00  0.000e+00
   3000 -8.80587e-02 -8.806e-02  0.000e+00  0.000e+00 -8.806e-02  0.000e+00  0.000e+00  0.000e+00  0.000e+00  0.000e+00
   3025 -4.19846e-05 -4.198e-05  0.000e+00  0.000e+00 -4.198e-05  0.000e+00  0.000e+00  0.000e+00  0.000e+00  0.000e+00
   3050 -3.31684e-04 -3.317e-04  0.000e+00  0.000e+00 -3.317e-04  0.000e+00  0.000e+00  0.000e+00  0.000e+00  0.000e+00
   3075 -5.61540e-05 -5.615e-05  0.000e+00  0.000e+00 -5.615e-05  0.000e+00  0.000e+00  0.000e+00  0.000e+00  0.000e+00
   3100 -6.42581e-04 -6.426e-04  0.000e+00  0.000e+00 -6.426e-04  0.000e+00  0.000e+00  0.000e+00  0.000e+00  0.000e+00
   3125 -7.32630e-04 -7.326e-04  0.000e+00  0.000e+00 -7.326e-04  0.000e+00  0.000e+00  0.000e+00  0.000e+00  0.000e+00
   3150 -2.96801e-03 -2.968e-03  0.000e+00  0.000e+00 -2.968e-03  0.000e+00  0.000e+00  0.000e+00  0.000e+00  0.000e+00
   3175 -1.74689e-04 -1.747e-04  0.000e+00  0.000e+00 -1.747e-04  0.000e+00  0.000e+00  0.000e+00  0.000e+00  0.000e+00
   3200 -2.06311e-03 -2.063e-03  0.000e+00  1.256e-07 -2.063e-03  0.000e+00  0.000e+00  0.000e+00  0.000e+00  0.000e+00
   3225 -2.80210e-04 -2.802e-04  0.000e+00  0.000e+00 -2.802e-04  0.000e+00  0.000e+00  0.000e+00  0.000e+00  0.000e+00
   3250 -1.02571e-03 -1.026e-03  0.000e+00  0.000e+00 -1.026e-03  0.000e+00  0.000e+00  0.000e+00  0.000e+00  0.000e+00
   3275 -1.20232e-03 -1.202e-03  0.000e+00  0.000e+00 -1.202e-03  0.000e+00  0.000e+00  0.000e+00  0.000e+00  0.000e+00
   3300 -1.22116e-04 -1.221e-04  0.000e+00  0.000e+00 -1.221e-04  0.000e+00  0.000e+00  0.000e+00  0.000e+00  0.000e+00
   3325 -1.54795e-03 -1.548e-03  0.000e+00  0.000e+00 -1.548e-03  0.000e+00  0.000e+00  0.000e+00  0.000e+00  0.000e+00
   3350 -4.67809e-04 -4.678e-04  0.000e+00  0.000e+00 -4.678e-04  0.000e+00  0.000e+00  0.000e+00  0.000e+00  0.000e+00
   3375 -2.42068e-04 -2.421e-04  0.000e+00  0.000e+00 -2.421e-04  0.000e+00  0.000e+00  0.000e+00  0.000e+00  0.000e+00
   3400 -3.93796e-04 -3.938e-04  0.000e+00  0.000e+00 -3.938e-04  0.000e+00  0.000e+00  0.000e+00  0.000e+00  0.000e+00
   3425 -1.91536e-02 -1.915e-02  0.000e+00  0.000e+00 -1.915e-02  0.000e+00  0.000e+00  0.000e+00  0.000e+00  0.000e+00
   3450 -7.04341e-03 -7.043e-03  0.000e+00  0.000e+00 -7.043e-03  0.000e+00  0.000e+00  0.000e+00  0.000e+00  0.000e+00
   3475 -8.36672e-02 -8.367e-02  0.000e+00  0.000e+00 -8.367e-02  0.000e+00  0.000e+00  0.000e+00  0.000e+00  0.000e+00
   3500 -3.05849e-03 -3.058e-03  0.000e+00  0.000e+00 -3.058e-03  0.000e+00  0.000e+00  0.000e+00  0.000e+00  0.000e+00
   3525 -6.75286e-02 -6.753e-02  0.000e+00  0.000e+00 -6.753e-02  0.000e+00  0.000e+00  0.000e+00  0.000e+00  0.000e+00
   3550 -6.61705e-04 -6.617e-04  0.000e+00  0.000e+00 -6.617e-04  0.000e+00  0.000e+00  0.000e+00  0.000e+00  0.000e+00
   3575 -1.01896e-03 -1.019e-03  0.000e+00  0.000e+00 -1.019e-03  0.000e+00  0.000e+00  0.000e+00  0.000e+00  0.000e+00
   3600 -7.48762e-04 -7.488e-04  0.000e+00  0.000e+00 -7.488e-04  0.000e+00  0.000e+00  0.000e+00  0.000e+00  0.000e+00
   3625 -2.08708e-03 -2.087e-03  0.000e+00  0.000e+00 -2.087e-03  0.000e+00  0.000e+00  0.000e+00  0.000e+00  0.000e+00
   3650 -1.45265e-04 -1.453e-04  0.000e+00  0.000e+00 -1.453e-04  0.000e+00  0.000e+00  0.000e+00  0.000e+00  0.000e+00
   3675 -2.80440e-04 -2.804e-04  0.000e+00  0.000e+00 -2.804e-04  0.000e+00  0.000e+00  0.000e+00  0.000e+00  0.000e+00
   3700 -2.86417e-05 -2.864e-05  0.000e+00  0.000e+00 -2.864e-05  0.000e+00  0.000e+00  0.000e+00  0.000e+00  0.000e+00
   3725 -1.57112e-05 -1.571e-05  0.000e+00  0.000e+00 -1.571e-05  0.000e+00  0.000e+00  0.000e+00  0.000e+00  0.000e+00
   3750 -3.30495e-05 -3.305e-05  0.000e+00  0.000e+00 -3.305e-05  0.000e+00  0.000e+00  0.000e+00  0.000e+00  0.000e+00
   3775 -4.16504e-05 -4.165e-05  0.000e+00  0.000e+00 -4.165e-05  0.000e+00  0.000e+00  0.000e+00  0.000e+00  0.000e+00
   3800 -3.32651e-04 -3.327e-04  0.000e+00  0.000e+00 -3.327e-04  0.000e+00  0.000e+00  0.000e+00  0.000e+00  0.000e+00
   3825 -1.65335e-03 -1.653e-03  0.000e+00  0.000e+00 -1.653e-03  0.000e+00  0.000e+00  0.000e+00  0.000e+00  0.000e+00
   3850 -1.52283e-03 -1.523e-03  0.000e+00  0.000e+00 -1.523e-03  0.000e+00  0.000e+00  0.000e+00  0.000e+00  0.000e+00
   3875 -3.52525e-02 -3.525e-02  0.000e+00  0.000e+00 -3.525e-02  0.000e+00  0.000e+00  0.000e+00  0.000e+00  0.000e+00
   3900 -1.23709e-04 -1.237e-04  0.000e+00  0.000e+00 -1.237e-04  0.000e+00  0.000e+00  0.000e+00  0.000e+00  0.000e+00
   3925 -7.04972e-04 -7.050e-04  0.000e+00  0.000e+00 -7.050e-04  0.000e+00  0.000e+00  0.000e+00  0.000e+00  0.000e+00
   3950 -1.08195e-03 -1.082e-03  0.000e+00  0.000e+00 -1.082e-03  0.000e+00  0.000e+00  0.000e+00  0.000e+00  0.000e+00
   3975 -1.12177e-04 -1.122e-04  0.000e+00  0.000e+00 -1.122e-04  0.000e+00  0.000e+00  0.000e+00  0.000e+00  0.000e+00
   4000 -7.80594e-04 -7.806e-04  0.000e+00  0.000e+00 -7.806e-04  0.000e+00  0.000e+00  0.000e+00  0.000e+00  0.000e+00
   4025 -1.02932e-04 -1.029e-04  0.000e+00  0.000e+00 -1.029e-04  0.000e+00  0.000e+00  0.000e+00  0.000e+00  0.000e+00
   4050 -3.77379e-04 -3.774e-04  0.000e+00  0.000e+00 -3.774e-04  0.000e+00  0.000e+00  0.000e+00  0.000e+00  0.000e+00
   4075 -1.03627e-04 -1.036e-04  0.000e+00  0.000e+00 -1.036e-04  0.000e+00  0.000e+00  0.000e+00  0.000e+00  0.000e+00
   4100 -8.60073e-05 -8.601e-05  0.000e+00  0.000e+00 -8.601e-05  0.000e+00  0.000e+00  0.000e+00  0.000e+00  0.000e+00
   4125 -4.47247e-04 -4.472e-04  0.000e+00  0.000e+00 -4.472e-04  0.000e+00  0.000e+00  0.000e+00  0.000e+00  0.000e+00
   4150 -1.27987e-04 -1.280e-04  0.000e+00  0.000e+00 -1.280e-04  0.000e+00  0.000e+00  0.000e+00  0.000e+00  0.000e+00
   4175 -2.30321e-04 -2.303e-04  0.000e+00  0.000e+00 -2.303e-04  0.000e+00  0.000e+00  0.000e+00  0.000e+00  0.000e+00
   4200 -2.66329e-04 -2.663e-04  0.000e+00  0.000e+00 -2.663e-04  0.000e+00  0.000e+00  0.000e+00  0.000e+00  0.000e+00
   4225 -7.46210e-05 -7.462e-05  0.000e+00  0.000e+00 -7.462e-05  0.000e+00  0.000e+00  0.000e+00  0.000e+00  0.000e+00
   4250 -5.24553e-04 -5.246e-04  0.000e+00  0.000e+00 -5.246e-04  0.000e+00  0.000e+00  0.000e+00  0.000e+00  0.000e+00
   4275 -2.43971e-04 -2.440e-04  0.000e+00  0.000e+00 -2.440e-04  0.000e+00  0.000e+00  0.000e+00  0.000e+00  0.000e+00
   4300 -3.62684e-04 -3.627e-04  0.000e+00  0.000e+00 -3.627e-04  0.000e+00  0.000e+00  0.000e+00  0.000e+00  0.000e+00
   4325 -1.02837e-04 -1.028e-04  0.000e+00  0.000e+00 -1.028e-04  0.000e+00  0.000e+00  0.000e+00  0.000e+00  0.000e+00
   4350 -4.44891e-03 -4.449e-03  0.000e+00  0.000e+00 -4.449e-03  0.000e+00  0.000e+00  0.000e+00  0.000e+00  0.000e+00
   4375 -5.15390e-05 -5.154e-05  0.000e+00  0.000e+00 -5.154e-05  0.000e+00  0.000e+00  0.000e+00  0.000e+00  0.000e+00
   4400 -1.56820e-04 -1.568e-04  0.000e+00  0.000e+00 -1.568e-04  0.000e+00  0.000e+00  0.000e+00  0.000e+00  0.000e+00
   4425 -6.71594e-05 -6.716e-05  0.000e+00  0.000e+00 -6.716e-05  0.000e+00  0.000e+00  0.000e+00  0.000e+00  0.000e+00
   4450 -1.79914e-03 -1.799e-03  0.000e+00  0.000e+00 -1.799e-03  0.000e+00  0.000e+00  0.000e+00  0.000e+00  0.000e+00
   4475 -2.28939e-04 -2.289e-04  0.000e+00  0.000e+00 -2.289e-04  0.000e+00  0.000e+00  0.000e+00  0.000e+00  0.000e+00
   4500 -3.86737e-03 -3.867e-03  0.000e+00  0.000e+00 -3.867e-03  0.000e+00  0.000e+00  0.000e+00  0.000e+00  0.000e+00
   4525 -4.03211e-04 -4.032e-04  0.000e+00  0.000e+00 -4.032e-04  0.000e+00  0.000e+00  0.000e+00  0.000e+00  0.000e+00
   4550 -2.88136e-03 -2.881e-03  0.000e+00  0.000e+00 -2.881e-03  0.000e+00  0.000e+00  0.000e+00  0.000e+00  0.000e+00
   4575 -2.34595e-03 -2.346e-03  0.000e+00  0.000e+00 -2.346e-03  0.000e+00  0.000e+00  0.000e+00  0.000e+00  0.000e+00
   4600 -1.86261e-04 -1.863e-04  0.000e+00  0.000e+00 -1.863e-04  0.000e+00  0.000e+00  0.000e+00  0.000e+00  0.000e+00
   4625 -1.02965e-01 -1.030e-01  0.000e+00  0.000e+00 -1.030e-01  0.000e+00  0.000e+00  0.000e+00  0.000e+00  0.000e+00
   4650 -1.29263e-04 -1.293e-04  0.000e+00  0.000e+00 -1.293e-04  0.000e+00  0.000e+00  0.000e+00  0.000e+00  0.000e+00
   4675 -2.88421e-05 -2.884e-05  0.000e+00  0.000e+00 -2.884e-05  0.000e+00  0.000e+00  0.000e+00  0.000e+00  0.000e+00
   4700 -5.18929e-02 -5.189e-02  0.000e+00  0.000e+00 -5.189e-02  0.000e+00  0.000e+00  0.000e+00  0.000e+00  0.000e+00
   4725 -2.60598e-02 -2.606e-02  0.000e+00  0.000e+00 -2.606e-02  0.000e+00  0.000e+00  0.000e+00  0.000e+00  0.000e+00
   4750 -6.31223e-02 -6.312e-02  0.000e+00  0.000e+00 -6.312e-02  0.000e+00  0.000e+00  0.000e+00  0.000e+00  0.000e+00
   4775  3.24292e-01 -4.441e-04  0.000e+00  3.247e-01 -4.441e-04  0.000e+00  0.000e+00  0.000e+00  0.000e+00  0.000e+00
   4800 -1.80339e-04 -1.803e-04  0.000e+00  0.000e+00 -1.803e-04  0.000e+00  0.000e+00  0.000e+00  0.000e+00  0.000e+00
   4825 -1.20154e-04 -1.202e-04  0.000e+00  0.000e+00 -1.202e-04  0.000e+00  0.000e+00  0.000e+00  0.000e+00  0.000e+00
   4850 -5.37410e-03 -5.374e-03  0.000e+00  0.000e+00 -5.374e-03  0.000e+00  0.000e+00  0.000e+00  0.000e+00  0.000e+00
   4875 -4.79624e-02 -4.796e-02  0.000e+00  0.000e+00 -4.796e-02  0.000e+00  0.000e+00  0.000e+00  0.000e+00  0.000e+00
   4900 -9.60776e-03 -9.608e-03  0.000e+00  0.000e+00 -9.608e-03  0.000e+00  0.000e+00  0.000e+00  0.000e+00  0.000e+00
   4925 -4.38631e-04 -4.386e-04  0.000e+00  0.000e+00 -4.386e-04  0.000e+00  0.000e+00  0.000e+00  0.000e+00  0.000e+00
   4950 -3.46369e-03 -3.464e-03  0.000e+00  0.000e+00 -3.464e-03  0.000e+00  0.000e+00  0.000e+00  0.000e+00  0.000e+00
   4975 -8.22879e-05 -8.229e-05  0.000e+00  0.000e+00 -8.229e-05  0.000e+00  0.000e+00  0.000e+00  0.000e+00  0.000e+00
   5000 -8.03116e-05 -8.031e-05  0.000e+00  0.000e+00 -8.031e-05  0.000e+00  0.000e+00  0.000e+00  0.000e+00  0.000e+00
   5025 -1.77656e-04 -1.777e-04  0.000e+00  0.000e+00 -1.777e-04  0.000e+00  0.000e+00  0.000e+00  0.000e+00  0.000e+00
   5050 -3.25256e-05 -3.253e-05  0.000e+00  0.000e+00 -3.253e-05  0.000e+00  0.000e+00  0.000e+00  0.000e+00  0.000e+00
   5075 -6.19604e-02 -6.196e-02  0.000e+00  0.000e+00 -6.196e-02  0.000e+00  0.000e+00  0.000e+00  0.000e+00  0.000e+00
   5100 -6.65213e-04 -6.652e-04  0.000e+00  0.000e+00 -6.652e-04  0.000e+00  0.000e+00  0.000e+00  0.000e+00  0.000e+00
   5125 -3.00428e-04 -3.004e-04  0.000e+00  0.000e+00 -3.004e-04  0.000e+00  0.000e+00  0.000e+00  0.000e+00  0.000e+00
   5150 -5.88482e-03 -5.885e-03  0.000e+00  0.000e+00 -5.885e-03  0.000e+00  0.000e+00  0.000e+00  0.000e+00  0.000e+00
   5175 -2.84653e-05 -2.847e-05  0.000e+00  0.000e+00 -2.847e-05  0.000e+00  0.000e+00  0.000e+00  0.000e+00  0.000e+00
   5200 -2.66222e-04 -2.662e-04  0.000e+00  0.000e+00 -2.662e-04  0.000e+00  0.000e+00  0.000e+00  0.000e+00  0.000e+00
   5225  3.16208e-01 -1.228e-04  0.000e+00  3.163e-01 -1.228e-04  0.000e+00  0.000e+00  0.000e+00  0.000e+00  0.000e+00
   5250 -3.06538e-04 -3.065e-04  0.000e+00  0.000e+00 -3.065e-04  0.000e+00  0.000e+00  0.000e+00  0.000e+00  0.000e+00
   5275 -3.70203e-04 -3.702e-04  0.000e+00  0.000e+00 -3.702e-04  0.000e+00  0.000e+00  0.000e+00  0.000e+00  0.000e+00
   5300 -2.52882e-04 -2.529e-04  0.000e+00  0.000e+00 -2.529e-04  0.000e+00  0.000e+00  0.000e+00  0.000e+00  0.000e+00
   5325 -8.38906e-05 -8.389e-05  0.000e+00  0.000e+00 -8.389e-05  0.000e+00  0.000e+00  0.000e+00  0.000e+00  0.000e+00
   5350 -1.60229e-05 -1.602e-05  0.000e+00  0.000e+00 -1.602e-05  0.000e+00  0.000e+00  0.000e+00  0.000e+00  0.000e+00
   5375 -7.12808e-05 -7.128e-05  0.000e+00  0.000e+00 -7.128e-05  0.000e+00  0.000e+00  0.000e+00  0.000e+00  0.000e+00
   5400 -3.31896e-05 -3.319e-05  0.000e+00  0.000e+00 -3.319e-05  0.000e+00  0.000e+00  0.000e+00  0.000e+00  0.000e+00
   5425 -2.31633e-05 -2.316e-05  0.000e+00  0.000e+00 -2.316e-05  0.000e+00  0.000e+00  0.000e+00  0.000e+00  0.000e+00
   5450 -3.39951e-05 -3.400e-05  0.000e+00  0.000e+00 -3.400e-05  0.000e+00  0.000e+00  0.000e+00  0.000e+00  0.000e+00
   5475 -8.45394e-04 -8.454e-04  0.000e+00  0.000e+00 -8.454e-04  0.000e+00  0.000e+00  0.000e+00  0.000e+00  0.000e+00
   5500 -7.63304e-05 -7.633e-05  0.000e+00  0.000e+00 -7.633e-05  0.000e+00  0.000e+00  0.000e+00  0.000e+00  0.000e+00
   5525 -1.99159e-05 -1.992e-05  0.000e+00  0.000e+00 -1.992e-05  0.000e+00  0.000e+00  0.000e+00  0.000e+00  0.000e+00
   5550 -6.88063e-04 -6.881e-04  0.000e+00  0.000e+00 -6.881e-04  0.000e+00  0.000e+00  0.000e+00  0.000e+00  0.000e+00
   5575 -3.16200e-03 -3.162e-03  0.000e+00  0.000e+00 -3.162e-03  0.000e+00  0.000e+00  0.000e+00  0.000e+00  0.000e+00
   5600  2.58942e-02 -2.413e-05  0.000e+00  2.592e-02 -2.413e-05  0.000e+00  0.000e+00  0.000e+00  0.000e+00  0.000e+00
   5625 -4.97292e-03 -4.973e-03  0.000e+00  0.000e+00 -4.973e-03  0.000e+00  0.000e+00  0.000e+00  0.000e+00  0.000e+00
   5650 -1.30443e-03 -1.304e-03  0.000e+00  0.000e+00 -1.304e-03  0.000e+00  0.000e+00  0.000e+00  0.000e+00  0.000e+00
   5675 -9.76735e-04 -9.767e-04  0.000e+00  0.000e+00 -9.767e-04  0.000e+00  0.000e+00  0.000e+00  0.000e+00  0.000e+00
   5700 -3.12072e-04 -3.121e-04  0.000e+00  0.000e+00 -3.121e-04  0.000e+00  0.000e+00  0.000e+00  0.000e+00  0.000e+00
   5725 -8.52504e-05 -8.525e-05  0.000e+00  0.000e+00 -8.525e-05  0.000e+00  0.000e+00  0.000e+00  0.000e+00  0.000e+00
   5750 -5.22813e-04 -5.228e-04  0.000e+00  0.000e+00 -5.228e-04  0.000e+00  0.000e+00  0.000e+00  0.000e+00  0.000e+00
   5775 -2.87595e-04 -2.876e-04  0.000e+00  0.000e+00 -2.876e-04  0.000e+00  0.000e+00  0.000e+00  0.000e+00  0.000e+00
   5800 -6.27296e-05 -6.273e-05  0.000e+00  0.000e+00 -6.273e-05  0.000e+00  0.000e+00  0.000e+00  0.000e+00  0.000e+00
   5825 -3.43376e-05 -3.434e-05  0.000e+00  0.000e+00 -3.434e-05  0.000e+00  0.000e+00  0.000e+00  0.000e+00  0.000e+00
   5850 -5.87246e-05 -5.872e-05  0.000e+00  0.000e+00 -5.872e-05  0.000e+00  0.000e+00  0.000e+00  0.000e+00  0.000e+00
   5875 -9.36687e-05 -9.367e-05  0.000e+00  0.000e+00 -9.367e-05  0.000e+00  0.000e+00  0.000e+00  0.000e+00  0.000e+00
   5900 -6.40737e-05 -6.407e-05  0.000e+00  0.000e+00 -6.407e-05  0.000e+00  0.000e+00  0.000e+00  0.000e+00  0.000e+00
   5925 -2.03564e-04 -2.036e-04  0.000e+00  0.000e+00 -2.036e-04  0.000e+00  0.000e+00  0.000e+00  0.000e+00  0.000e+00
   5950 -4.24425e-04 -4.244e-04  0.000e+00  0.000e+00 -4.244e-04  0.000e+00  0.000e+00  0.000e+00  0.000e+00  0.000e+00
   5975 -8.55979e-05 -8.560e-05  0.000e+00  0.000e+00 -8.560e-05  0.000e+00  0.000e+00  0.000e+00  0.000e+00  0.000e+00
   6000 -6.77052e-04 -6.771e-04  0.000e+00  0.000e+00 -6.771e-04  0.000e+00  0.000e+00  0.000e+00  0.000e+00  0.000e+00
   6025 -1.60131e-03 -1.601e-03  0.000e+00  0.000e+00 -1.601e-03  0.000e+00  0.000e+00  0.000e+00  0.000e+00  0.000e+00
   6050 -6.25659e-05 -6.257e-05  0.000e+00  0.000e+00 -6.257e-05  0.000e+00  0.000e+00  0.000e+00  0.000e+00  0.000e+00
   6075 -7.43119e-05 -7.431e-05  0.000e+00  0.000e+00 -7.431e-05  0.000e+00  0.000e+00  0.000e+00  0.000e+00  0.000e+00
   6100 -3.07489e-04 -3.075e-04  0.000e+00  0.000e+00 -3.075e-04  0.000e+00  0.000e+00  0.000e+00  0.000e+00  0.000e+00
   6125 -1.05084e-04 -1.051e-04  0.000e+00  0.000e+00 -1.051e-04  0.000e+00  0.000e+00  0.000e+00  0.000e+00  0.000e+00
   6150 -2.13588e-04 -2.136e-04  0.000e+00  0.000e+00 -2.136e-04  0.000e+00  0.000e+00  0.000e+00  0.000e+00  0.000e+00
   6175 -5.05097e-05 -5.051e-05  0.000e+00  0.000e+00 -5.051e-05  0.000e+00  0.000e+00  0.000e+00  0.000e+00  0.000e+00
   6200 -6.77991e-05 -6.780e-05  0.000e+00  0.000e+00 -6.780e-05  0.000e+00  0.000e+00  0.000e+00  0.000e+00  0.000e+00
   6225 -2.88403e-05 -2.884e-05  0.000e+00  0.000e+00 -2.884e-05  0.000e+00  0.000e+00  0.000e+00  0.000e+00  0.000e+00
   6250 -2.08589e-05 -2.086e-05  0.000e+00  0.000e+00 -2.086e-05  0.000e+00  0.000e+00  0.000e+00  0.000e+00  0.000e+00
   6275 -5.53307e-05 -5.533e-05  0.000e+00  0.000e+00 -5.533e-05  0.000e+00  0.000e+00  0.000e+00  0.000e+00  0.000e+00
   6300 -1.14541e-03 -1.145e-03  0.000e+00  0.000e+00 -1.145e-03  0.000e+00  0.000e+00  0.000e+00  0.000e+00  0.000e+00
   6325 -2.81113e-04 -2.811e-04  0.000e+00  0.000e+00 -2.811e-04  0.000e+00  0.000e+00  0.000e+00  0.000e+00  0.000e+00
   6350 -6.20922e-03 -6.209e-03  0.000e+00  0.000e+00 -6.209e-03  0.000e+00  0.000e+00  0.000e+00  0.000e+00  0.000e+00
   6375 -1.50311e-03 -1.503e-03  0.000e+00  0.000e+00 -1.503e-03  0.000e+00  0.000e+00  0.000e+00  0.000e+00  0.000e+00
   6400 -7.68004e-03 -7.680e-03  0.000e+00  0.000e+00 -7.680e-03  0.000e+00  0.000e+00  0.000e+00  0.000e+00  0.000e+00
   6425 -2.42141e-03 -2.421e-03  0.000e+00  0.000e+00 -2.421e-03  0.000e+00  0.000e+00  0.000e+00  0.000e+00  0.000e+00
   6450 -1.77708e-03 -3.165e-03  0.000e+00  1.388e-03 -3.165e-03  0.000e+00  0.000e+00  0.000e+00  0.000e+00  0.000e+00
   6475 -1.76350e-04 -1.763e-04  0.000e+00  0.000e+00 -1.763e-04  0.000e+00  0.000e+00  0.000e+00  0.000e+00  0.000e+00
   6500 -4.10765e-04 -4.108e-04  0.000e+00  0.000e+00 -4.108e-04  0.000e+00  0.000e+00  0.000e+00  0.000e+00  0.000e+00
   6525 -8.40784e-04 -8.408e-04  0.000e+00  0.000e+00 -8.408e-04  0.000e+00  0.000e+00  0.000e+00  0.000e+00  0.000e+00
   6550 -4.30624e-04 -4.306e-04  0.000e+00  0.000e+00 -4.306e-04  0.000e+00  0.000e+00  0.000e+00  0.000e+00  0.000e+00
   6575 -1.54102e-04 -1.541e-04  0.000e+00  0.000e+00 -1.541e-04  0.000e+00  0.000e+00  0.000e+00  0.000e+00  0.000e+00
   6600 -1.68760e-04 -1.688e-04  0.000e+00  0.000e+00 -1.688e-04  0.000e+00  0.000e+00  0.000e+00  0.000e+00  0.000e+00
   6625 -9.99944e-02 -9.999e-02  0.000e+00  0.000e+00 -9.999e-02  0.000e+00  0.000e+00  0.000e+00  0.000e+00  0.000e+00
   6650 -1.31686e-04 -1.317e-04  0.000e+00  0.000e+00 -1.317e-04  0.000e+00  0.000e+00  0.000e+00  0.000e+00  0.000e+00
   6675 -2.81643e-03 -2.816e-03  0.000e+00  0.000e+00 -2.816e-03  0.000e+00  0.000e+00  0.000e+00  0.000e+00  0.000e+00
   6700 -7.06606e-04 -7.066e-04  0.000e+00  0.000e+00 -7.066e-04  0.000e+00  0.000e+00  0.000e+00  0.000e+00  0.000e+00
   6725 -8.82533e-05 -8.825e-05  0.000e+00  0.000e+00 -8.825e-05  0.000e+00  0.000e+00  0.000e+00  0.000e+00  0.000e+00
   6750 -4.97846e-05 -4.978e-05  0.000e+00  0.000e+00 -4.978e-05  0.000e+00  0.000e+00  0.000e+00  0.000e+00  0.000e+00
   6775 -9.05608e-04 -9.056e-04  0.000e+00  0.000e+00 -9.056e-04  0.000e+00  0.000e+00  0.000e+00  0.000e+00  0.000e+00
   6800 -4.54168e-05 -4.542e-05  0.000e+00  0.000e+00 -4.542e-05  0.000e+00  0.000e+00  0.000e+00  0.000e+00  0.000e+00
   6825  1.70385e-01 -1.198e-04  0.000e+00  1.705e-01 -1.198e-04  0.000e+00  0.000e+00  0.000e+00  0.000e+00  0.000e+00
   6850 -1.66531e-03 -1.665e-03  0.000e+00  0.000e+00 -1.665e-03  0.000e+00  0.000e+00  0.000e+00  0.000e+00  0.000e+00
   6875 -3.50182e-04 -3.502e-04  0.000e+00  0.000e+00 -3.502e-04  0.000e+00  0.000e+00  0.000e+00  0.000e+00  0.000e+00
   6900 -7.28541e-02 -7.285e-02  0.000e+00  0.000e+00 -7.285e-02  0.000e+00  0.000e+00  0.000e+00  0.000e+00  0.000e+00
   6925 -6.90985e-04 -6.910e-04  0.000e+00  0.000e+00 -6.910e-04  0.000e+00  0.000e+00  0.000e+00  0.000e+00  0.000e+00
   6950 -9.02131e-04 -9.021e-04  0.000e+00  0.000e+00 -9.021e-04  0.000e+00  0.000e+00  0.000e+00  0.000e+00  0.000e+00
   6975 -6.03062e-03 -6.031e-03  0.000e+00  0.000e+00 -6.031e-03  0.000e+00  0.000e+00  0.000e+00  0.000e+00  0.000e+00
   7000 -3.12056e-04 -3.121e-04  0.000e+00  0.000e+00 -3.121e-04  0.000e+00  0.000e+00  0.000e+00  0.000e+00  0.000e+00
   7025 -1.57433e-03 -1.574e-03  0.000e+00  0.000e+00 -1.574e-03  0.000e+00  0.000e+00  0.000e+00  0.000e+00  0.000e+00
   7050 -5.33559e-04 -5.336e-04  0.000e+00  0.000e+00 -5.336e-04  0.000e+00  0.000e+00  0.000e+00  0.000e+00  0.000e+00
   7075 -8.51935e-04 -8.519e-04  0.000e+00  0.000e+00 -8.519e-04  0.000e+00  0.000e+00  0.000e+00  0.000e+00  0.000e+00
   7100 -5.89235e-03 -5.892e-03  0.000e+00  0.000e+00 -5.892e-03  0.000e+00  0.000e+00  0.000e+00  0.000e+00  0.000e+00
   7125 -1.84275e-03 -1.843e-03  0.000e+00  0.000e+00 -1.843e-03  0.000e+00  0.000e+00  0.000e+00  0.000e+00  0.000e+00
   7150 -7.20658e-03 -7.207e-03  0.000e+00  0.000e+00 -7.207e-03  0.000e+00  0.000e+00  0.000e+00  0.000e+00  0.000e+00
   7175 -6.87566e-05 -6.876e-05  0.000e+00  0.000e+00 -6.876e-05  0.000e+00  0.000e+00  0.000e+00  0.000e+00  0.000e+00
   7200 -9.35750e-04 -9.357e-04  0.000e+00  0.000e+00 -9.357e-04  0.000e+00  0.000e+00  0.000e+00  0.000e+00  0.000e+00
   7225 -3.08563e-02 -3.086e-02  0.000e+00  0.000e+00 -3.086e-02  0.000e+00  0.000e+00  0.000e+00  0.000e+00  0.000e+00
   7250 -9.05920e-05 -9.059e-05  0.000e+00  0.000e+00 -9.059e-05  0.000e+00  0.000e+00  0.000e+00  0.000e+00  0.000e+00
   7275 -1.32691e-02 -1.327e-02  0.000e+00  0.000e+00 -1.327e-02  0.000e+00  0.000e+00  0.000e+00  0.000e+00  0.000e+00
   7300 -1.76144e-04 -1.761e-04  0.000e+00  0.000e+00 -1.761e-04  0.000e+00  0.000e+00  0.000e+00  0.000e+00  0.000e+00
   7325 -3.24946e-04 -3.249e-04  0.000e+00  0.000e+00 -3.249e-04  0.000e+00  0.000e+00  0.000e+00  0.000e+00  0.000e+00
   7350 -5.33714e-05 -5.337e-05  0.000e+00  0.000e+00 -5.337e-05  0.000e+00  0.000e+00  0.000e+00  0.000e+00  0.000e+00
   7375 -1.13029e-04 -1.130e-04  0.000e+00  0.000e+00 -1.130e-04  0.000e+00  0.000e+00  0.000e+00  0.000e+00  0.000e+00
   7400 -2.71224e-02 -2.712e-02  0.000e+00  0.000e+00 -2.712e-02  0.000e+00  0.000e+00  0.000e+00  0.000e+00  0.000e+00
   7425 -1.68295e-03 -1.683e-03  0.000e+00  0.000e+00 -1.683e-03  0.000e+00  0.000e+00  0.000e+00  0.000e+00  0.000e+00
   7450 -1.51681e-04 -1.517e-04  0.000e+00  0.000e+00 -1.517e-04  0.000e+00  0.000e+00  0.000e+00  0.000e+00  0.000e+00
   7475 -2.95282e-04 -2.953e-04  0.000e+00  0.000e+00 -2.953e-04  0.000e+00  0.000e+00  0.000e+00  0.000e+00  0.000e+00
   7500 -1.49088e-03 -1.491e-03  0.000e+00  0.000e+00 -1.491e-03  0.000e+00  0.000e+00  0.000e+00  0.000e+00  0.000e+00
   7525 -1.32577e-03 -1.326e-03  0.000e+00  0.000e+00 -1.326e-03  0.000e+00  0.000e+00  0.000e+00  0.000e+00  0.000e+00
   7550 -1.43246e-04 -1.432e-04  0.000e+00  0.000e+00 -1.432e-04  0.000e+00  0.000e+00  0.000e+00  0.000e+00  0.000e+00
   7575 -1.31332e-04 -1.313e-04  0.000e+00  0.000e+00 -1.313e-04  0.000e+00  0.000e+00  0.000e+00  0.000e+00  0.000e+00
   7600 -4.28184e-04 -4.282e-04  0.000e+00  0.000e+00 -4.282e-04  0.000e+00  0.000e+00  0.000e+00  0.000e+00  0.000e+00
   7625 -3.02863e-03 -3.029e-03  0.000e+00  0.000e+00 -3.029e-03  0.000e+00  0.000e+00  0.000e+00  0.000e+00  0.000e+00
   7650 -8.90066e-05 -8.901e-05  0.000e+00  0.000e+00 -8.901e-05  0.000e+00  0.000e+00  0.000e+00  0.000e+00  0.000e+00
   7675 -2.88747e-02 -2.887e-02  0.000e+00  0.000e+00 -2.887e-02  0.000e+00  0.000e+00  0.000e+00  0.000e+00  0.000e+00
   7700 -3.51584e-05 -3.516e-05  0.000e+00  0.000e+00 -3.516e-05  0.000e+00  0.000e+00  0.000e+00  0.000e+00  0.000e+00
   7725 -4.82366e-04 -4.824e-04  0.000e+00  0.000e+00 -4.824e-04  0.000e+00  0.000e+00  0.000e+00  0.000e+00  0.000e+00
   7750 -1.75552e-05 -1.756e-05  0.000e+00  0.000e+00 -1.756e-05  0.000e+00  0.000e+00  0.000e+00  0.000e+00  0.000e+00
   7775 -8.81314e-05 -8.813e-05  0.000e+00  0.000e+00 -8.813e-05  0.000e+00  0.000e+00  0.000e+00  0.000e+00  0.000e+00
   7800 -3.11480e-03 -3.115e-03  0.000e+00  0.000e+00 -3.115e-03  0.000e+00  0.000e+00  0.000e+00  0.000e+00  0.000e+00
   7825 -2.18658e-04 -2.187e-04  0.000e+00  0.000e+00 -2.187e-04  0.000e+00  0.000e+00  0.000e+00  0.000e+00  0.000e+00
   7850 -1.24539e-04 -1.245e-04  0.000e+00  0.000e+00 -1.245e-04  0.000e+00  0.000e+00  0.000e+00  0.000e+00  0.000e+00
   7875 -1.94877e-04 -1.949e-04  0.000e+00  0.000e+00 -1.949e-04  0.000e+00  0.000e+00  0.000e+00  0.000e+00  0.000e+00
   7900 -1.25507e-02 -1.255e-02  0.000e+00  0.000e+00 -1.255e-02  0.000e+00  0.000e+00  0.000e+00  0.000e+00  0.000e+00
   7925 -1.10866e-03 -1.109e-03  0.000e+00  0.000e+00 -1.109e-03  0.000e+00  0.000e+00  0.000e+00  0.000e+00  0.000e+00
   7950 -6.62807e-03 -6.628e-03  0.000e+00  0.000e+00 -6.628e-03  0.000e+00  0.000e+00  0.000e+00  0.000e+00  0.000e+00
   7975 -3.93489e-04 -3.935e-04  0.000e+00  0.000e+00 -3.935e-04  0.000e+00  0.000e+00  0.000e+00  0.000e+00  0.000e+00
   8000 -5.58520e-03 -5.585e-03  0.000e+00  0.000e+00 -5.585e-03  0.000e+00  0.000e+00  0.000e+00  0.000e+00  0.000e+00
   8025 -1.44273e-02 -1.443e-02  0.000e+00  0.000e+00 -1.443e-02  0.000e+00  0.000e+00  0.000e+00  0.000e+00  0.000e+00
   8050 -2.41247e-04 -2.412e-04  0.000e+00  0.000e+00 -2.412e-04  0.000e+00  0.000e+00  0.000e+00  0.000e+00  0.000e+00
   8075 -6.12779e-04 -6.128e-04  0.000e+00  0.000e+00 -6.128e-04  0.000e+00  0.000e+00  0.000e+00  0.000e+00  0.000e+00
   8100 -1.10615e-04 -1.106e-04  0.000e+00  0.000e+00 -1.106e-04  0.000e+00  0.000e+00  0.000e+00  0.000e+00  0.000e+00
   8125 -4.67553e-04 -4.676e-04  0.000e+00  0.000e+00 -4.676e-04  0.000e+00  0.000e+00  0.000e+00  0.000e+00  0.000e+00
   8150 -2.78379e-04 -2.784e-04  0.000e+00  0.000e+00 -2.784e-04  0.000e+00  0.000e+00  0.000e+00  0.000e+00  0.000e+00
   8175 -3.56115e-04 -3.561e-04  0.000e+00  0.000e+00 -3.561e-04  0.000e+00  0.000e+00  0.000e+00  0.000e+00  0.000e+00
   8200 -1.14298e-02 -1.143e-02  0.000e+00  0.000e+00 -1.143e-02  0.000e+00  0.000e+00  0.000e+00  0.000e+00  0.000e+00
   8225 -2.65565e-04 -2.656e-04  0.000e+00  0.000e+00 -2.656e-04  0.000e+00  0.000e+00  0.000e+00  0.000e+00  0.000e+00
   8250 -8.24002e-04 -8.240e-04  0.000e+00  0.000e+00 -8.240e-04  0.000e+00  0.000e+00  0.000e+00  0.000e+00  0.000e+00
   8275  4.91180e-03 -9.204e-04  0.000e+00  5.832e-03 -9.204e-04  0.000e+00  0.000e+00  0.000e+00  0.000e+00  0.000e+00
   8300  4.40561e-01 -2.576e-04  0.000e+00  4.408e-01 -2.576e-04  0.000e+00  0.000e+00  0.000e+00  0.000e+00  0.000e+00
   8325 -4.25150e-05 -4.251e-05  0.000e+00  0.000e+00 -4.251e-05  0.000e+00  0.000e+00  0.000e+00  0.000e+00  0.000e+00
   8350 -4.18548e-04 -4.185e-04  0.000e+00  0.000e+00 -4.185e-04  0.000e+00  0.000e+00  0.000e+00  0.000e+00  0.000e+00
   8375 -7.12780e-04 -7.128e-04  0.000e+00  0.000e+00 -7.128e-04  0.000e+00  0.000e+00  0.000e+00  0.000e+00  0.000e+00
   8400 -2.96092e-04 -2.961e-04  0.000e+00  0.000e+00 -2.961e-04  0.000e+00  0.000e+00  0.000e+00  0.000e+00  0.000e+00
   8425 -1.00522e-03 -1.005e-03  0.000e+00  0.000e+00 -1.005e-03  0.000e+00  0.000e+00  0.000e+00  0.000e+00  0.000e+00
   8450 -8.54507e-03 -8.545e-03  0.000e+00  0.000e+00 -8.545e-03  0.000e+00  0.000e+00  0.000e+00  0.000e+00  0.000e+00
   8475 -4.13233e-04 -4.132e-04  0.000e+00  0.000e+00 -4.132e-04  0.000e+00  0.000e+00  0.000e+00  0.000e+00  0.000e+00
   8500 -8.31836e-02 -8.318e-02  0.000e+00  0.000e+00 -8.318e-02  0.000e+00  0.000e+00  0.000e+00  0.000e+00  0.000e+00
   8525 -3.08706e-04 -3.087e-04  0.000e+00  0.000e+00 -3.087e-04  0.000e+00  0.000e+00  0.000e+00  0.000e+00  0.000e+00
   8550  9.81581e-02 -4.302e-03  0.000e+00  1.025e-01 -4.302e-03  0.000e+00  0.000e+00  0.000e+00  0.000e+00  0.000e+00
   8575 -9.84642e-04 -9.846e-04  0.000e+00  0.000e+00 -9.846e-04  0.000e+00  0.000e+00  0.000e+00  0.000e+00  0.000e+00
   8600 -5.36817e-04 -5.368e-04  0.000e+00  0.000e+00 -5.368e-04  0.000e+00  0.000e+00  0.000e+00  0.000e+00  0.000e+00
   8625 -2.87979e-04 -2.880e-04  0.000e+00  0.000e+00 -2.880e-04  0.000e+00  0.000e+00  0.000e+00  0.000e+00  0.000e+00
   8650 -1.34433e-04 -1.344e-04  0.000e+00  0.000e+00 -1.344e-04  0.000e+00  0.000e+00  0.000e+00  0.000e+00  0.000e+00
   8675 -2.56127e-04 -2.561e-04  0.000e+00  0.000e+00 -2.561e-04  0.000e+00  0.000e+00  0.000e+00  0.000e+00  0.000e+00
   8700 -5.47049e-04 -5.470e-04  0.000e+00  0.000e+00 -5.470e-04  0.000e+00  0.000e+00  0.000e+00  0.000e+00  0.000e+00
   8725 -5.83940e-04 -5.839e-04  0.000e+00  0.000e+00 -5.839e-04  0.000e+00  0.000e+00  0.000e+00  0.000e+00  0.000e+00
   8750 -1.16240e-04 -1.162e-04  0.000e+00  0.000e+00 -1.162e-04  0.000e+00  0.000e+00  0.000e+00  0.000e+00  0.000e+00
   8775 -2.49378e-04 -2.494e-04  0.000e+00  0.000e+00 -2.494e-04  0.000e+00  0.000e+00  0.000e+00  0.000e+00  0.000e+00
   8800 -6.04940e-03 -6.049e-03  0.000e+00  0.000e+00 -6.049e-03  0.000e+00  0.000e+00  0.000e+00  0.000e+00  0.000e+00
   8825  1.61196e-01 -3.088e-04  0.000e+00  1.615e-01 -3.088e-04  0.000e+00  0.000e+00  0.000e+00  0.000e+00  0.000e+00
   8850 -3.30430e-03 -3.304e-03  0.000e+00  0.000e+00 -3.304e-03  0.000e+00  0.000e+00  0.000e+00  0.000e+00  0.000e+00
   8875 -1.73500e-03 -1.735e-03  0.000e+00  0.000e+00 -1.735e-03  0.000e+00  0.000e+00  0.000e+00  0.000e+00  0.000e+00
   8900 -1.69588e-04 -1.696e-04  0.000e+00  0.000e+00 -1.696e-04  0.000e+00  0.000e+00  0.000e+00  0.000e+00  0.000e+00
   8925 -2.25258e-04 -2.253e-04  0.000e+00  0.000e+00 -2.253e-04  0.000e+00  0.000e+00  0.000e+00  0.000e+00  0.000e+00
   8950 -3.22545e-04 -3.225e-04  0.000e+00  0.000e+00 -3.225e-04  0.000e+00  0.000e+00  0.000e+00  0.000e+00  0.000e+00
   8975 -7.30208e-04 -7.302e-04  0.000e+00  0.000e+00 -7.302e-04  0.000e+00  0.000e+00  0.000e+00  0.000e+00  0.000e+00
   9000 -3.28228e-04 -3.282e-04  0.000e+00  0.000e+00 -3.282e-04  0.000e+00  0.000e+00  0.000e+00  0.000e+00  0.000e+00
   9025 -4.05895e-04 -4.059e-04  0.000e+00  0.000e+00 -4.059e-04  0.000e+00  0.000e+00  0.000e+00  0.000e+00  0.000e+00
   9050 -5.91896e-05 -5.919e-05  0.000e+00  0.000e+00 -5.919e-05  0.000e+00  0.000e+00  0.000e+00  0.000e+00  0.000e+00
   9075 -7.29033e-05 -7.290e-05  0.000e+00  0.000e+00 -7.290e-05  0.000e+00  0.000e+00  0.000e+00  0.000e+00  0.000e+00
   9100 -2.14125e-03 -2.141e-03  0.000e+00  0.000e+00 -2.141e-03  0.000e+00  0.000e+00  0.000e+00  0.000e+00  0.000e+00
   9125 -9.99266e-02 -9.993e-02  0.000e+00  0.000e+00 -9.993e-02  0.000e+00  0.000e+00  0.000e+00  0.000e+00  0.000e+00
   9150 -1.77844e-04 -1.778e-04  0.000e+00  0.000e+00 -1.778e-04  0.000e+00  0.000e+00  0.000e+00  0.000e+00  0.000e+00
   9175 -1.41921e-01 -1.419e-01  0.000e+00  0.000e+00 -1.419e-01  0.000e+00  0.000e+00  0.000e+00  0.000e+00  0.000e+00
   9200 -2.08941e-04 -2.089e-04  0.000e+00  0.000e+00 -2.089e-04  0.000e+00  0.000e+00  0.000e+00  0.000e+00  0.000e+00
   9225 -5.38413e-04 -5.384e-04  0.000e+00  0.000e+00 -5.384e-04  0.000e+00  0.000e+00  0.000e+00  0.000e+00  0.000e+00
   9250 -1.98343e-04 -1.983e-04  0.000e+00  0.000e+00 -1.983e-04  0.000e+00  0.000e+00  0.000e+00  0.000e+00  0.000e+00
   9275 -6.85560e-03 -6.856e-03  0.000e+00  0.000e+00 -6.856e-03  0.000e+00  0.000e+00  0.000e+00  0.000e+00  0.000e+00
   9300 -2.44293e-04 -2.443e-04  0.000e+00  0.000e+00 -2.443e-04  0.000e+00  0.000e+00  0.000e+00  0.000e+00  0.000e+00
   9325 -9.54242e-05 -9.542e-05  0.000e+00  0.000e+00 -9.542e-05  0.000e+00  0.000e+00  0.000e+00  0.000e+00  0.000e+00
   9350  7.11825e-02 -1.059e-04  0.000e+00  7.129e-02 -1.059e-04  0.000e+00  0.000e+00  0.000e+00  0.000e+00  0.000e+00
   9375 -7.96997e-05 -7.970e-05  0.000e+00  0.000e+00 -7.970e-05  0.000e+00  0.000e+00  0.000e+00  0.000e+00  0.000e+00
   9400 -4.86470e-04 -4.865e-04  0.000e+00  0.000e+00 -4.865e-04  0.000e+00  0.000e+00  0.000e+00  0.000e+00  0.000e+00
   9425 -2.30995e-04 -2.310e-04  0.000e+00  0.000e+00 -2.310e-04  0.000e+00  0.000e+00  0.000e+00  0.000e+00  0.000e+00
   9450 -2.16079e-04 -2.161e-04  0.000e+00  0.000e+00 -2.161e-04  0.000e+00  0.000e+00  0.000e+00  0.000e+00  0.000e+00
   9475 -2.49787e-04 -2.498e-04  0.000e+00  0.000e+00 -2.498e-04  0.000e+00  0.000e+00  0.000e+00  0.000e+00  0.000e+00
   9500 -5.22171e-03 -5.222e-03  0.000e+00  0.000e+00 -5.222e-03  0.000e+00  0.000e+00  0.000e+00  0.000e+00  0.000e+00
   9525 -3.00224e-04 -3.002e-04  0.000e+00  0.000e+00 -3.002e-04  0.000e+00  0.000e+00  0.000e+00  0.000e+00  0.000e+00
   9550 -2.17735e-03 -2.177e-03  0.000e+00  0.000e+00 -2.177e-03  0.000e+00  0.000e+00  0.000e+00  0.000e+00  0.000e+00
   9575 -7.16179e-05 -7.162e-05  0.000e+00  0.000e+00 -7.162e-05  0.000e+00  0.000e+00  0.000e+00  0.000e+00  0.000e+00
   9600 -6.72450e-05 -6.725e-05  0.000e+00  0.000e+00 -6.725e-05  0.000e+00  0.000e+00  0.000e+00  0.000e+00  0.000e+00
   9625 -5.94188e-05 -5.942e-05  0.000e+00  0.000e+00 -5.942e-05  0.000e+00  0.000e+00  0.000e+00  0.000e+00  0.000e+00
   9650  2.47887e-02 -9.032e-05  0.000e+00  2.488e-02 -9.032e-05  0.000e+00  0.000e+00  0.000e+00  0.000e+00  0.000e+00
   9675 -5.06553e-05 -5.066e-05  0.000e+00  0.000e+00 -5.066e-05  0.000e+00  0.000e+00  0.000e+00  0.000e+00  0.000e+00
   9700 -2.66579e-05 -2.666e-05  0.000e+00  0.000e+00 -2.666e-05  0.000e+00  0.000e+00  0.000e+00  0.000e+00  0.000e+00
   9725 -1.05262e-01 -1.053e-01  0.000e+00  0.000e+00 -1.053e-01  0.000e+00  0.000e+00  0.000e+00  0.000e+00  0.000e+00
   9750 -1.06268e-02 -1.063e-02  0.000e+00  0.000e+00 -1.063e-02  0.000e+00  0.000e+00  0.000e+00  0.000e+00  0.000e+00
   9775 -2.55523e-04 -2.555e-04  0.000e+00  0.000e+00 -2.555e-04  0.000e+00  0.000e+00  0.000e+00  0.000e+00  0.000e+00
   9800 -6.88682e-04 -6.887e-04  0.000e+00  0.000e+00 -6.887e-04  0.000e+00  0.000e+00  0.000e+00  0.000e+00  0.000e+00
   9825 -7.57920e-05 -7.579e-05  0.000e+00  0.000e+00 -7.579e-05  0.000e+00  0.000e+00  0.000e+00  0.000e+00  0.000e+00
   9850 -1.05718e-01 -1.057e-01  0.000e+00  0.000e+00 -1.057e-01  0.000e+00  0.000e+00  0.000e+00  0.000e+00  0.000e+00
   9875 -2.09217e-03 -2.092e-03  0.000e+00  0.000e+00 -2.092e-03  0.000e+00  0.000e+00  0.000e+00  0.000e+00  0.000e+00
   9900 -1.38552e-04 -1.386e-04  0.000e+00  0.000e+00 -1.386e-04  0.000e+00  0.000e+00  0.000e+00  0.000e+00  0.000e+00
   9925 -3.36464e-04 -3.365e-04  0.000e+00  0.000e+00 -3.365e-04  0.000e+00  0.000e+00  0.000e+00  0.000e+00  0.000e+00
   9950 -7.29255e-05 -7.293e-05  0.000e+00  0.000e+00 -7.293e-05  0.000e+00  0.000e+00  0.000e+00  0.000e+00  0.000e+00
   9975 -1.94241e-02 -1.942e-02  0.000e+00  0.000e+00 -1.942e-02  0.000e+00  0.000e+00  0.000e+00  0.000e+00  0.000e+00
  10000 -1.75809e-04 -1.758e-04  0.000e+00  0.000e+00 -1.758e-04  0.000e+00  0.000e+00  0.000e+00  0.000e+00  0.000e+00
  10025 -1.97738e-04 -1.977e-04  0.000e+00  0.000e+00 -1.977e-04  0.000e+00  0.000e+00  0.000e+00  0.000e+00  0.000e+00
  10050 -7.63011e-02 -7.630e-02  0.000e+00  0.000e+00 -7.630e-02  0.000e+00  0.000e+00  0.000e+00  0.000e+00  0.000e+00
  10075  4.60247e-01  4.602e-01  0.000e+00  0.000e+00  4.602e-01  0.000e+00  0.000e+00  0.000e+00  0.000e+00  0.000e+00
  10100 -8.60267e-03 -8.603e-03  0.000e+00  0.000e+00 -8.603e-03  0.000e+00  0.000e+00  0.000e+00  0.000e+00  0.000e+00
  10125 -9.60559e-04 -9.606e-04  0.000e+00  0.000e+00 -9.606e-04  0.000e+00  0.000e+00  0.000e+00  0.000e+00  0.000e+00
  10150 -7.47957e-02 -7.480e-02  0.000e+00  0.000e+00 -7.480e-02  0.000e+00  0.000e+00  0.000e+00  0.000e+00  0.000e+00
  10175 -1.27980e-03 -1.280e-03  0.000e+00  0.000e+00 -1.280e-03  0.000e+00  0.000e+00  0.000e+00  0.000e+00  0.000e+00
  10200 -2.30551e-04 -2.306e-04  0.000e+00  0.000e+00 -2.306e-04  0.000e+00  0.000e+00  0.000e+00  0.000e+00  0.000e+00
  10225 -1.88102e-04 -1.881e-04  0.000e+00  0.000e+00 -1.881e-04  0.000e+00  0.000e+00  0.000e+00  0.000e+00  0.000e+00
  10250 -3.85822e-04 -3.858e-04  0.000e+00  0.000e+00 -3.858e-04  0.000e+00  0.000e+00  0.000e+00  0.000e+00  0.000e+00
  10275 -3.25615e-03 -3.256e-03  0.000e+00  0.000e+00 -3.256e-03  0.000e+00  0.000e+00  0.000e+00  0.000e+00  0.000e+00
  10300 -9.21652e-05 -9.217e-05  0.000e+00  0.000e+00 -9.217e-05  0.000e+00  0.000e+00  0.000e+00  0.000e+00  0.000e+00
  10325 -4.22436e-03 -4.224e-03  0.000e+00  0.000e+00 -4.224e-03  0.000e+00  0.000e+00  0.000e+00  0.000e+00  0.000e+00
  10350  7.14195e-02 -2.118e-03  0.000e+00  7.354e-02 -2.118e-03  0.000e+00  0.000e+00  0.000e+00  0.000e+00  0.000e+00
  10375 -8.76094e-03 -8.761e-03  0.000e+00  0.000e+00 -8.761e-03  0.000e+00  0.000e+00  0.000e+00  0.000e+00  0.000e+00
  10400 -6.10291e-04 -6.103e-04  0.000e+00  0.000e+00 -6.103e-04  0.000e+00  0.000e+00  0.000e+00  0.000e+00  0.000e+00
  10425 -5.68252e-04 -5.683e-04  0.000e+00  0.000e+00 -5.683e-04  0.000e+00  0.000e+00  0.000e+00  0.000e+00  0.000e+00
  10450 -1.16352e-04 -1.164e-04  0.000e+00  0.000e+00 -1.164e-04  0.000e+00  0.000e+00  0.000e+00  0.000e+00  0.000e+00
  10475 -2.20678e-02 -2.207e-02  0.000e+00  0.000e+00 -2.207e-02  0.000e+00  0.000e+00  0.000e+00  0.000e+00  0.000e+00
  10500 -2.29539e-03 -2.295e-03  0.000e+00  0.000e+00 -2.295e-03  0.000e+00  0.000e+00  0.000e+00  0.000e+00  0.000e+00
  10525 -7.99115e-02 -7.991e-02  0.000e+00  0.000e+00 -7.991e-02  0.000e+00  0.000e+00  0.000e+00  0.000e+00  0.000e+00
  10550  1.96411e-02 -7.065e-03  0.000e+00  2.671e-02 -7.065e-03  0.000e+00  0.000e+00  0.000e+00  0.000e+00  0.000e+00
  10575 -8.58410e-04 -8.584e-04  0.000e+00  0.000e+00 -8.584e-04  0.000e+00  0.000e+00  0.000e+00  0.000e+00  0.000e+00
  10600 -5.24558e-04 -5.246e-04  0.000e+00  0.000e+00 -5.246e-04  0.000e+00  0.000e+00  0.000e+00  0.000e+00  0.000e+00
  10625 -2.72789e-04 -2.728e-04  0.000e+00  0.000e+00 -2.728e-04  0.000e+00  0.000e+00  0.000e+00  0.000e+00  0.000e+00
  10650 -2.66340e-03 -2.663e-03  0.000e+00  0.000e+00 -2.663e-03  0.000e+00  0.000e+00  0.000e+00  0.000e+00  0.000e+00
  10675 -6.07312e-03 -6.073e-03  0.000e+00  0.000e+00 -6.073e-03  0.000e+00  0.000e+00  0.000e+00  0.000e+00  0.000e+00
  10700 -1.97767e-03 -1.978e-03  0.000e+00  0.000e+00 -1.978e-03  0.000e+00  0.000e+00  0.000e+00  0.000e+00  0.000e+00
  10725 -1.14279e-04 -1.143e-04  0.000e+00  0.000e+00 -1.143e-04  0.000e+00  0.000e+00  0.000e+00  0.000e+00  0.000e+00
  10750 -2.67719e-03 -2.677e-03  0.000e+00  0.000e+00 -2.677e-03  0.000e+00  0.000e+00  0.000e+00  0.000e+00  0.000e+00
  10775 -1.65887e-04 -1.659e-04  0.000e+00  0.000e+00 -1.659e-04  0.000e+00  0.000e+00  0.000e+00  0.000e+00  0.000e+00
  10800 -8.22785e-04 -8.228e-04  0.000e+00  0.000e+00 -8.228e-04  0.000e+00  0.000e+00  0.000e+00  0.000e+00  0.000e+00
  10825 -1.31526e-03 -1.315e-03  0.000e+00  0.000e+00 -1.315e-03  0.000e+00  0.000e+00  0.000e+00  0.000e+00  0.000e+00
  10850 -3.33927e-04 -3.339e-04  0.000e+00  0.000e+00 -3.339e-04  0.000e+00  0.000e+00  0.000e+00  0.000e+00  0.000e+00
  10875 -1.76831e-04 -1.768e-04  0.000e+00  0.000e+00 -1.768e-04  0.000e+00  0.000e+00  0.000e+00  0.000e+00  0.000e+00
  10900 -1.33954e-04 -1.340e-04  0.000e+00  0.000e+00 -1.340e-04  0.000e+00  0.000e+00  0.000e+00  0.000e+00  0.000e+00
  10925 -1.15474e-04 -1.155e-04  0.000e+00  0.000e+00 -1.155e-04  0.000e+00  0.000e+00  0.000e+00  0.000e+00  0.000e+00
  10950 -2.12964e-04 -2.130e-04  0.000e+00  0.000e+00 -2.130e-04  0.000e+00  0.000e+00  0.000e+00  0.000e+00  0.000e+00
  10975 -5.54302e-05 -5.543e-05  0.000e+00  0.000e+00 -5.543e-05  0.000e+00  0.000e+00  0.000e+00  0.000e+00  0.000e+00
  11000 -1.57612e-03 -1.576e-03  0.000e+00  0.000e+00 -1.576e-03  0.000e+00  0.000e+00  0.000e+00  0.000e+00  0.000e+00
  11025 -8.16620e-03 -8.166e-03  0.000e+00  0.000e+00 -8.166e-03  0.000e+00  0.000e+00  0.000e+00  0.000e+00  0.000e+00
  11050  7.78375e-03 -7.181e-05  0.000e+00  7.856e-03 -7.181e-05  0.000e+00  0.000e+00  0.000e+00  0.000e+00  0.000e+00
  11075 -1.81306e-03 -1.813e-03  0.000e+00  0.000e+00 -1.813e-03  0.000e+00  0.000e+00  0.000e+00  0.000e+00  0.000e+00
  11100 -6.03079e-05 -6.031e-05  0.000e+00  0.000e+00 -6.031e-05  0.000e+00  0.000e+00  0.000e+00  0.000e+00  0.000e+00
  11125 -5.24090e-04 -5.241e-04  0.000e+00  0.000e+00 -5.241e-04  0.000e+00  0.000e+00  0.000e+00  0.000e+00  0.000e+00
  11150 -9.34274e-02 -9.343e-02  0.000e+00  0.000e+00 -9.343e-02  0.000e+00  0.000e+00  0.000e+00  0.000e+00  0.000e+00
  11175 -4.00006e-02 -4.000e-02  0.000e+00  0.000e+00 -4.000e-02  0.000e+00  0.000e+00  0.000e+00  0.000e+00  0.000e+00
  11200 -1.88430e-03 -1.884e-03  0.000e+00  0.000e+00 -1.884e-03  0.000e+00  0.000e+00  0.000e+00  0.000e+00  0.000e+00
  11225 -2.34836e-04 -2.348e-04  0.000e+00  0.000e+00 -2.348e-04  0.000e+00  0.000e+00  0.000e+00  0.000e+00  0.000e+00
  11250  1.41581e-01 -4.545e-04  0.000e+00  1.420e-01 -4.545e-04  0.000e+00  0.000e+00  0.000e+00  0.000e+00  0.000e+00
  11275 -8.85255e-04 -8.853e-04  0.000e+00  0.000e+00 -8.853e-04  0.000e+00  0.000e+00  0.000e+00  0.000e+00  0.000e+00
  11300 -4.76061e-05 -4.761e-05  0.000e+00  0.000e+00 -4.761e-05  0.000e+00  0.000e+00  0.000e+00  0.000e+00  0.000e+00
  11325 -1.02591e-04 -1.026e-04  0.000e+00  0.000e+00 -1.026e-04  0.000e+00  0.000e+00  0.000e+00  0.000e+00  0.000e+00
  11350 -1.57914e-05 -1.579e-05  0.000e+00  0.000e+00 -1.579e-05  0.000e+00  0.000e+00  0.000e+00  0.000e+00  0.000e+00
  11375  1.12317e-02 -1.718e-04  0.000e+00  1.140e-02 -1.718e-04  0.000e+00  0.000e+00  0.000e+00  0.000e+00  0.000e+00
  11400 -6.27357e-04 -6.274e-04  0.000e+00  0.000e+00 -6.274e-04  0.000e+00  0.000e+00  0.000e+00  0.000e+00  0.000e+00
  11425 -1.49458e-03 -1.495e-03  0.000e+00  0.000e+00 -1.495e-03  0.000e+00  0.000e+00  0.000e+00  0.000e+00  0.000e+00
  11450 -2.27810e-03 -2.278e-03  0.000e+00  0.000e+00 -2.278e-03  0.000e+00  0.000e+00  0.000e+00  0.000e+00  0.000e+00
  11475 -3.55820e-04 -3.558e-04  0.000e+00  0.000e+00 -3.558e-04  0.000e+00  0.000e+00  0.000e+00  0.000e+00  0.000e+00
  11500 -1.91630e-04 -1.916e-04  0.000e+00  0.000e+00 -1.916e-04  0.000e+00  0.000e+00  0.000e+00  0.000e+00  0.000e+00
  11525 -3.70819e-05 -3.708e-05  0.000e+00  0.000e+00 -3.708e-05  0.000e+00  0.000e+00  0.000e+00  0.000e+00  0.000e+00
  11550 -6.31654e-05 -6.317e-05  0.000e+00  0.000e+00 -6.317e-05  0.000e+00  0.000e+00  0.000e+00  0.000e+00  0.000e+00
  11575 -3.96700e-05 -3.967e-05  0.000e+00  0.000e+00 -3.967e-05  0.000e+00  0.000e+00  0.000e+00  0.000e+00  0.000e+00
  11600 -1.18152e-04 -1.182e-04  0.000e+00  0.000e+00 -1.182e-04  0.000e+00  0.000e+00  0.000e+00  0.000e+00  0.000e+00
  11625 -3.79204e-05 -3.792e-05  0.000e+00  0.000e+00 -3.792e-05  0.000e+00  0.000e+00  0.000e+00  0.000e+00  0.000e+00
  11650 -6.66840e-05 -6.668e-05  0.000e+00  0.000e+00 -6.668e-05  0.000e+00  0.000e+00  0.000e+00  0.000e+00  0.000e+00
  11675 -5.47189e-05 -5.472e-05  0.000e+00  0.000e+00 -5.472e-05  0.000e+00  0.000e+00  0.000e+00  0.000e+00  0.000e+00
  11700 -1.50740e-04 -1.507e-04  0.000e+00  0.000e+00 -1.507e-04  0.000e+00  0.000e+00  0.000e+00  0.000e+00  0.000e+00
  11725 -2.01462e-04 -2.015e-04  0.000e+00  0.000e+00 -2.015e-04  0.000e+00  0.000e+00  0.000e+00  0.000e+00  0.000e+00
  11750 -7.75856e-05 -7.759e-05  0.000e+00  0.000e+00 -7.759e-05  0.000e+00  0.000e+00  0.000e+00  0.000e+00  0.000e+00
  11775 -3.02115e-04 -3.021e-04  0.000e+00  0.000e+00 -3.021e-04  0.000e+00  0.000e+00  0.000e+00  0.000e+00  0.000e+00
  11800 -1.76998e-04 -1.770e-04  0.000e+00  0.000e+00 -1.770e-04  0.000e+00  0.000e+00  0.000e+00  0.000e+00  0.000e+00
  11825 -8.18349e-05 -8.183e-05  0.000e+00  0.000e+00 -8.183e-05  0.000e+00  0.000e+00  0.000e+00  0.000e+00  0.000e+00
  11850 -6.93313e-05 -6.933e-05  0.000e+00  0.000e+00 -6.933e-05  0.000e+00  0.000e+00  0.000e+00  0.000e+00  0.000e+00
  11875 -1.00279e-02 -1.003e-02  0.000e+00  0.000e+00 -1.003e-02  0.000e+00  0.000e+00  0.000e+00  0.000e+00  0.000e+00
  11900 -1.98576e-04 -1.986e-04  0.000e+00  0.000e+00 -1.986e-04  0.000e+00  0.000e+00  0.000e+00  0.000e+00  0.000e+00
  11925 -1.09634e-03 -1.096e-03  0.000e+00  0.000e+00 -1.096e-03  0.000e+00  0.000e+00  0.000e+00  0.000e+00  0.000e+00
  11950 -1.04478e-03 -1.045e-03  0.000e+00  0.000e+00 -1.045e-03  0.000e+00  0.000e+00  0.000e+00  0.000e+00  0.000e+00
  11975 -1.62003e-04 -1.620e-04  0.000e+00  0.000e+00 -1.620e-04  0.000e+00  0.000e+00  0.000e+00  0.000e+00  0.000e+00
  12000 -1.06211e-03 -1.062e-03  0.000e+00  0.000e+00 -1.062e-03  0.000e+00  0.000e+00  0.000e+00  0.000e+00  0.000e+00
  12025 -2.44352e-03 -2.444e-03  0.000e+00  0.000e+00 -2.444e-03  0.000e+00  0.000e+00  0.000e+00  0.000e+00  0.000e+00
  12050 -9.21126e-02 -9.211e-02  0.000e+00  0.000e+00 -9.211e-02  0.000e+00  0.000e+00  0.000e+00  0.000e+00  0.000e+00
  12075 -1.92065e-04 -1.921e-04  0.000e+00  0.000e+00 -1.921e-04  0.000e+00  0.000e+00  0.000e+00  0.000e+00  0.000e+00
  12100 -2.69204e-03 -2.692e-03  0.000e+00  0.000e+00 -2.692e-03  0.000e+00  0.000e+00  0.000e+00  0.000e+00  0.000e+00
  12125 -2.51339e-03 -2.513e-03  0.000e+00  0.000e+00 -2.513e-03  0.000e+00  0.000e+00  0.000e+00  0.000e+00  0.000e+00
  12150 -2.71173e-04 -2.712e-04  0.000e+00  0.000e+00 -2.712e-04  0.000e+00  0.000e+00  0.000e+00  0.000e+00  0.000e+00
  12175 -9.89142e-04 -9.891e-04  0.000e+00  0.000e+00 -9.891e-04  0.000e+00  0.000e+00  0.000e+00  0.000e+00  0.000e+00
  12200 -4.22746e-05 -4.227e-05  0.000e+00  0.000e+00 -4.227e-05  0.000e+00  0.000e+00  0.000e+00  0.000e+00  0.000e+00
  12225 -9.83313e-05 -9.833e-05  0.000e+00  0.000e+00 -9.833e-05  0.000e+00  0.000e+00  0.000e+00  0.000e+00  0.000e+00
  12250 -6.30081e-04 -6.301e-04  0.000e+00  0.000e+00 -6.301e-04  0.000e+00  0.000e+00  0.000e+00  0.000e+00  0.000e+00
  12275 -1.20336e-04 -1.203e-04  0.000e+00  0.000e+00 -1.203e-04  0.000e+00  0.000e+00  0.000e+00  0.000e+00  0.000e+00
  12300 -2.71911e-05 -2.719e-05  0.000e+00  0.000e+00 -2.719e-05  0.000e+00  0.000e+00  0.000e+00  0.000e+00  0.000e+00
  12325 -2.00452e-04 -2.005e-04  0.000e+00  0.000e+00 -2.005e-04  0.000e+00  0.000e+00  0.000e+00  0.000e+00  0.000e+00
  12350 -5.15639e-04 -5.156e-04  0.000e+00  0.000e+00 -5.156e-04  0.000e+00  0.000e+00  0.000e+00  0.000e+00  0.000e+00
  12375 -1.94402e-03 -1.944e-03  0.000e+00  0.000e+00 -1.944e-03  0.000e+00  0.000e+00  0.000e+00  0.000e+00  0.000e+00
  12400 -1.54093e-05 -1.541e-05  0.000e+00  0.000e+00 -1.541e-05  0.000e+00  0.000e+00  0.000e+00  0.000e+00  0.000e+00
  12425  8.58057e-02 -2.668e-05  0.000e+00  8.583e-02 -2.668e-05  0.000e+00  0.000e+00  0.000e+00  0.000e+00  0.000e+00
  12450 -2.71800e-05 -2.718e-05  0.000e+00  0.000e+00 -2.718e-05  0.000e+00  0.000e+00  0.000e+00  0.000e+00  0.000e+00
  12475  3.25702e-01 -1.313e-05  0.000e+00  3.257e-01 -1.313e-05  0.000e+00  0.000e+00  0.000e+00  0.000e+00  0.000e+00
  12500 -1.52430e-05 -1.524e-05  0.000e+00  0.000e+00 -1.524e-05  0.000e+00  0.000e+00  0.000e+00  0.000e+00  0.000e+00
  12525 -2.08841e-05 -2.088e-05  0.000e+00  0.000e+00 -2.088e-05  0.000e+00  0.000e+00  0.000e+00  0.000e+00  0.000e+00
  12550 -1.91542e-05 -1.915e-05  0.000e+00  0.000e+00 -1.915e-05  0.000e+00  0.000e+00  0.000e+00  0.000e+00  0.000e+00
  12575 -2.39177e-04 -2.392e-04  0.000e+00  0.000e+00 -2.392e-04  0.000e+00  0.000e+00  0.000e+00  0.000e+00  0.000e+00
  12600 -7.30589e-04 -7.306e-04  0.000e+00  0.000e+00 -7.306e-04  0.000e+00  0.000e+00  0.000e+00  0.000e+00  0.000e+00
  12625 -4.68499e-04 -4.685e-04  0.000e+00  0.000e+00 -4.685e-04  0.000e+00  0.000e+00  0.000e+00  0.000e+00  0.000e+00
  12650 -1.17619e-04 -1.176e-04  0.000e+00  0.000e+00 -1.176e-04  0.000e+00  0.000e+00  0.000e+00  0.000e+00  0.000e+00
  12675 -5.89490e-03 -5.895e-03  0.000e+00  0.000e+00 -5.895e-03  0.000e+00  0.000e+00  0.000e+00  0.000e+00  0.000e+00
  12700 -2.23340e-04 -2.233e-04  0.000e+00  0.000e+00 -2.233e-04  0.000e+00  0.000e+00  0.000e+00  0.000e+00  0.000e+00
  12725 -3.88068e-04 -3.881e-04  0.000e+00  0.000e+00 -3.881e-04  0.000e+00  0.000e+00  0.000e+00  0.000e+00  0.000e+00
  12750 -3.87797e-04 -3.878e-04  0.000e+00  0.000e+00 -3.878e-04  0.000e+00  0.000e+00  0.000e+00  0.000e+00  0.000e+00
  12775 -3.78119e-05 -3.781e-05  0.000e+00  0.000e+00 -3.781e-05  0.000e+00  0.000e+00  0.000e+00  0.000e+00  0.000e+00
  12800 -1.21881e-05 -1.219e-05  0.000e+00  0.000e+00 -1.219e-05  0.000e+00  0.000e+00  0.000e+00  0.000e+00  0.000e+00
  12825 -3.19278e-05 -3.193e-05  0.000e+00  0.000e+00 -3.193e-05  0.000e+00  0.000e+00  0.000e+00  0.000e+00  0.000e+00
  12850 -2.11691e-03 -2.117e-03  0.000e+00  0.000e+00 -2.117e-03  0.000e+00  0.000e+00  0.000e+00  0.000e+00  0.000e+00
  12875 -1.34289e-03 -1.343e-03  0.000e+00  0.000e+00 -1.343e-03  0.000e+00  0.000e+00  0.000e+00  0.000e+00  0.000e+00
  12900 -2.61700e-02 -2.617e-02  0.000e+00  0.000e+00 -2.617e-02  0.000e+00  0.000e+00  0.000e+00  0.000e+00  0.000e+00
  12925 -8.27887e-04 -8.279e-04  0.000e+00  0.000e+00 -8.279e-04  0.000e+00  0.000e+00  0.000e+00  0.000e+00  0.000e+00
  12950 -2.09953e-04 -2.100e-04  0.000e+00  0.000e+00 -2.100e-04  0.000e+00  0.000e+00  0.000e+00  0.000e+00  0.000e+00
  12975 -1.23665e-04 -1.237e-04  0.000e+00  0.000e+00 -1.237e-04  0.000e+00  0.000e+00  0.000e+00  0.000e+00  0.000e+00
  13000 -1.59636e-02 -1.596e-02  0.000e+00  0.000e+00 -1.596e-02  0.000e+00  0.000e+00  0.000e+00  0.000e+00  0.000e+00
  13025 -8.74722e-05 -8.747e-05  0.000e+00  0.000e+00 -8.747e-05  0.000e+00  0.000e+00  0.000e+00  0.000e+00  0.000e+00
  13050 -1.67053e-02 -1.671e-02  0.000e+00  0.000e+00 -1.671e-02  0.000e+00  0.000e+00  0.000e+00  0.000e+00  0.000e+00
  13075 -4.41284e-04 -4.413e-04  0.000e+00  0.000e+00 -4.413e-04  0.000e+00  0.000e+00  0.000e+00  0.000e+00  0.000e+00
  13100 -1.42755e-02 -1.428e-02  0.000e+00  0.000e+00 -1.428e-02  0.000e+00  0.000e+00  0.000e+00  0.000e+00  0.000e+00
  13125 -1.00722e-04 -1.007e-04  0.000e+00  0.000e+00 -1.007e-04  0.000e+00  0.000e+00  0.000e+00  0.000e+00  0.000e+00
  13150 -8.26763e-05 -8.268e-05  0.000e+00  0.000e+00 -8.268e-05  0.000e+00  0.000e+00  0.000e+00  0.000e+00  0.000e+00
  13175 -1.31265e-03 -1.313e-03  0.000e+00  0.000e+00 -1.313e-03  0.000e+00  0.000e+00  0.000e+00  0.000e+00  0.000e+00
  13200 -1.07033e-03 -1.070e-03  0.000e+00  0.000e+00 -1.070e-03  0.000e+00  0.000e+00  0.000e+00  0.000e+00  0.000e+00
  13225 -1.38778e-03 -1.388e-03  0.000e+00  0.000e+00 -1.388e-03  0.000e+00  0.000e+00  0.000e+00  0.000e+00  0.000e+00
  13250  5.36522e-01 -1.184e-03  0.000e+00  5.377e-01 -1.184e-03  0.000e+00  0.000e+00  0.000e+00  0.000e+00  0.000e+00
  13275 -2.80440e-02 -2.804e-02  0.000e+00  0.000e+00 -2.804e-02  0.000e+00  0.000e+00  0.000e+00  0.000e+00  0.000e+00
  13300 -2.23805e-04 -2.238e-04  0.000e+00  0.000e+00 -2.238e-04  0.000e+00  0.000e+00  0.000e+00  0.000e+00  0.000e+00
  13325 -3.25253e-05 -3.253e-05  0.000e+00  0.000e+00 -3.253e-05  0.000e+00  0.000e+00  0.000e+00  0.000e+00  0.000e+00
  13350 -2.30390e-04 -2.304e-04  0.000e+00  0.000e+00 -2.304e-04  0.000e+00  0.000e+00  0.000e+00  0.000e+00  0.000e+00
  13375 -6.88729e-04 -6.887e-04  0.000e+00  0.000e+00 -6.887e-04  0.000e+00  0.000e+00  0.000e+00  0.000e+00  0.000e+00
  13400 -2.61058e-02 -2.611e-02  0.000e+00  0.000e+00 -2.611e-02  0.000e+00  0.000e+00  0.000e+00  0.000e+00  0.000e+00
  13425 -4.00261e-03 -4.003e-03  0.000e+00  0.000e+00 -4.003e-03  0.000e+00  0.000e+00  0.000e+00  0.000e+00  0.000e+00
  13450 -1.08211e-03 -1.082e-03  0.000e+00  0.000e+00 -1.082e-03  0.000e+00  0.000e+00  0.000e+00  0.000e+00  0.000e+00
  13475 -1.51923e-04 -1.519e-04  0.000e+00  0.000e+00 -1.519e-04  0.000e+00  0.000e+00  0.000e+00  0.000e+00  0.000e+00
  13500 -1.13583e-03 -1.136e-03  0.000e+00  0.000e+00 -1.136e-03  0.000e+00  0.000e+00  0.000e+00  0.000e+00  0.000e+00
  13525 -6.13570e-04 -6.136e-04  0.000e+00  0.000e+00 -6.136e-04  0.000e+00  0.000e+00  0.000e+00  0.000e+00  0.000e+00
  13550 -6.97749e-05 -6.977e-05  0.000e+00  0.000e+00 -6.977e-05  0.000e+00  0.000e+00  0.000e+00  0.000e+00  0.000e+00
  13575 -3.99559e-04 -3.996e-04  0.000e+00  0.000e+00 -3.996e-04  0.000e+00  0.000e+00  0.000e+00  0.000e+00  0.000e+00
  13600 -1.69489e-04 -1.695e-04  0.000e+00  0.000e+00 -1.695e-04  0.000e+00  0.000e+00  0.000e+00  0.000e+00  0.000e+00
  13625  1.40261e-01 -7.892e-05  0.000e+00  1.403e-01 -7.892e-05  0.000e+00  0.000e+00  0.000e+00  0.000e+00  0.000e+00
  13650 -6.25665e-04 -6.257e-04  0.000e+00  0.000e+00 -6.257e-04  0.000e+00  0.000e+00  0.000e+00  0.000e+00  0.000e+00
  13675 -8.96040e-05 -8.960e-05  0.000e+00  0.000e+00 -8.960e-05  0.000e+00  0.000e+00  0.000e+00  0.000e+00  0.000e+00
  13700 -1.30017e-04 -1.300e-04  0.000e+00  0.000e+00 -1.300e-04  0.000e+00  0.000e+00  0.000e+00  0.000e+00  0.000e+00
  13725 -8.06954e-03 -8.070e-03  0.000e+00  0.000e+00 -8.070e-03  0.000e+00  0.000e+00  0.000e+00  0.000e+00  0.000e+00
  13750 -1.07714e-04 -1.077e-04  0.000e+00  0.000e+00 -1.077e-04  0.000e+00  0.000e+00  0.000e+00  0.000e+00  0.000e+00
  13775 -2.37431e-04 -2.374e-04  0.000e+00  0.000e+00 -2.374e-04  0.000e+00  0.000e+00  0.000e+00  0.000e+00  0.000e+00
  13800 -1.36938e-02 -1.369e-02  0.000e+00  0.000e+00 -1.369e-02  0.000e+00  0.000e+00  0.000e+00  0.000e+00  0.000e+00
  13825 -8.69429e-04 -8.694e-04  0.000e+00  0.000e+00 -8.694e-04  0.000e+00  0.000e+00  0.000e+00  0.000e+00  0.000e+00
  13850 -1.90822e-04 -1.908e-04  0.000e+00  0.000e+00 -1.908e-04  0.000e+00  0.000e+00  0.000e+00  0.000e+00  0.000e+00
  13875 -2.62841e-02 -2.628e-02  0.000e+00  0.000e+00 -2.628e-02  0.000e+00  0.000e+00  0.000e+00  0.000e+00  0.000e+00
  13900 -3.98428e-05 -3.984e-05  0.000e+00  0.000e+00 -3.984e-05  0.000e+00  0.000e+00  0.000e+00  0.000e+00  0.000e+00
  13925 -1.10697e-04 -1.107e-04  0.000e+00  0.000e+00 -1.107e-04  0.000e+00  0.000e+00  0.000e+00  0.000e+00  0.000e+00
  13950 -1.16849e-03 -1.168e-03  0.000e+00  0.000e+00 -1.168e-03  0.000e+00  0.000e+00  0.000e+00  0.000e+00  0.000e+00
  13975 -7.71817e-04 -7.718e-04  0.000e+00  0.000e+00 -7.718e-04  0.000e+00  0.000e+00  0.000e+00  0.000e+00  0.000e+00
  14000 -3.99922e-04 -3.999e-04  0.000e+00  0.000e+00 -3.999e-04  0.000e+00  0.000e+00  0.000e+00  0.000e+00  0.000e+00
  14025  2.81381e-01 -9.732e-05  0.000e+00  2.815e-01 -9.732e-05  0.000e+00  0.000e+00  0.000e+00  0.000e+00  0.000e+00
  14050 -1.18447e-03 -1.184e-03  0.000e+00  0.000e+00 -1.184e-03  0.000e+00  0.000e+00  0.000e+00  0.000e+00  0.000e+00
  14075 -7.07766e-02 -7.078e-02  0.000e+00  0.000e+00 -7.078e-02  0.000e+00  0.000e+00  0.000e+00  0.000e+00  0.000e+00
  14100 -3.50011e-04 -3.500e-04  0.000e+00  0.000e+00 -3.500e-04  0.000e+00  0.000e+00  0.000e+00  0.000e+00  0.000e+00
  14125 -5.78705e-03 -5.787e-03  0.000e+00  0.000e+00 -5.787e-03  0.000e+00  0.000e+00  0.000e+00  0.000e+00  0.000e+00
  14150 -5.13533e-04 -5.135e-04  0.000e+00  0.000e+00 -5.135e-04  0.000e+00  0.000e+00  0.000e+00  0.000e+00  0.000e+00
  14175 -9.32643e-03 -9.326e-03  0.000e+00  0.000e+00 -9.326e-03  0.000e+00  0.000e+00  0.000e+00  0.000e+00  0.000e+00
  14200 -1.00364e-04 -1.004e-04  0.000e+00  0.000e+00 -1.004e-04  0.000e+00  0.000e+00  0.000e+00  0.000e+00  0.000e+00
  14225 -1.53866e-03 -1.539e-03  0.000e+00  0.000e+00 -1.539e-03  0.000e+00  0.000e+00  0.000e+00  0.000e+00  0.000e+00
  14250 -1.00306e-04 -1.003e-04  0.000e+00  0.000e+00 -1.003e-04  0.000e+00  0.000e+00  0.000e+00  0.000e+00  0.000e+00
  14275 -3.08363e-04 -3.084e-04  0.000e+00  0.000e+00 -3.084e-04  0.000e+00  0.000e+00  0.000e+00  0.000e+00  0.000e+00
  14300  1.57631e-02 -7.585e-04  0.000e+00  1.652e-02 -7.585e-04  0.000e+00  0.000e+00  0.000e+00  0.000e+00  0.000e+00
  14325 -1.93187e-04 -1.932e-04  0.000e+00  0.000e+00 -1.932e-04  0.000e+00  0.000e+00  0.000e+00  0.000e+00  0.000e+00
  14350 -1.85107e-04 -1.851e-04  0.000e+00  0.000e+00 -1.851e-04  0.000e+00  0.000e+00  0.000e+00  0.000e+00  0.000e+00
  14375 -3.75929e-04 -3.759e-04  0.000e+00  0.000e+00 -3.759e-04  0.000e+00  0.000e+00  0.000e+00  0.000e+00  0.000e+00
  14400 -2.04620e-04 -2.046e-04  0.000e+00  0.000e+00 -2.046e-04  0.000e+00  0.000e+00  0.000e+00  0.000e+00  0.000e+00
  14425 -7.05434e-05 -7.054e-05  0.000e+00  0.000e+00 -7.054e-05  0.000e+00  0.000e+00  0.000e+00  0.000e+00  0.000e+00
  14450 -5.74057e-04 -5.741e-04  0.000e+00  0.000e+00 -5.741e-04  0.000e+00  0.000e+00  0.000e+00  0.000e+00  0.000e+00
  14475 -1.86688e-03 -1.867e-03  0.000e+00  0.000e+00 -1.867e-03  0.000e+00  0.000e+00  0.000e+00  0.000e+00  0.000e+00
  14500 -3.68066e-04 -3.681e-04  0.000e+00  0.000e+00 -3.681e-04  0.000e+00  0.000e+00  0.000e+00  0.000e+00  0.000e+00
  14525 -1.78667e-04 -1.787e-04  0.000e+00  0.000e+00 -1.787e-04  0.000e+00  0.000e+00  0.000e+00  0.000e+00  0.000e+00
  14550 -5.81306e-04 -5.813e-04  0.000e+00  0.000e+00 -5.813e-04  0.000e+00  0.000e+00  0.000e+00  0.000e+00  0.000e+00
  14575 -1.12546e-03 -1.125e-03  0.000e+00  0.000e+00 -1.125e-03  0.000e+00  0.000e+00  0.000e+00  0.000e+00  0.000e+00
  14600 -2.70215e-04 -2.702e-04  0.000e+00  0.000e+00 -2.702e-04  0.000e+00  0.000e+00  0.000e+00  0.000e+00  0.000e+00
  14625 -8.49090e-05 -8.491e-05  0.000e+00  0.000e+00 -8.491e-05  0.000e+00  0.000e+00  0.000e+00  0.000e+00  0.000e+00
  14650 -1.25159e-04 -1.252e-04  0.000e+00  0.000e+00 -1.252e-04  0.000e+00  0.000e+00  0.000e+00  0.000e+00  0.000e+00
  14675 -1.29942e-04 -1.299e-04  0.000e+00  0.000e+00 -1.299e-04  0.000e+00  0.000e+00  0.000e+00  0.000e+00  0.000e+00
  14700 -4.95044e-05 -4.950e-05  0.000e+00  0.000e+00 -4.950e-05  0.000e+00  0.000e+00  0.000e+00  0.000e+00  0.000e+00
  14725 -1.51759e-05 -1.518e-05  0.000e+00  0.000e+00 -1.518e-05  0.000e+00  0.000e+00  0.000e+00  0.000e+00  0.000e+00
  14750 -2.08365e-05 -2.084e-05  0.000e+00  0.000e+00 -2.084e-05  0.000e+00  0.000e+00  0.000e+00  0.000e+00  0.000e+00
  14775 -1.08979e-04 -1.090e-04  0.000e+00  0.000e+00 -1.090e-04  0.000e+00  0.000e+00  0.000e+00  0.000e+00  0.000e+00
  14800 -6.24317e-04 -6.243e-04  0.000e+00  0.000e+00 -6.243e-04  0.000e+00  0.000e+00  0.000e+00  0.000e+00  0.000e+00
  14825 -4.31803e-05 -4.318e-05  0.000e+00  0.000e+00 -4.318e-05  0.000e+00  0.000e+00  0.000e+00  0.000e+00  0.000e+00
  14850 -1.17276e-04 -1.173e-04  0.000e+00  0.000e+00 -1.173e-04  0.000e+00  0.000e+00  0.000e+00  0.000e+00  0.000e+00
  14875 -8.19768e-05 -8.198e-05  0.000e+00  0.000e+00 -8.198e-05  0.000e+00  0.000e+00  0.000e+00  0.000e+00  0.000e+00
  14900 -4.04971e-05 -4.050e-05  0.000e+00  0.000e+00 -4.050e-05  0.000e+00  0.000e+00  0.000e+00  0.000e+00  0.000e+00
  14925 -4.47654e-04 -4.477e-04  0.000e+00  0.000e+00 -4.477e-04  0.000e+00  0.000e+00  0.000e+00  0.000e+00  0.000e+00
  14950 -3.56694e-05 -3.567e-05  0.000e+00  0.000e+00 -3.567e-05  0.000e+00  0.000e+00  0.000e+00  0.000e+00  0.000e+00
  14975 -1.25707e-04 -1.257e-04  0.000e+00  0.000e+00 -1.257e-04  0.000e+00  0.000e+00  0.000e+00  0.000e+00  0.000e+00
  15000 -2.96063e-04 -2.961e-04  0.000e+00  0.000e+00 -2.961e-04  0.000e+00  0.000e+00  0.000e+00  0.000e+00  0.000e+00
  15025 -1.21160e-02 -1.212e-02  0.000e+00  0.000e+00 -1.212e-02  0.000e+00  0.000e+00  0.000e+00  0.000e+00  0.000e+00
  15050 -6.65198e-04 -6.652e-04  0.000e+00  0.000e+00 -6.652e-04  0.000e+00  0.000e+00  0.000e+00  0.000e+00  0.000e+00
  15075 -1.64628e-04 -1.646e-04  0.000e+00  0.000e+00 -1.646e-04  0.000e+00  0.000e+00  0.000e+00  0.000e+00  0.000e+00
  15100 -6.04918e-04 -6.049e-04  0.000e+00  0.000e+00 -6.049e-04  0.000e+00  0.000e+00  0.000e+00  0.000e+00  0.000e+00
  15125 -3.51321e-03 -3.513e-03  0.000e+00  0.000e+00 -3.513e-03  0.000e+00  0.000e+00  0.000e+00  0.000e+00  0.000e+00
  15150 -2.37670e-02 -2.377e-02  0.000e+00  0.000e+00 -2.377e-02  0.000e+00  0.000e+00  0.000e+00  0.000e+00  0.000e+00
  15175 -2.23504e-04 -2.235e-04  0.000e+00  0.000e+00 -2.235e-04  0.000e+00  0.000e+00  0.000e+00  0.000e+00  0.000e+00
  15200 -2.10694e-04 -2.107e-04  0.000e+00  0.000e+00 -2.107e-04  0.000e+00  0.000e+00  0.000e+00  0.000e+00  0.000e+00
  15225 -7.40308e-05 -7.403e-05  0.000e+00  0.000e+00 -7.403e-05  0.000e+00  0.000e+00  0.000e+00  0.000e+00  0.000e+00
  15250 -4.58881e-05 -4.589e-05  0.000e+00  0.000e+00 -4.589e-05  0.000e+00  0.000e+00  0.000e+00  0.000e+00  0.000e+00
  15275 -7.48959e-02 -7.490e-02  0.000e+00  0.000e+00 -7.490e-02  0.000e+00  0.000e+00  0.000e+00  0.000e+00  0.000e+00
  15300 -1.82208e-04 -1.822e-04  0.000e+00  0.000e+00 -1.822e-04  0.000e+00  0.000e+00  0.000e+00  0.000e+00  0.000e+00
  15325 -1.68316e-04 -1.683e-04  0.000e+00  0.000e+00 -1.683e-04  0.000e+00  0.000e+00  0.000e+00  0.000e+00  0.000e+00
  15350 -3.04519e-05 -3.045e-05  0.000e+00  0.000e+00 -3.045e-05  0.000e+00  0.000e+00  0.000e+00  0.000e+00  0.000e+00
  15375 -1.02987e-04 -1.030e-04  0.000e+00  0.000e+00 -1.030e-04  0.000e+00  0.000e+00  0.000e+00  0.000e+00  0.000e+00
  15400 -9.51470e-03 -9.515e-03  0.000e+00  0.000e+00 -9.515e-03  0.000e+00  0.000e+00  0.000e+00  0.000e+00  0.000e+00
  15425 -4.11632e-04 -4.116e-04  0.000e+00  0.000e+00 -4.116e-04  0.000e+00  0.000e+00  0.000e+00  0.000e+00  0.000e+00
  15450 -2.54811e-05 -2.548e-05  0.000e+00  0.000e+00 -2.548e-05  0.000e+00  0.000e+00  0.000e+00  0.000e+00  0.000e+00
  15475 -1.49691e-04 -1.497e-04  0.000e+00  0.000e+00 -1.497e-04  0.000e+00  0.000e+00  0.000e+00  0.000e+00  0.000e+00
  15500 -1.15991e-04 -1.160e-04  0.000e+00  0.000e+00 -1.160e-04  0.000e+00  0.000e+00  0.000e+00  0.000e+00  0.000e+00
  15525 -1.14525e-04 -1.145e-04  0.000e+00  0.000e+00 -1.145e-04  0.000e+00  0.000e+00  0.000e+00  0.000e+00  0.000e+00
  15550 -1.52470e-03 -1.525e-03  0.000e+00  0.000e+00 -1.525e-03  0.000e+00  0.000e+00  0.000e+00  0.000e+00  0.000e+00
  15575 -8.87528e-05 -8.875e-05  0.000e+00  0.000e+00 -8.875e-05  0.000e+00  0.000e+00  0.000e+00  0.000e+00  0.000e+00
  15600 -8.24602e-05 -8.246e-05  0.000e+00  0.000e+00 -8.246e-05  0.000e+00  0.000e+00  0.000e+00  0.000e+00  0.000e+00
  15625 -7.57864e-04 -7.579e-04  0.000e+00  0.000e+00 -7.579e-04  0.000e+00  0.000e+00  0.000e+00  0.000e+00  0.000e+00
  15650 -5.72340e-02 -5.723e-02  0.000e+00  0.000e+00 -5.723e-02  0.000e+00  0.000e+00  0.000e+00  0.000e+00  0.000e+00
  15675 -1.32603e-04 -1.326e-04  0.000e+00  0.000e+00 -1.326e-04  0.000e+00  0.000e+00  0.000e+00  0.000e+00  0.000e+00
  15700 -7.38247e-04 -7.382e-04  0.000e+00  0.000e+00 -7.382e-04  0.000e+00  0.000e+00  0.000e+00  0.000e+00  0.000e+00
  15725 -5.41714e-05 -5.417e-05  0.000e+00  0.000e+00 -5.417e-05  0.000e+00  0.000e+00  0.000e+00  0.000e+00  0.000e+00
  15750 -1.22667e-02 -1.227e-02  0.000e+00  0.000e+00 -1.227e-02  0.000e+00  0.000e+00  0.000e+00  0.000e+00  0.000e+00
  15775 -7.66954e-04 -7.670e-04  0.000e+00  0.000e+00 -7.670e-04  0.000e+00  0.000e+00  0.000e+00  0.000e+00  0.000e+00
  15800 -6.03485e-05 -6.035e-05  0.000e+00  0.000e+00 -6.035e-05  0.000e+00  0.000e+00  0.000e+00  0.000e+00  0.000e+00
  15825 -2.00722e-04 -2.007e-04  0.000e+00  0.000e+00 -2.007e-04  0.000e+00  0.000e+00  0.000e+00  0.000e+00  0.000e+00
  15850 -7.97167e-05 -7.972e-05  0.000e+00  0.000e+00 -7.972e-05  0.000e+00  0.000e+00  0.000e+00  0.000e+00  0.000e+00
  15875 -6.22573e-04 -6.226e-04  0.000e+00  0.000e+00 -6.226e-04  0.000e+00  0.000e+00  0.000e+00  0.000e+00  0.000e+00
  15900 -2.76279e-03 -2.763e-03  0.000e+00  0.000e+00 -2.763e-03  0.000e+00  0.000e+00  0.000e+00  0.000e+00  0.000e+00
  15925 -6.94906e-04 -6.949e-04  0.000e+00  0.000e+00 -6.949e-04  0.000e+00  0.000e+00  0.000e+00  0.000e+00  0.000e+00
  15950 -3.15753e-03 -3.158e-03  0.000e+00  0.000e+00 -3.158e-03  0.000e+00  0.000e+00  0.000e+00  0.000e+00  0.000e+00
  15975 -9.66838e-05 -9.668e-05  0.000e+00  0.000e+00 -9.668e-05  0.000e+00  0.000e+00  0.000e+00  0.000e+00  0.000e+00
  16000 -2.22140e-04 -2.221e-04  0.000e+00  0.000e+00 -2.221e-04  0.000e+00  0.000e+00  0.000e+00  0.000e+00  0.000e+00
  16025 -2.49830e-04 -2.498e-04  0.000e+00  0.000e+00 -2.498e-04  0.000e+00  0.000e+00  0.000e+00  0.000e+00  0.000e+00
  16050 -1.88426e-04 -1.884e-04  0.000e+00  0.000e+00 -1.884e-04  0.000e+00  0.000e+00  0.000e+00  0.000e+00  0.000e+00
  16075 -3.18284e-04 -3.183e-04  0.000e+00  0.000e+00 -3.183e-04  0.000e+00  0.000e+00  0.000e+00  0.000e+00  0.000e+00
  16100 -1.05937e-04 -1.059e-04  0.000e+00  0.000e+00 -1.059e-04  0.000e+00  0.000e+00  0.000e+00  0.000e+00  0.000e+00
  16125 -1.38499e-02 -1.385e-02  0.000e+00  0.000e+00 -1.385e-02  0.000e+00  0.000e+00  0.000e+00  0.000e+00  0.000e+00
  16150 -1.79659e-03 -1.797e-03  0.000e+00  0.000e+00 -1.797e-03  0.000e+00  0.000e+00  0.000e+00  0.000e+00  0.000e+00
  16175 -3.82124e-04 -3.821e-04  0.000e+00  0.000e+00 -3.821e-04  0.000e+00  0.000e+00  0.000e+00  0.000e+00  0.000e+00
  16200 -8.83011e-05 -8.830e-05  0.000e+00  0.000e+00 -8.830e-05  0.000e+00  0.000e+00  0.000e+00  0.000e+00  0.000e+00
  16225 -2.54687e-02 -2.547e-02  0.000e+00  0.000e+00 -2.547e-02  0.000e+00  0.000e+00  0.000e+00  0.000e+00  0.000e+00
  16250 -3.51604e-03 -3.516e-03  0.000e+00  0.000e+00 -3.516e-03  0.000e+00  0.000e+00  0.000e+00  0.000e+00  0.000e+00
  16275 -3.46375e-05 -3.464e-05  0.000e+00  0.000e+00 -3.464e-05  0.000e+00  0.000e+00  0.000e+00  0.000e+00  0.000e+00
  16300 -1.12051e-03 -1.121e-03  0.000e+00  0.000e+00 -1.121e-03  0.000e+00  0.000e+00  0.000e+00  0.000e+00  0.000e+00
  16325 -1.35282e-04 -1.353e-04  0.000e+00  0.000e+00 -1.353e-04  0.000e+00  0.000e+00  0.000e+00  0.000e+00  0.000e+00
  16350 -1.64816e-04 -1.648e-04  0.000e+00  0.000e+00 -1.648e-04  0.000e+00  0.000e+00  0.000e+00  0.000e+00  0.000e+00
  16375 -3.16000e-04 -3.160e-04  0.000e+00  0.000e+00 -3.160e-04  0.000e+00  0.000e+00  0.000e+00  0.000e+00  0.000e+00
  16400 -2.04055e-03 -2.041e-03  0.000e+00  0.000e+00 -2.041e-03  0.000e+00  0.000e+00  0.000e+00  0.000e+00  0.000e+00
  16425 -3.56668e-05 -3.567e-05  0.000e+00  0.000e+00 -3.567e-05  0.000e+00  0.000e+00  0.000e+00  0.000e+00  0.000e+00
  16450 -2.98964e-02 -2.990e-02  0.000e+00  0.000e+00 -2.990e-02  0.000e+00  0.000e+00  0.000e+00  0.000e+00  0.000e+00
  16475 -7.38580e-03 -7.386e-03  0.000e+00  0.000e+00 -7.386e-03  0.000e+00  0.000e+00  0.000e+00  0.000e+00  0.000e+00
  16500 -8.67942e-05 -8.679e-05  0.000e+00  0.000e+00 -8.679e-05  0.000e+00  0.000e+00  0.000e+00  0.000e+00  0.000e+00
  16525 -8.65638e-05 -8.656e-05  0.000e+00  0.000e+00 -8.656e-05  0.000e+00  0.000e+00  0.000e+00  0.000e+00  0.000e+00
  16550 -2.01612e-04 -2.016e-04  0.000e+00  0.000e+00 -2.016e-04  0.000e+00  0.000e+00  0.000e+00  0.000e+00  0.000e+00
  16575 -3.80034e-04 -3.800e-04  0.000e+00  0.000e+00 -3.800e-04  0.000e+00  0.000e+00  0.000e+00  0.000e+00  0.000e+00
  16600 -9.29574e-04 -9.296e-04  0.000e+00  0.000e+00 -9.296e-04  0.000e+00  0.000e+00  0.000e+00  0.000e+00  0.000e+00
  16625 -3.32905e-04 -3.329e-04  0.000e+00  0.000e+00 -3.329e-04  0.000e+00  0.000e+00  0.000e+00  0.000e+00  0.000e+00
  16650 -1.58100e-04 -1.581e-04  0.000e+00  0.000e+00 -1.581e-04  0.000e+00  0.000e+00  0.000e+00  0.000e+00  0.000e+00
  16675 -2.14820e-04 -2.148e-04  0.000e+00  0.000e+00 -2.148e-04  0.000e+00  0.000e+00  0.000e+00  0.000e+00  0.000e+00
  16700 -1.08726e-04 -1.087e-04  0.000e+00  0.000e+00 -1.087e-04  0.000e+00  0.000e+00  0.000e+00  0.000e+00  0.000e+00
  16725 -4.91374e-05 -4.914e-05  0.000e+00  0.000e+00 -4.914e-05  0.000e+00  0.000e+00  0.000e+00  0.000e+00  0.000e+00
  16750 -2.54351e-02 -2.544e-02  0.000e+00  0.000e+00 -2.544e-02  0.000e+00  0.000e+00  0.000e+00  0.000e+00  0.000e+00
  16775 -4.64128e-04 -4.641e-04  0.000e+00  0.000e+00 -4.641e-04  0.000e+00  0.000e+00  0.000e+00  0.000e+00  0.000e+00
  16800 -3.06694e-03 -3.067e-03  0.000e+00  0.000e+00 -3.067e-03  0.000e+00  0.000e+00  0.000e+00  0.000e+00  0.000e+00
  16825 -1.88982e-05 -1.890e-05  0.000e+00  0.000e+00 -1.890e-05  0.000e+00  0.000e+00  0.000e+00  0.000e+00  0.000e+00
  16850 -3.51882e-05 -3.519e-05  0.000e+00  0.000e+00 -3.519e-05  0.000e+00  0.000e+00  0.000e+00  0.000e+00  0.000e+00
  16875 -1.56094e-04 -1.561e-04  0.000e+00  0.000e+00 -1.561e-04  0.000e+00  0.000e+00  0.000e+00  0.000e+00  0.000e+00
  16900 -5.68669e-05 -5.687e-05  0.000e+00  0.000e+00 -5.687e-05  0.000e+00  0.000e+00  0.000e+00  0.000e+00  0.000e+00
  16925 -1.82776e-03 -1.828e-03  0.000e+00  0.000e+00 -1.828e-03  0.000e+00  0.000e+00  0.000e+00  0.000e+00  0.000e+00
  16950 -8.87379e-04 -8.874e-04  0.000e+00  0.000e+00 -8.874e-04  0.000e+00  0.000e+00  0.000e+00  0.000e+00  0.000e+00
  16975 -2.59761e-03 -2.598e-03  0.000e+00  0.000e+00 -2.598e-03  0.000e+00  0.000e+00  0.000e+00  0.000e+00  0.000e+00
  17000 -5.91078e-05 -5.911e-05  0.000e+00  0.000e+00 -5.911e-05  0.000e+00  0.000e+00  0.000e+00  0.000e+00  0.000e+00
  17025 -7.41550e-04 -7.415e-04  0.000e+00  0.000e+00 -7.415e-04  0.000e+00  0.000e+00  0.000e+00  0.000e+00  0.000e+00
  17050 -2.44569e-03 -2.446e-03  0.000e+00  0.000e+00 -2.446e-03  0.000e+00  0.000e+00  0.000e+00  0.000e+00  0.000e+00
  17075 -6.57628e-04 -6.576e-04  0.000e+00  0.000e+00 -6.576e-04  0.000e+00  0.000e+00  0.000e+00  0.000e+00  0.000e+00
  17100 -1.71622e-03 -1.716e-03  0.000e+00  0.000e+00 -1.716e-03  0.000e+00  0.000e+00  0.000e+00  0.000e+00  0.000e+00
  17125 -5.45201e-04 -5.452e-04  0.000e+00  0.000e+00 -5.452e-04  0.000e+00  0.000e+00  0.000e+00  0.000e+00  0.000e+00
  17150 -1.65602e-04 -1.656e-04  0.000e+00  0.000e+00 -1.656e-04  0.000e+00  0.000e+00  0.000e+00  0.000e+00  0.000e+00
  17175 -2.15123e-04 -2.151e-04  0.000e+00  0.000e+00 -2.151e-04  0.000e+00  0.000e+00  0.000e+00  0.000e+00  0.000e+00
  17200 -1.18015e-03 -1.180e-03  0.000e+00  0.000e+00 -1.180e-03  0.000e+00  0.000e+00  0.000e+00  0.000e+00  0.000e+00
  17225 -1.40673e-04 -1.407e-04  0.000e+00  0.000e+00 -1.407e-04  0.000e+00  0.000e+00  0.000e+00  0.000e+00  0.000e+00
  17250 -3.77903e-02 -3.779e-02  0.000e+00  0.000e+00 -3.779e-02  0.000e+00  0.000e+00  0.000e+00  0.000e+00  0.000e+00
  17275  4.14305e-02 -3.655e-05  0.000e+00  4.147e-02 -3.655e-05  0.000e+00  0.000e+00  0.000e+00  0.000e+00  0.000e+00
  17300 -2.90247e-04 -2.902e-04  0.000e+00  0.000e+00 -2.902e-04  0.000e+00  0.000e+00  0.000e+00  0.000e+00  0.000e+00
  17325 -2.71499e-05 -2.715e-05  0.000e+00  0.000e+00 -2.715e-05  0.000e+00  0.000e+00  0.000e+00  0.000e+00  0.000e+00
  17350 -3.16275e-05 -3.163e-05  0.000e+00  0.000e+00 -3.163e-05  0.000e+00  0.000e+00  0.000e+00  0.000e+00  0.000e+00
  17375 -3.48108e-04 -3.481e-04  0.000e+00  0.000e+00 -3.481e-04  0.000e+00  0.000e+00  0.000e+00  0.000e+00  0.000e+00
  17400 -1.95608e-05 -1.956e-05  0.000e+00  0.000e+00 -1.956e-05  0.000e+00  0.000e+00  0.000e+00  0.000e+00  0.000e+00
  17425 -9.54529e-05 -9.545e-05  0.000e+00  0.000e+00 -9.545e-05  0.000e+00  0.000e+00  0.000e+00  0.000e+00  0.000e+00
  17450 -7.37033e-04 -7.370e-04  0.000e+00  0.000e+00 -7.370e-04  0.000e+00  0.000e+00  0.000e+00  0.000e+00  0.000e+00
  17475 -3.69470e-04 -3.695e-04  0.000e+00  0.000e+00 -3.695e-04  0.000e+00  0.000e+00  0.000e+00  0.000e+00  0.000e+00
  17500 -4.63214e-04 -4.632e-04  0.000e+00  0.000e+00 -4.632e-04  0.000e+00  0.000e+00  0.000e+00  0.000e+00  0.000e+00
  17525 -4.72747e-05 -4.727e-05  0.000e+00  0.000e+00 -4.727e-05  0.000e+00  0.000e+00  0.000e+00  0.000e+00  0.000e+00
  17550 -1.15080e-03 -1.151e-03  0.000e+00  0.000e+00 -1.151e-03  0.000e+00  0.000e+00  0.000e+00  0.000e+00  0.000e+00
  17575 -9.99827e-02 -9.998e-02  0.000e+00  0.000e+00 -9.998e-02  0.000e+00  0.000e+00  0.000e+00  0.000e+00  0.000e+00
  17600 -1.80789e-04 -1.808e-04  0.000e+00  0.000e+00 -1.808e-04  0.000e+00  0.000e+00  0.000e+00  0.000e+00  0.000e+00
  17625 -9.27652e-05 -9.277e-05  0.000e+00  0.000e+00 -9.277e-05  0.000e+00  0.000e+00  0.000e+00  0.000e+00  0.000e+00
  17650 -6.77913e-05 -6.779e-05  0.000e+00  0.000e+00 -6.779e-05  0.000e+00  0.000e+00  0.000e+00  0.000e+00  0.000e+00
  17675 -1.90713e-04 -1.907e-04  0.000e+00  0.000e+00 -1.907e-04  0.000e+00  0.000e+00  0.000e+00  0.000e+00  0.000e+00
  17700 -2.29052e-04 -2.291e-04  0.000e+00  0.000e+00 -2.291e-04  0.000e+00  0.000e+00  0.000e+00  0.000e+00  0.000e+00
  17725 -4.31101e-05 -4.311e-05  0.000e+00  0.000e+00 -4.311e-05  0.000e+00  0.000e+00  0.000e+00  0.000e+00  0.000e+00
  17750 -1.05721e-03 -1.057e-03  0.000e+00  0.000e+00 -1.057e-03  0.000e+00  0.000e+00  0.000e+00  0.000e+00  0.000e+00
  17775 -9.59766e-04 -9.598e-04  0.000e+00  0.000e+00 -9.598e-04  0.000e+00  0.000e+00  0.000e+00  0.000e+00  0.000e+00
  17800 -1.27911e-04 -1.279e-04  0.000e+00  0.000e+00 -1.279e-04  0.000e+00  0.000e+00  0.000e+00  0.000e+00  0.000e+00
  17825 -5.03335e-04 -5.033e-04  0.000e+00  0.000e+00 -5.033e-04  0.000e+00  0.000e+00  0.000e+00  0.000e+00  0.000e+00
  17850 -1.39308e-04 -1.393e-04  0.000e+00  0.000e+00 -1.393e-04  0.000e+00  0.000e+00  0.000e+00  0.000e+00  0.000e+00
  17875 -4.80470e-05 -4.805e-05  0.000e+00  0.000e+00 -4.805e-05  0.000e+00  0.000e+00  0.000e+00  0.000e+00  0.000e+00
  17900 -1.39586e-04 -1.396e-04  0.000e+00  0.000e+00 -1.396e-04  0.000e+00  0.000e+00  0.000e+00  0.000e+00  0.000e+00
  17925 -2.94767e-04 -2.948e-04  0.000e+00  0.000e+00 -2.948e-04  0.000e+00  0.000e+00  0.000e+00  0.000e+00  0.000e+00
  17950 -6.95067e-05 -6.951e-05  0.000e+00  0.000e+00 -6.951e-05  0.000e+00  0.000e+00  0.000e+00  0.000e+00  0.000e+00
  17975 -6.33933e-05 -6.339e-05  0.000e+00  0.000e+00 -6.339e-05  0.000e+00  0.000e+00  0.000e+00  0.000e+00  0.000e+00
  18000 -1.05493e-04 -1.055e-04  0.000e+00  0.000e+00 -1.055e-04  0.000e+00  0.000e+00  0.000e+00  0.000e+00  0.000e+00
  18025 -2.00536e-03 -2.005e-03  0.000e+00  0.000e+00 -2.005e-03  0.000e+00  0.000e+00  0.000e+00  0.000e+00  0.000e+00
  18050 -4.09820e-04 -4.098e-04  0.000e+00  0.000e+00 -4.098e-04  0.000e+00  0.000e+00  0.000e+00  0.000e+00  0.000e+00
  18075 -6.76030e-03 -6.760e-03  0.000e+00  0.000e+00 -6.760e-03  0.000e+00  0.000e+00  0.000e+00  0.000e+00  0.000e+00
  18100 -1.94197e-04 -1.942e-04  0.000e+00  0.000e+00 -1.942e-04  0.000e+00  0.000e+00  0.000e+00  0.000e+00  0.000e+00
  18125 -6.41531e-05 -6.415e-05  0.000e+00  0.000e+00 -6.415e-05  0.000e+00  0.000e+00  0.000e+00  0.000e+00  0.000e+00
  18150 -6.40892e-03 -6.409e-03  0.000e+00  0.000e+00 -6.409e-03  0.000e+00  0.000e+00  0.000e+00  0.000e+00  0.000e+00
  18175 -4.68812e-05 -4.688e-05  0.000e+00  0.000e+00 -4.688e-05  0.000e+00  0.000e+00  0.000e+00  0.000e+00  0.000e+00
  18200 -4.25770e-04 -4.258e-04  0.000e+00  0.000e+00 -4.258e-04  0.000e+00  0.000e+00  0.000e+00  0.000e+00  0.000e+00
  18225 -3.10134e-03 -3.101e-03  0.000e+00  0.000e+00 -3.101e-03  0.000e+00  0.000e+00  0.000e+00  0.000e+00  0.000e+00
  18250 -8.78883e-05 -8.789e-05  0.000e+00  0.000e+00 -8.789e-05  0.000e+00  0.000e+00  0.000e+00  0.000e+00  0.000e+00
  18275 -6.56862e-04 -6.569e-04  0.000e+00  0.000e+00 -6.569e-04  0.000e+00  0.000e+00  0.000e+00  0.000e+00  0.000e+00
  18300 -7.01649e-05 -7.016e-05  0.000e+00  0.000e+00 -7.016e-05  0.000e+00  0.000e+00  0.000e+00  0.000e+00  0.000e+00
  18325 -8.51169e-04 -8.512e-04  0.000e+00  0.000e+00 -8.512e-04  0.000e+00  0.000e+00  0.000e+00  0.000e+00  0.000e+00
  18350 -1.00733e-04 -1.007e-04  0.000e+00  0.000e+00 -1.007e-04  0.000e+00  0.000e+00  0.000e+00  0.000e+00  0.000e+00
  18375 -6.79496e-04 -6.795e-04  0.000e+00  0.000e+00 -6.795e-04  0.000e+00  0.000e+00  0.000e+00  0.000e+00  0.000e+00
  18400 -1.20826e-04 -1.208e-04  0.000e+00  0.000e+00 -1.208e-04  0.000e+00  0.000e+00  0.000e+00  0.000e+00  0.000e+00
  18425 -5.17274e-04 -5.173e-04  0.000e+00  0.000e+00 -5.173e-04  0.000e+00  0.000e+00  0.000e+00  0.000e+00  0.000e+00
  18450 -4.78440e-04 -4.784e-04  0.000e+00  0.000e+00 -4.784e-04  0.000e+00  0.000e+00  0.000e+00  0.000e+00  0.000e+00
  18475 -5.32967e-03 -5.330e-03  0.000e+00  0.000e+00 -5.330e-03  0.000e+00  0.000e+00  0.000e+00  0.000e+00  0.000e+00
  18500 -2.41931e-04 -2.419e-04  0.000e+00  0.000e+00 -2.419e-04  0.000e+00  0.000e+00  0.000e+00  0.000e+00  0.000e+00
  18525 -3.93233e-05 -3.932e-05  0.000e+00  0.000e+00 -3.932e-05  0.000e+00  0.000e+00  0.000e+00  0.000e+00  0.000e+00
  18550 -3.25274e-04 -3.253e-04  0.000e+00  0.000e+00 -3.253e-04  0.000e+00  0.000e+00  0.000e+00  0.000e+00  0.000e+00
  18575 -1.96584e-05 -1.966e-05  0.000e+00  0.000e+00 -1.966e-05  0.000e+00  0.000e+00  0.000e+00  0.000e+00  0.000e+00
  18600 -4.40406e-05 -4.404e-05  0.000e+00  0.000e+00 -4.404e-05  0.000e+00  0.000e+00  0.000e+00  0.000e+00  0.000e+00
  18625 -1.67453e-04 -1.675e-04  0.000e+00  0.000e+00 -1.675e-04  0.000e+00  0.000e+00  0.000e+00  0.000e+00  0.000e+00
  18650 -1.46294e-04 -1.463e-04  0.000e+00  0.000e+00 -1.463e-04  0.000e+00  0.000e+00  0.000e+00  0.000e+00  0.000e+00
  18675 -1.54478e-04 -1.545e-04  0.000e+00  0.000e+00 -1.545e-04  0.000e+00  0.000e+00  0.000e+00  0.000e+00  0.000e+00
  18700 -2.09776e-03 -2.098e-03  0.000e+00  0.000e+00 -2.098e-03  0.000e+00  0.000e+00  0.000e+00  0.000e+00  0.000e+00
  18725 -1.56012e-03 -1.560e-03  0.000e+00  0.000e+00 -1.560e-03  0.000e+00  0.000e+00  0.000e+00  0.000e+00  0.000e+00
  18750 -1.09192e-03 -1.092e-03  0.000e+00  0.000e+00 -1.092e-03  0.000e+00  0.000e+00  0.000e+00  0.000e+00  0.000e+00
  18775 -8.01271e-03 -8.013e-03  0.000e+00  0.000e+00 -8.013e-03  0.000e+00  0.000e+00  0.000e+00  0.000e+00  0.000e+00
  18800 -2.37752e-04 -2.378e-04  0.000e+00  0.000e+00 -2.378e-04  0.000e+00  0.000e+00  0.000e+00  0.000e+00  0.000e+00
  18825 -1.27985e-04 -1.280e-04  0.000e+00  0.000e+00 -1.280e-04  0.000e+00  0.000e+00  0.000e+00  0.000e+00  0.000e+00
  18850  4.14735e-01 -9.522e-05  0.000e+00  4.148e-01 -9.522e-05  0.000e+00  0.000e+00  0.000e+00  0.000e+00  0.000e+00
  18875 -1.94443e-04 -1.944e-04  0.000e+00  0.000e+00 -1.944e-04  0.000e+00  0.000e+00  0.000e+00  0.000e+00  0.000e+00
  18900 -9.97357e-04 -9.974e-04  0.000e+00  0.000e+00 -9.974e-04  0.000e+00  0.000e+00  0.000e+00  0.000e+00  0.000e+00
  18925 -8.96120e-05 -8.961e-05  0.000e+00  0.000e+00 -8.961e-05  0.000e+00  0.000e+00  0.000e+00  0.000e+00  0.000e+00
  18950 -2.93412e-04 -2.934e-04  0.000e+00  0.000e+00 -2.934e-04  0.000e+00  0.000e+00  0.000e+00  0.000e+00  0.000e+00
  18975 -5.34033e-03 -5.340e-03  0.000e+00  0.000e+00 -5.340e-03  0.000e+00  0.000e+00  0.000e+00  0.000e+00  0.000e+00
  19000 -2.54646e-04 -2.546e-04  0.000e+00  0.000e+00 -2.546e-04  0.000e+00  0.000e+00  0.000e+00  0.000e+00  0.000e+00
  19025 -2.06256e-04 -2.063e-04  0.000e+00  0.000e+00 -2.063e-04  0.000e+00  0.000e+00  0.000e+00  0.000e+00  0.000e+00
  19050 -6.11677e-04 -6.117e-04  0.000e+00  0.000e+00 -6.117e-04  0.000e+00  0.000e+00  0.000e+00  0.000e+00  0.000e+00
  19075 -1.10518e-04 -1.105e-04  0.000e+00  0.000e+00 -1.105e-04  0.000e+00  0.000e+00  0.000e+00  0.000e+00  0.000e+00
  19100 -1.02619e-04 -1.026e-04  0.000e+00  0.000e+00 -1.026e-04  0.000e+00  0.000e+00  0.000e+00  0.000e+00  0.000e+00
  19125 -1.60931e-03 -1.609e-03  0.000e+00  0.000e+00 -1.609e-03  0.000e+00  0.000e+00  0.000e+00  0.000e+00  0.000e+00
  19150 -2.30087e-04 -2.301e-04  0.000e+00  0.000e+00 -2.301e-04  0.000e+00  0.000e+00  0.000e+00  0.000e+00  0.000e+00
  19175 -9.38214e-03 -9.382e-03  0.000e+00  0.000e+00 -9.382e-03  0.000e+00  0.000e+00  0.000e+00  0.000e+00  0.000e+00
  19200 -4.54393e-04 -4.544e-04  0.000e+00  0.000e+00 -4.544e-04  0.000e+00  0.000e+00  0.000e+00  0.000e+00  0.000e+00
  19225 -2.47471e-04 -2.475e-04  0.000e+00  0.000e+00 -2.475e-04  0.000e+00  0.000e+00  0.000e+00  0.000e+00  0.000e+00
  19250 -2.68703e-04 -2.687e-04  0.000e+00  0.000e+00 -2.687e-04  0.000e+00  0.000e+00  0.000e+00  0.000e+00  0.000e+00
  19275 -2.16831e-03 -2.168e-03  0.000e+00  0.000e+00 -2.168e-03  0.000e+00  0.000e+00  0.000e+00  0.000e+00  0.000e+00
  19300 -3.39245e-02 -3.392e-02  0.000e+00  0.000e+00 -3.392e-02  0.000e+00  0.000e+00  0.000e+00  0.000e+00  0.000e+00
  19325 -3.85328e-04 -3.853e-04  0.000e+00  0.000e+00 -3.853e-04  0.000e+00  0.000e+00  0.000e+00  0.000e+00  0.000e+00
  19350 -2.87022e-04 -2.870e-04  0.000e+00  0.000e+00 -2.870e-04  0.000e+00  0.000e+00  0.000e+00  0.000e+00  0.000e+00
  19375 -9.59817e-04 -9.598e-04  0.000e+00  0.000e+00 -9.598e-04  0.000e+00  0.000e+00  0.000e+00  0.000e+00  0.000e+00
  19400 -2.55612e-04 -2.556e-04  0.000e+00  0.000e+00 -2.556e-04  0.000e+00  0.000e+00  0.000e+00  0.000e+00  0.000e+00
  19425 -1.72903e-04 -1.729e-04  0.000e+00  0.000e+00 -1.729e-04  0.000e+00  0.000e+00  0.000e+00  0.000e+00  0.000e+00
  19450 -1.31859e-04 -1.319e-04  0.000e+00  0.000e+00 -1.319e-04  0.000e+00  0.000e+00  0.000e+00  0.000e+00  0.000e+00
  19475 -8.56178e-04 -8.562e-04  0.000e+00  0.000e+00 -8.562e-04  0.000e+00  0.000e+00  0.000e+00  0.000e+00  0.000e+00
  19500 -1.02371e-02 -1.024e-02  0.000e+00  0.000e+00 -1.024e-02  0.000e+00  0.000e+00  0.000e+00  0.000e+00  0.000e+00
  19525 -1.74524e-03 -1.745e-03  0.000e+00  0.000e+00 -1.745e-03  0.000e+00  0.000e+00  0.000e+00  0.000e+00  0.000e+00
  19550 -9.39767e-02 -9.398e-02  0.000e+00  0.000e+00 -9.398e-02  0.000e+00  0.000e+00  0.000e+00  0.000e+00  0.000e+00
  19575 -6.44673e-03 -6.447e-03  0.000e+00  0.000e+00 -6.447e-03  0.000e+00  0.000e+00  0.000e+00  0.000e+00  0.000e+00
  19600 -3.03008e-03 -3.030e-03  0.000e+00  0.000e+00 -3.030e-03  0.000e+00  0.000e+00  0.000e+00  0.000e+00  0.000e+00
  19625 -9.25414e-02 -9.254e-02  0.000e+00  0.000e+00 -9.254e-02  0.000e+00  0.000e+00  0.000e+00  0.000e+00  0.000e+00
  19650 -8.18142e-05 -8.181e-05  0.000e+00  0.000e+00 -8.181e-05  0.000e+00  0.000e+00  0.000e+00  0.000e+00  0.000e+00
  19675 -1.29898e-04 -1.299e-04  0.000e+00  0.000e+00 -1.299e-04  0.000e+00  0.000e+00  0.000e+00  0.000e+00  0.000e+00
  19700 -1.23619e-04 -1.236e-04  0.000e+00  0.000e+00 -1.236e-04  0.000e+00  0.000e+00  0.000e+00  0.000e+00  0.000e+00
  19725 -1.90558e-04 -1.906e-04  0.000e+00  0.000e+00 -1.906e-04  0.000e+00  0.000e+00  0.000e+00  0.000e+00  0.000e+00
  19750 -1.35174e-04 -1.352e-04  0.000e+00  0.000e+00 -1.352e-04  0.000e+00  0.000e+00  0.000e+00  0.000e+00  0.000e+00
  19775 -7.17181e-05 -7.172e-05  0.000e+00  0.000e+00 -7.172e-05  0.000e+00  0.000e+00  0.000e+00  0.000e+00  0.000e+00
  19800 -3.92544e-02 -3.925e-02  0.000e+00  0.000e+00 -3.925e-02  0.000e+00  0.000e+00  0.000e+00  0.000e+00  0.000e+00
  19825 -1.03598e-03 -1.036e-03  0.000e+00  0.000e+00 -1.036e-03  0.000e+00  0.000e+00  0.000e+00  0.000e+00  0.000e+00
  19850 -4.39994e-04 -4.400e-04  0.000e+00  0.000e+00 -4.400e-04  0.000e+00  0.000e+00  0.000e+00  0.000e+00  0.000e+00
  19875 -6.44306e-04 -6.443e-04  0.000e+00  0.000e+00 -6.443e-04  0.000e+00  0.000e+00  0.000e+00  0.000e+00  0.000e+00
  19900 -5.33702e-05 -5.337e-05  0.000e+00  0.000e+00 -5.337e-05  0.000e+00  0.000e+00  0.000e+00  0.000e+00  0.000e+00
  19925  2.76586e-01 -5.722e-03  0.000e+00  2.823e-01 -5.722e-03  0.000e+00  0.000e+00  0.000e+00  0.000e+00  0.000e+00
  19950 -5.08875e-04 -5.089e-04  0.000e+00  0.000e+00 -5.089e-04  0.000e+00  0.000e+00  0.000e+00  0.000e+00  0.000e+00
  19975  1.42044e-03 -2.902e-04  0.000e+00  1.711e-03 -2.902e-04  0.000e+00  0.000e+00  0.000e+00  0.000e+00  0.000e+00
  20000 -7.36113e-02 -7.361e-02  0.000e+00  0.000e+00 -7.361e-02  0.000e+00  0.000e+00  0.000e+00  0.000e+00  0.000e+00
