#
# INPUTFILE /home/tmpchem/coding/compchem/input/mc/hf.mc
#
# -- INPUT DATA --
#
# MOLFILE /home/tmpchem/coding/compchem/geom/prm/hf.prm
# ENERGYOUT /home/tmpchem/coding/compchem/data/mc/hf.dat
# GEOMOUT /home/tmpchem/coding/compchem/data/mc/hf.xyz
# RANDOMSEED 1783360365
# TEMPERATURE 5.000000 K
# BOUNDARY 17.260000 A
# BOUNDARYSPRING 250.000000 kcal/(mol*A^2)
# BOUNDARYTYPE sphere
# STATUSTIME 1.000000 s
# ENERGYCONF 1
# GEOMCONF 1
# TOTALCONF 100
#
# -- ENERGY DATA --
#
# energy terms [kcal/mol] vs. configuration
#  conf        e_pot  e_nonbond   e_bonded e_boundary      e_vdw     e_elst     e_bond    e_angle     e_tors      e_oop
      0  4.64250e+00  0.000e+00  4.642e+00  0.000e+00  0.000e+00  0.000e+00  4.642e+00  0.000e+00  0.000e+00  0.000e+00
      1  1.45263e-01  0.000e+00  1.453e-01  0.000e+00  0.000e+00  0.000e+00  1.453e-01  0.000e+00  0.000e+00  0.000e+00
      2  4.67387e-02  0.000e+00  4.674e-02  0.000e+00  0.000e+00  0.000e+00  4.674e-02  0.000e+00  0.000e+00  0.000e+00
      3  5.31257e-03  0.000e+00  5.313e-03  0.000e+00  0.000e+00  0.000e+00  5.313e-03  0.000e+00  0.000e+00  0.000e+00
      4  4.25967e-03  0.000e+00  4.260e-03  0.000e+00  0.000e+00  0.000e+00  4.260e-03  0.000e+00  0.000e+00  0.000e+00
      5  7.91362e-03  0.000e+00  7.914e-03  0.000e+00  0.000e+00  0.000e+00  7.914e-03  0.000e+00  0.000e+00  0.000e+00
      6  4.41691e-03  0.000e+00  4.417e-03  0.000e+00  0.000e+00  0.000e+00  4.417e-03  0.000e+00  0.000e+00  0.000e+00
      7  3.25527e-05  0.000e+00  3.255e-05  0.000e+00  0.000e+00  0.000e+00  3.255e-05  0.000e+00  0.000e+00  0.000e+00
      8  5.10421e-08  0.000e+00  5.104e-08  0.000e+00  0.000e+00  0.000e+00  5.104e-08  0.000e+00  0.000e+00  0.000e+00
      9  1.87680e-05  0.000e+00  1.877e-05  0.000e+00  0.000e+00  0.000e+00  1.877e-05  0.000e+00  0.000e+00  0.000e+00
     10  5.33321e-05  0.000e+00  5.333e-05  0.000e+00  0.000e+00  0.000e+00  5.333e-05  0.000e+00  0.000e+00  0.000e+00
     11  2.09361e-02  0.000e+00  2.094e-02  0.000e+00  0.000e+00  0.000e+00  2.094e-02  0.000e+00  0.000e+00  0.000e+00
     12  8.26693e-03  0.000e+00  8.267e-03  0.000e+00  0.000e+00  0.000e+00  8.267e-03  0.000e+00  0.000e+00  0.000e+00
     13  1.72877e-03  0.000e+00  1.729e-03  0.000e+00  0.000e+00  0.000e+00  1.729e-03  0.000e+00  0.000e+00  0.000e+00
     14  1.19814e-02  0.000e+00  1.198e-02  0.000e+00  0.000e+00  0.000e+00  1.198e-02  0.000e+00  0.000e+00  0.000e+00
     15  2.77087e-02  0.000e+00  2.771e-02  0.000e+00  0.000e+00  0.000e+00  2.771e-02  0.000e+00  0.000e+00  0.000e+00
     16  2.68747e-02  0.000e+00  2.687e-02  0.000e+00  0.000e+00  0.000e+00  2.687e-02  0.000e+00  0.000e+00  0.000e+00
     17  1.16932e-02  0.000e+00  1.169e-02  0.000e+00  0.000e+00  0.000e+00  1.169e-02  0.000e+00  0.000e+00  0.000e+00
     18  4.59238e-04  0.000e+00  4.592e-04  0.000e+00  0.000e+00  0.000e+00  4.592e-04  0.000e+00  0.000e+00  0.000e+00
     19  1.88528e-04  0.000e+00  1.885e-04  0.000e+00  0.000e+00  0.000e+00  1.885e-04  0.000e+00  0.000e+00  0.000e+00
     20  1.21246e-03  0.000e+00  1.212e-03  0.000e+00  0.000e+00  0.000e+00  1.212e-03  0.000e+00  0.000e+00  0.000e+00
     21  1.86003e-03  0.000e+00  1.860e-03  0.000e+00  0.000e+00  0.000e+00  1.860e-03  0.000e+00  0.000e+00  0.000e+00
     22  6.43115e-03  0.000e+00  6.431e-03  0.000e+00  0.000e+00  0.000e+00  6.431e-03  0.000e+00  0.000e+00  0.000e+00
     23  9.71156e-03  0.000e+00  9.712e-03  0.000e+00  0.000e+00  0.000e+00  9.712e-03  0.000e+00  0.000e+00  0.000e+00
     24  2.52911e-02  0.000e+00  2.529e-02  0.000e+00  0.000e+00  0.000e+00  2.529e-02  0.000e+00  0.000e+00  0.000e+00
     25  2.55161e-04  0.000e+00  2.552e-04  0.000e+00  0.000e+00  0.000e+00  2.552e-04  0.000e+00  0.000e+00  0.000e+00
     26  5.47918e-05  0.000e+00  5.479e-05  0.000e+00  0.000e+00  0.000e+00  5.479e-05  0.000e+00  0.000e+00  0.000e+00
     27  1.35610e-02  0.000e+00  1.356e-02  0.000e+00  0.000e+00  0.000e+00  1.356e-02  0.000e+00  0.000e+00  0.000e+00
     28  1.45741e-02  0.000e+00  1.457e-02  0.000e+00  0.000e+00  0.000e+00  1.457e-02  0.000e+00  0.000e+00  0.000e+00
     29  1.68247e-02  0.000e+00  1.682e-02  0.000e+00  0.000e+00  0.000e+00  1.682e-02  0.000e+00  0.000e+00  0.000e+00
     30  1.71755e-02  0.000e+00  1.718e-02  0.000e+00  0.000e+00  0.000e+00  1.718e-02  0.000e+00  0.000e+00  0.000e+00
     31  5.27266e-04  0.000e+00  5.273e-04  0.000e+00  0.000e+00  0.000e+00  5.273e-04  0.000e+00  0.000e+00  0.000e+00
     32  6.86288e-04  0.000e+00  6.863e-04  0.000e+00  0.000e+00  0.000e+00  6.863e-04  0.000e+00  0.000e+00  0.000e+00
     33  1.46988e-04  0.000e+00  1.470e-04  0.000e+00  0.000e+00  0.000e+00  1.470e-04  0.000e+00  0.000e+00  0.000e+00
     34  1.49538e-03  0.000e+00  1.495e-03  0.000e+00  0.000e+00  0.000e+00  1.495e-03  0.000e+00  0.000e+00  0.000e+00
     35  1.47175e-03  0.000e+00  1.472e-03  0.000e+00  0.000e+00  0.000e+00  1.472e-03  0.000e+00  0.000e+00  0.000e+00
     36  7.16333e-11  0.000e+00  7.163e-11  0.000e+00  0.000e+00  0.000e+00  7.163e-11  0.000e+00  0.000e+00  0.000e+00
     37  2.80729e-03  0.000e+00  2.807e-03  0.000e+00  0.000e+00  0.000e+00  2.807e-03  0.000e+00  0.000e+00  0.000e+00
     38  3.86356e-03  0.000e+00  3.864e-03  0.000e+00  0.000e+00  0.000e+00  3.864e-03  0.000e+00  0.000e+00  0.000e+00
     39  5.82503e-03  0.000e+00  5.825e-03  0.000e+00  0.000e+00  0.000e+00  5.825e-03  0.000e+00  0.000e+00  0.000e+00
     40  1.37902e-03  0.000e+00  1.379e-03  0.000e+00  0.000e+00  0.000e+00  1.379e-03  0.000e+00  0.000e+00  0.000e+00
     41  4.74413e-04  0.000e+00  4.744e-04  0.000e+00  0.000e+00  0.000e+00  4.744e-04  0.000e+00  0.000e+00  0.000e+00
     42  3.67880e-03  0.000e+00  3.679e-03  0.000e+00  0.000e+00  0.000e+00  3.679e-03  0.000e+00  0.000e+00  0.000e+00
     43  4.14725e-04  0.000e+00  4.147e-04  0.000e+00  0.000e+00  0.000e+00  4.147e-04  0.000e+00  0.000e+00  0.000e+00
     44  2.51740e-03  0.000e+00  2.517e-03  0.000e+00  0.000e+00  0.000e+00  2.517e-03  0.000e+00  0.000e+00  0.000e+00
     45  1.01403e-02  0.000e+00  1.014e-02  0.000e+00  0.000e+00  0.000e+00  1.014e-02  0.000e+00  0.000e+00  0.000e+00
     46  1.22106e-03  0.000e+00  1.221e-03  0.000e+00  0.000e+00  0.000e+00  1.221e-03  0.000e+00  0.000e+00  0.000e+00
     47  8.23861e-04  0.000e+00  8.239e-04  0.000e+00  0.000e+00  0.000e+00  8.239e-04  0.000e+00  0.000e+00  0.000e+00
     48  1.96195e-03  0.000e+00  1.962e-03  0.000e+00  0.000e+00  0.000e+00  1.962e-03  0.000e+00  0.000e+00  0.000e+00
     49  1.22554e-02  0.000e+00  1.226e-02  0.000e+00  0.000e+00  0.000e+00  1.226e-02  0.000e+00  0.000e+00  0.000e+00
     50  1.43035e-03  0.000e+00  1.430e-03  0.000e+00  0.000e+00  0.000e+00  1.430e-03  0.000e+00  0.000e+00  0.000e+00
     51  1.87099e-02  0.000e+00  1.871e-02  0.000e+00  0.000e+00  0.000e+00  1.871e-02  0.000e+00  0.000e+00  0.000e+00
     52  1.44585e-02  0.000e+00  1.446e-02  0.000e+00  0.000e+00  0.000e+00  1.446e-02  0.000e+00  0.000e+00  0.000e+00
     53  6.65298e-03  0.000e+00  6.653e-03  0.000e+00  0.000e+00  0.000e+00  6.653e-03  0.000e+00  0.000e+00  0.000e+00
     54  5.90156e-03  0.000e+00  5.902e-03  0.000e+00  0.000e+00  0.000e+00  5.902e-03  0.000e+00  0.000e+00  0.000e+00
     55  2.19593e-03  0.000e+00  2.196e-03  0.000e+00  0.000e+00  0.000e+00  2.196e-03  0.000e+00  0.000e+00  0.000e+00
     56  1.25720e-02  0.000e+00  1.257e-02  0.000e+00  0.000e+00  0.000e+00  1.257e-02  0.000e+00  0.000e+00  0.000e+00
     57  2.99715e-03  0.000e+00  2.997e-03  0.000e+00  0.000e+00  0.000e+00  2.997e-03  0.000e+00  0.000e+00  0.000e+00
     58  6.31999e-03  0.000e+00  6.320e-03  0.000e+00  0.000e+00  0.000e+00  6.320e-03  0.000e+00  0.000e+00  0.000e+00
     59  1.78676e-03  0.000e+00  1.787e-03  0.000e+00  0.000e+00  0.000e+00  1.787e-03  0.000e+00  0.000e+00  0.000e+00
     60  1.33247e-05  0.000e+00  1.332e-05  0.000e+00  0.000e+00  0.000e+00  1.332e-05  0.000e+00  0.000e+00  0.000e+00
     61  3.61954e-03  0.000e+00  3.620e-03  0.000e+00  0.000e+00  0.000e+00  3.620e-03  0.000e+00  0.000e+00  0.000e+00
     62  1.66972e-03  0.000e+00  1.670e-03  0.000e+00  0.000e+00  0.000e+00  1.670e-03  0.000e+00  0.000e+00  0.000e+00
     63  2.43636e-04  0.000e+00  2.436e-04  0.000e+00  0.000e+00  0.000e+00  2.436e-04  0.000e+00  0.000e+00  0.000e+00
     64  1.16804e-02  0.000e+00  1.168e-02  0.000e+00  0.000e+00  0.000e+00  1.168e-02  0.000e+00  0.000e+00  0.000e+00
     65  1.48626e-03  0.000e+00  1.486e-03  0.000e+00  0.000e+00  0.000e+00  1.486e-03  0.000e+00  0.000e+00  0.000e+00
     66  1.32329e-04  0.000e+00  1.323e-04  0.000e+00  0.000e+00  0.000e+00  1.323e-04  0.000e+00  0.000e+00  0.000e+00
     67  1.25054e-03  0.000e+00  1.251e-03  0.000e+00  0.000e+00  0.000e+00  1.251e-03  0.000e+00  0.000e+00  0.000e+00
     68  6.06641e-03  0.000e+00  6.066e-03  0.000e+00  0.000e+00  0.000e+00  6.066e-03  0.000e+00  0.000e+00  0.000e+00
     69  4.20094e-02  0.000e+00  4.201e-02  0.000e+00  0.000e+00  0.000e+00  4.201e-02  0.000e+00  0.000e+00  0.000e+00
     70  3.88127e-02  0.000e+00  3.881e-02  0.000e+00  0.000e+00  0.000e+00  3.881e-02  0.000e+00  0.000e+00  0.000e+00
     71  2.91740e-02  0.000e+00  2.917e-02  0.000e+00  0.000e+00  0.000e+00  2.917e-02  0.000e+00  0.000e+00  0.000e+00
     72  2.83268e-02  0.000e+00  2.833e-02  0.000e+00  0.000e+00  0.000e+00  2.833e-02  0.000e+00  0.000e+00  0.000e+00
     73  4.56944e-02  0.000e+00  4.569e-02  0.000e+00  0.000e+00  0.000e+00  4.569e-02  0.000e+00  0.000e+00  0.000e+00
     74  2.04840e-03  0.000e+00  2.048e-03  0.000e+00  0.000e+00  0.000e+00  2.048e-03  0.000e+00  0.000e+00  0.000e+00
     75  2.42899e-06  0.000e+00  2.429e-06  0.000e+00  0.000e+00  0.000e+00  2.429e-06  0.000e+00  0.000e+00  0.000e+00
     76  9.27505e-05  0.000e+00  9.275e-05  0.000e+00  0.000e+00  0.000e+00  9.275e-05  0.000e+00  0.000e+00  0.000e+00
     77  2.11128e-03  0.000e+00  2.111e-03  0.000e+00  0.000e+00  0.000e+00  2.111e-03  0.000e+00  0.000e+00  0.000e+00
     78  4.39472e-04  0.000e+00  4.395e-04  0.000e+00  0.000e+00  0.000e+00  4.395e-04  0.000e+00  0.000e+00  0.000e+00
     79  6.24807e-04  0.000e+00  6.248e-04  0.000e+00  0.000e+00  0.000e+00  6.248e-04  0.000e+00  0.000e+00  0.000e+00
     80  1.06628e-03  0.000e+00  1.066e-03  0.000e+00  0.000e+00  0.000e+00  1.066e-03  0.000e+00  0.000e+00  0.000e+00
     81  1.05404e-03  0.000e+00  1.054e-03  0.000e+00  0.000e+00  0.000e+00  1.054e-03  0.000e+00  0.000e+00  0.000e+00
     82  3.55219e-05  0.000e+00  3.552e-05  0.000e+00  0.000e+00  0.000e+00  3.552e-05  0.000e+00  0.000e+00  0.000e+00
     83  2.20650e-02  0.000e+00  2.207e-02  0.000e+00  0.000e+00  0.000e+00  2.207e-02  0.000e+00  0.000e+00  0.000e+00
     84  9.50390e-03  0.000e+00  9.504e-03  0.000e+00  0.000e+00  0.000e+00  9.504e-03  0.000e+00  0.000e+00  0.000e+00
     85  1.36873e-02  0.000e+00  1.369e-02  0.000e+00  0.000e+00  0.000e+00  1.369e-02  0.000e+00  0.000e+00  0.000e+00
     86  2.76540e-05  0.000e+00  2.765e-05  0.000e+00  0.000e+00  0.000e+00  2.765e-05  0.000e+00  0.000e+00  0.000e+00
     87  1.11209e-04  0.000e+00  1.112e-04  0.000e+00  0.000e+00  0.000e+00  1.112e-04  0.000e+00  0.000e+00  0.000e+00
     88  9.97271e-03  0.000e+00  9.973e-03  0.000e+00  0.000e+00  0.000e+00  9.973e-03  0.000e+00  0.000e+00  0.000e+00
     89  9.83530e-03  0.000e+00  9.835e-03  0.000e+00  0.000e+00  0.000e+00  9.835e-03  0.000e+00  0.000e+00  0.000e+00
     90  1.65936e-04  0.000e+00  1.659e-04  0.000e+00  0.000e+00  0.000e+00  1.659e-04  0.000e+00  0.000e+00  0.000e+00
     91  1.42074e-04  0.000e+00  1.421e-04  0.000e+00  0.000e+00  0.000e+00  1.421e-04  0.000e+00  0.000e+00  0.000e+00
     92  1.06650e-04  0.000e+00  1.067e-04  0.000e+00  0.000e+00  0.000e+00  1.067e-04  0.000e+00  0.000e+00  0.000e+00
     93  5.55113e-04  0.000e+00  5.551e-04  0.000e+00  0.000e+00  0.000e+00  5.551e-04  0.000e+00  0.000e+00  0.000e+00
     94  8.40078e-04  0.000e+00  8.401e-04  0.000e+00  0.000e+00  0.000e+00  8.401e-04  0.000e+00  0.000e+00  0.000e+00
     95  9.38233e-03  0.000e+00  9.382e-03  0.000e+00  0.000e+00  0.000e+00  9.382e-03  0.000e+00  0.000e+00  0.000e+00
     96  6.68841e-04  0.000e+00  6.688e-04  0.000e+00  0.000e+00  0.000e+00  6.688e-04  0.000e+00  0.000e+00  0.000e+00
     97  8.61348e-03  0.000e+00  8.613e-03  0.000e+00  0.000e+00  0.000e+00  8.613e-03  0.000e+00  0.000e+00  0.000e+00
     98  1.63237e-02  0.000e+00  1.632e-02  0.000e+00  0.000e+00  0.000e+00  1.632e-02  0.000e+00  0.000e+00  0.000e+00
     99  1.12601e-02  0.000e+00  1.126e-02  0.000e+00  0.000e+00  0.000e+00  1.126e-02  0.000e+00  0.000e+00  0.000e+00
    100  1.12601e-02  0.000e+00  1.126e-02  0.000e+00  0.000e+00  0.000e+00  1.126e-02  0.000e+00  0.000e+00  0.000e+00
