#
# INPUTFILE /home/tmpchem/coding/compchem/input/mc/lif.mc
#
# -- INPUT DATA --
#
# MOLFILE /home/tmpchem/coding/compchem/geom/prm/lif.prm
# ENERGYOUT /home/tmpchem/coding/compchem/data/mc/lif.dat
# GEOMOUT /home/tmpchem/coding/compchem/data/mc/lif.xyz
# RANDOMSEED 1589347151
# TEMPERATURE 0.000000 K
# BOUNDARY 22.000000 A
# BOUNDARYSPRING 250.000000 kcal/(mol*A^2)
# BOUNDARYTYPE cube
# STATUSTIME 1.000000 s
# ENERGYCONF 2
# GEOMCONF 1
# TOTALCONF 1000
#
# -- ENERGY DATA --
#
# energy terms [kcal/mol] vs. configuration
#  conf        e_pot  e_nonbond   e_bonded e_boundary      e_vdw     e_elst     e_bond    e_angle     e_tors      e_oop
      0 -8.30247e+01 -8.302e+01  0.000e+00  0.000e+00 -8.778e-03 -8.302e+01  0.000e+00  0.000e+00  0.000e+00  0.000e+00
      2 -9.05202e+01 -9.052e+01  0.000e+00  0.000e+00 -1.398e-02 -9.051e+01  0.000e+00  0.000e+00  0.000e+00  0.000e+00
      4 -9.65104e+01 -9.651e+01  0.000e+00  0.000e+00 -1.923e-02 -9.649e+01  0.000e+00  0.000e+00  0.000e+00  0.000e+00
      6 -9.81709e+01 -9.817e+01  0.000e+00  0.000e+00 -2.082e-02 -9.815e+01  0.000e+00  0.000e+00  0.000e+00  0.000e+00
      8 -1.09467e+02 -1.095e+02  0.000e+00  0.000e+00 -3.118e-02 -1.094e+02  0.000e+00  0.000e+00  0.000e+00  0.000e+00
     10 -1.15515e+02 -1.155e+02  0.000e+00  0.000e+00 -3.339e-02 -1.155e+02  0.000e+00  0.000e+00  0.000e+00  0.000e+00
     12 -1.24351e+02 -1.244e+02  0.000e+00  0.000e+00 -2.158e-02 -1.243e+02  0.000e+00  0.000e+00  0.000e+00  0.000e+00
     14 -1.38122e+02 -1.381e+02  0.000e+00  0.000e+00  1.018e-01 -1.382e+02  0.000e+00  0.000e+00  0.000e+00  0.000e+00
     16 -1.51099e+02 -1.511e+02  0.000e+00  0.000e+00  5.722e-01 -1.517e+02  0.000e+00  0.000e+00  0.000e+00  0.000e+00
     18 -1.65443e+02 -1.654e+02  0.000e+00  0.000e+00  2.487e+00 -1.679e+02  0.000e+00  0.000e+00  0.000e+00  0.000e+00
     20 -1.77084e+02 -1.771e+02  0.000e+00  0.000e+00  1.076e+01 -1.878e+02  0.000e+00  0.000e+00  0.000e+00  0.000e+00
     22 -1.77843e+02 -1.778e+02  0.000e+00  0.000e+00  1.575e+01 -1.936e+02  0.000e+00  0.000e+00  0.000e+00  0.000e+00
     24 -1.77848e+02 -1.778e+02  0.000e+00  0.000e+00  1.542e+01 -1.933e+02  0.000e+00  0.000e+00  0.000e+00  0.000e+00
     26 -1.77848e+02 -1.778e+02  0.000e+00  0.000e+00  1.534e+01 -1.932e+02  0.000e+00  0.000e+00  0.000e+00  0.000e+00
     28 -1.77848e+02 -1.778e+02  0.000e+00  0.000e+00  1.535e+01 -1.932e+02  0.000e+00  0.000e+00  0.000e+00  0.000e+00
     30 -1.77848e+02 -1.778e+02  0.000e+00  0.000e+00  1.535e+01 -1.932e+02  0.000e+00  0.000e+00  0.000e+00  0.000e+00
     32 -1.77848e+02 -1.778e+02  0.000e+00  0.000e+00  1.535e+01 -1.932e+02  0.000e+00  0.000e+00  0.000e+00  0.000e+00
     34 -1.77848e+02 -1.778e+02  0.000e+00  0.000e+00  1.535e+01 -1.932e+02  0.000e+00  0.000e+00  0.000e+00  0.000e+00
     36 -1.77848e+02 -1.778e+02  0.000e+00  0.000e+00  1.535e+01 -1.932e+02  0.000e+00  0.000e+00  0.000e+00  0.000e+00
     38 -1.77848e+02 -1.778e+02  0.000e+00  0.000e+00  1.535e+01 -1.932e+02  0.000e+00  0.000e+00  0.000e+00  0.000e+00
     40 -1.77848e+02 -1.778e+02  0.000e+00  0.000e+00  1.535e+01 -1.932e+02  0.000e+00  0.000e+00  0.000e+00  0.000e+00
     42 -1.77848e+02 -1.778e+02  0.000e+00  0.000e+00  1.535e+01 -1.932e+02  0.000e+00  0.000e+00  0.000e+00  0.000e+00
     44 -1.77848e+02 -1.778e+02  0.000e+00  0.000e+00  1.535e+01 -1.932e+02  0.000e+00  0.000e+00  0.000e+00  0.000e+00
     46 -1.77848e+02 -1.778e+02  0.000e+00  0.000e+00  1.535e+01 -1.932e+02  0.000e+00  0.000e+00  0.000e+00  0.000e+00
     48 -1.77848e+02 -1.778e+02  0.000e+00  0.000e+00  1.535e+01 -1.932e+02  0.000e+00  0.000e+00  0.000e+00  0.000e+00
     50 -1.77848e+02 -1.778e+02  0.000e+00  0.000e+00  1.535e+01 -1.932e+02  0.000e+00  0.000e+00  0.000e+00  0.000e+00
     52 -1.77848e+02 -1.778e+02  0.000e+00  0.000e+00  1.535e+01 -1.932e+02  0.000e+00  0.000e+00  0.000e+00  0.000e+00
     54 -1.77848e+02 -1.778e+02  0.000e+00  0.000e+00  1.535e+01 -1.932e+02  0.000e+00  0.000e+00  0.000e+00  0.000e+00
     56 -1.77848e+02 -1.778e+02  0.000e+00  0.000e+00  1.535e+01 -1.932e+02  0.000e+00  0.000e+00  0.000e+00  0.000e+00
     58 -1.77848e+02 -1.778e+02  0.000e+00  0.000e+00  1.535e+01 -1.932e+02  0.000e+00  0.000e+00  0.000e+00  0.000e+00
     60 -1.77848e+02 -1.778e+02  0.000e+00  0.000e+00  1.535e+01 -1.932e+02  0.000e+00  0.000e+00  0.000e+00  0.000e+00
     62 -1.77848e+02 -1.778e+02  0.000e+00  0.000e+00  1.535e+01 -1.932e+02  0.000e+00  0.000e+00  0.000e+00  0.000e+00
     64 -1.77848e+02 -1.778e+02  0.000e+00  0.000e+00  1.535e+01 -1.932e+02  0.000e+00  0.000e+00  0.000e+00  0.000e+00
     66 -1.77848e+02 -1.778e+02  0.000e+00  0.000e+00  1.535e+01 -1.932e+02  0.000e+00  0.000e+00  0.000e+00  0.000e+00
     68 -1.77848e+02 -1.778e+02  0.000e+00  0.000e+00  1.535e+01 -1.932e+02  0.000e+00  0.000e+00  0.000e+00  0.000e+00
     70 -1.77848e+02 -1.778e+02  0.000e+00  0.000e+00  1.535e+01 -1.932e+02  0.000e+00  0.000e+00  0.000e+00  0.000e+00
     72 -1.77848e+02 -1.778e+02  0.000e+00  0.000e+00  1.535e+01 -1.932e+02  0.000e+00  0.000e+00  0.000e+00  0.000e+00
     74 -1.77848e+02 -1.778e+02  0.000e+00  0.000e+00  1.535e+01 -1.932e+02  0.000e+00  0.000e+00  0.000e+00  0.000e+00
     76 -1.77848e+02 -1.778e+02  0.000e+00  0.000e+00  1.535e+01 -1.932e+02  0.000e+00  0.000e+00  0.000e+00  0.000e+00
     78 -1.77848e+02 -1.778e+02  0.000e+00  0.000e+00  1.535e+01 -1.932e+02  0.000e+00  0.000e+00  0.000e+00  0.000e+00
     80 -1.77848e+02 -1.778e+02  0.000e+00  0.000e+00  1.535e+01 -1.932e+02  0.000e+00  0.000e+00  0.000e+00  0.000e+00
     82 -1.77848e+02 -1.778e+02  0.000e+00  0.000e+00  1.535e+01 -1.932e+02  0.000e+00  0.000e+00  0.000e+00  0.000e+00
     84 -1.77848e+02 -1.778e+02  0.000e+00  0.000e+00  1.535e+01 -1.932e+02  0.000e+00  0.000e+00  0.000e+00  0.000e+00
     86 -1.77848e+02 -1.778e+02  0.000e+00  0.000e+00  1.535e+01 -1.932e+02  0.000e+00  0.000e+00  0.000e+00  0.000e+00
     88 -1.77848e+02 -1.778e+02  0.000e+00  0.000e+00  1.535e+01 -1.932e+02  0.000e+00  0.000e+00  0.000e+00  0.000e+00
     90 -1.77848e+02 -1.778e+02  0.000e+00  0.000e+00  1.535e+01 -1.932e+02  0.000e+00  0.000e+00  0.000e+00  0.000e+00
     92 -1.77848e+02 -1.778e+02  0.000e+00  0.000e+00  1.535e+01 -1.932e+02  0.000e+00  0.000e+00  0.000e+00  0.000e+00
     94 -1.77848e+02 -1.778e+02  0.000e+00  0.000e+00  1.535e+01 -1.932e+02  0.000e+00  0.000e+00  0.000e+00  0.000e+00
     96 -1.77848e+02 -1.778e+02  0.000e+00  0.000e+00  1.535e+01 -1.932e+02  0.000e+00  0.000e+00  0.000e+00  0.000e+00
     98 -1.77848e+02 -1.778e+02  0.000e+00  0.000e+00  1.535e+01 -1.932e+02  0.000e+00  0.000e+00  0.000e+00  0.000e+00
    100 -1.77848e+02 -1.778e+02  0.000e+00  0.000e+00  1.535e+01 -1.932e+02  0.000e+00  0.000e+00  0.000e+00  0.000e+00
    102 -1.77848e+02 -1.778e+02  0.000e+00  0.000e+00  1.535e+01 -1.932e+02  0.000e+00  0.000e+00  0.000e+00  0.000e+00
    104 -1.77848e+02 -1.778e+02  0.000e+00  0.000e+00  1.535e+01 -1.932e+02  0.000e+00  0.000e+00  0.000e+00  0.000e+00
    106 -1.77848e+02 -1.778e+02  0.000e+00  0.000e+00  1.535e+01 -1.932e+02  0.000e+00  0.000e+00  0.000e+00  0.000e+00
    108 -1.77848e+02 -1.778e+02  0.000e+00  0.000e+00  1.535e+01 -1.932e+02  0.000e+00  0.000e+00  0.000e+00  0.000e+00
    110 -1.77848e+02 -1.778e+02  0.000e+00  0.000e+00  1.535e+01 -1.932e+02  0.000e+00  0.000e+00  0.000e+00  0.000e+00
    112 -1.77848e+02 -1.778e+02  0.000e+00  0.000e+00  1.535e+01 -1.932e+02  0.000e+00  0.000e+00  0.000e+00  0.000e+00
    114 -1.77848e+02 -1.778e+02  0.000e+00  0.000e+00  1.535e+01 -1.932e+02  0.000e+00  0.000e+00  0.000e+00  0.000e+00
    116 -1.77848e+02 -1.778e+02  0.000e+00  0.000e+00  1.535e+01 -1.932e+02  0.000e+00  0.000e+00  0.000e+00  0.000e+00
    118 -1.77848e+02 -1.778e+02  0.000e+00  0.000e+00  1.535e+01 -1.932e+02  0.000e+00  0.000e+00  0.000e+00  0.000e+00
    120 -1.77848e+02 -1.778e+02  0.000e+00  0.000e+00  1.535e+01 -1.932e+02  0.000e+00  0.000e+00  0.000e+00  0.000e+00
    122 -1.77848e+02 -1.778e+02  0.000e+00  0.000e+00  1.535e+01 -1.932e+02  0.000e+00  0.000e+00  0.000e+00  0.000e+00
    124 -1.77848e+02 -1.778e+02  0.000e+00  0.000e+00  1.535e+01 -1.932e+02  0.000e+00  0.000e+00  0.000e+00  0.000e+00
    126 -1.77848e+02 -1.778e+02  0.000e+00  0.000e+00  1.535e+01 -1.932e+02  0.000e+00  0.000e+00  0.000e+00  0.000e+00
    128 -1.77848e+02 -1.778e+02  0.000e+00  0.000e+00  1.535e+01 -1.932e+02  0.000e+00  0.000e+00  0.000e+00  0.000e+00
    130 -1.77848e+02 -1.778e+02  0.000e+00  0.000e+00  1.535e+01 -1.932e+02  0.000e+00  0.000e+00  0.000e+00  0.000e+00
    132 -1.77848e+02 -1.778e+02  0.000e+00  0.000e+00  1.535e+01 -1.932e+02  0.000e+00  0.000e+00  0.000e+00  0.000e+00
    134 -1.77848e+02 -1.778e+02  0.000e+00  0.000e+00  1.535e+01 -1.932e+02  0.000e+00  0.000e+00  0.000e+00  0.000e+00
    136 -1.77848e+02 -1.778e+02  0.000e+00  0.000e+00  1.535e+01 -1.932e+02  0.000e+00  0.000e+00  0.000e+00  0.000e+00
    138 -1.77848e+02 -1.778e+02  0.000e+00  0.000e+00  1.535e+01 -1.932e+02  0.000e+00  0.000e+00  0.000e+00  0.000e+00
    140 -1.77848e+02 -1.778e+02  0.000e+00  0.000e+00  1.535e+01 -1.932e+02  0.000e+00  0.000e+00  0.000e+00  0.000e+00
    142 -1.77848e+02 -1.778e+02  0.000e+00  0.000e+00  1.535e+01 -1.932e+02  0.000e+00  0.000e+00  0.000e+00  0.000e+00
    144 -1.77848e+02 -1.778e+02  0.000e+00  0.000e+00  1.535e+01 -1.932e+02  0.000e+00  0.000e+00  0.000e+00  0.000e+00
    146 -1.77848e+02 -1.778e+02  0.000e+00  0.000e+00  1.535e+01 -1.932e+02  0.000e+00  0.000e+00  0.000e+00  0.000e+00
    148 -1.77848e+02 -1.778e+02  0.000e+00  0.000e+00  1.535e+01 -1.932e+02  0.000e+00  0.000e+00  0.000e+00  0.000e+00
    150 -1.77848e+02 -1.778e+02  0.000e+00  0.000e+00  1.535e+01 -1.932e+02  0.000e+00  0.000e+00  0.000e+00  0.000e+00
    152 -1.77848e+02 -1.778e+02  0.000e+00  0.000e+00  1.535e+01 -1.932e+02  0.000e+00  0.000e+00  0.000e+00  0.000e+00
    154 -1.77848e+02 -1.778e+02  0.000e+00  0.000e+00  1.535e+01 -1.932e+02  0.000e+00  0.000e+00  0.000e+00  0.000e+00
    156 -1.77848e+02 -1.778e+02  0.000e+00  0.000e+00  1.535e+01 -1.932e+02  0.000e+00  0.000e+00  0.000e+00  0.000e+00
    158 -1.77848e+02 -1.778e+02  0.000e+00  0.000e+00  1.535e+01 -1.932e+02  0.000e+00  0.000e+00  0.000e+00  0.000e+00
    160 -1.77848e+02 -1.778e+02  0.000e+00  0.000e+00  1.535e+01 -1.932e+02  0.000e+00  0.000e+00  0.000e+00  0.000e+00
    162 -1.77848e+02 -1.778e+02  0.000e+00  0.000e+00  1.535e+01 -1.932e+02  0.000e+00  0.000e+00  0.000e+00  0.000e+00
    164 -1.77848e+02 -1.778e+02  0.000e+00  0.000e+00  1.535e+01 -1.932e+02  0.000e+00  0.000e+00  0.000e+00  0.000e+00
    166 -1.77848e+02 -1.778e+02  0.000e+00  0.000e+00  1.535e+01 -1.932e+02  0.000e+00  0.000e+00  0.000e+00  0.000e+00
    168 -1.77848e+02 -1.778e+02  0.000e+00  0.000e+00  1.535e+01 -1.932e+02  0.000e+00  0.000e+00  0.000e+00  0.000e+00
    170 -1.77848e+02 -1.778e+02  0.000e+00  0.000e+00  1.535e+01 -1.932e+02  0.000e+00  0.000e+00  0.000e+00  0.000e+00
    172 -1.77848e+02 -1.778e+02  0.000e+00  0.000e+00  1.535e+01 -1.932e+02  0.000e+00  0.000e+00  0.000e+00  0.000e+00
    174 -1.77848e+02 -1.778e+02  0.000e+00  0.000e+00  1.535e+01 -1.932e+02  0.000e+00  0.000e+00  0.000e+00  0.000e+00
    176 -1.77848e+02 -1.778e+02  0.000e+00  0.000e+00  1.535e+01 -1.932e+02  0.000e+00  0.000e+00  0.000e+00  0.000e+00
    178 -1.77848e+02 -1.778e+02  0.000e+00  0.000e+00  1.535e+01 -1.932e+02  0.000e+00  0.000e+00  0.000e+00  0.000e+00
    180 -1.77848e+02 -1.778e+02  0.000e+00  0.000e+00  1.535e+01 -1.932e+02  0.000e+00  0.000e+00  0.000e+00  0.000e+00
    182 -1.77848e+02 -1.778e+02  0.000e+00  0.000e+00  1.535e+01 -1.932e+02  0.000e+00  0.000e+00  0.000e+00  0.000e+00
    184 -1.77848e+02 -1.778e+02  0.000e+00  0.000e+00  1.535e+01 -1.932e+02  0.000e+00  0.000e+00  0.000e+00  0.000e+00
    186 -1.77848e+02 -1.778e+02  0.000e+00  0.000e+00  1.535e+01 -1.932e+02  0.000e+00  0.000e+00  0.000e+00  0.000e+00
    188 -1.77848e+02 -1.778e+02  0.000e+00  0.000e+00  1.535e+01 -1.932e+02  0.000e+00  0.000e+00  0.000e+00  0.000e+00
    190 -1.77848e+02 -1.778e+02  0.000e+00  0.000e+00  1.535e+01 -1.932e+02  0.000e+00  0.000e+00  0.000e+00  0.000e+00
    192 -1.77848e+02 -1.778e+02  0.000e+00  0.000e+00  1.535e+01 -1.932e+02  0.000e+00  0.000e+00  0.000e+00  0.000e+00
    194 -1.77848e+02 -1.778e+02  0.000e+00  0.000e+00  1.535e+01 -1.932e+02  0.000e+00  0.000e+00  0.000e+00  0.000e+00
    196 -1.77848e+02 -1.778e+02  0.000e+00  0.000e+00  1.535e+01 -1.932e+02  0.000e+00  0.000e+00  0.000e+00  0.000e+00
    198 -1.77848e+02 -1.778e+02  0.000e+00  0.000e+00  1.535e+01 -1.932e+02  0.000e+00  0.000e+00  0.000e+00  0.000e+00
    200 -1.77848e+02 -1.778e+02  0.000e+00  0.000e+00  1.535e+01 -1.932e+02  0.000e+00  0.000e+00  0.000e+00  0.000e+00
    202 -1.77848e+02 -1.778e+02  0.000e+00  0.000e+00  1.535e+01 -1.932e+02  0.000e+00  0.000e+00  0.000e+00  0.000e+00
    204 -1.77848e+02 -1.778e+02  0.000e+00  0.000e+00  1.535e+01 -1.932e+02  0.000e+00  0.000e+00  0.000e+00  0.000e+00
    206 -1.77848e+02 -1.778e+02  0.000e+00  0.000e+00  1.535e+01 -1.932e+02  0.000e+00  0.000e+00  0.000e+00  0.000e+00
    208 -1.77848e+02 -1.778e+02  0.000e+00  0.000e+00  1.535e+01 -1.932e+02  0.000e+00  0.000e+00  0.000e+00  0.000e+00
    210 -1.77848e+02 -1.778e+02  0.000e+00  0.000e+00  1.535e+01 -1.932e+02  0.000e+00  0.000e+00  0.000e+00  0.000e+00
    212 -1.77848e+02 -1.778e+02  0.000e+00  0.000e+00  1.535e+01 -1.932e+02  0.000e+00  0.000e+00  0.000e+00  0.000e+00
    214 -1.77848e+02 -1.778e+02  0.000e+00  0.000e+00  1.535e+01 -1.932e+02  0.000e+00  0.000e+00  0.000e+00  0.000e+00
    216 -1.77848e+02 -1.778e+02  0.000e+00  0.000e+00  1.535e+01 -1.932e+02  0.000e+00  0.000e+00  0.000e+00  0.000e+00
    218 -1.77848e+02 -1.778e+02  0.000e+00  0.000e+00  1.535e+01 -1.932e+02  0.000e+00  0.000e+00  0.000e+00  0.000e+00
    220 -1.77848e+02 -1.778e+02  0.000e+00  0.000e+00  1.535e+01 -1.932e+02  0.000e+00  0.000e+00  0.000e+00  0.000e+00
    222 -1.77848e+02 -1.778e+02  0.000e+00  0.000e+00  1.535e+01 -1.932e+02  0.000e+00  0.000e+00  0.000e+00  0.000e+00
    224 -1.77848e+02 -1.778e+02  0.000e+00  0.000e+00  1.535e+01 -1.932e+02  0.000e+00  0.000e+00  0.000e+00  0.000e+00
    226 -1.77848e+02 -1.778e+02  0.000e+00  0.000e+00  1.535e+01 -1.932e+02  0.000e+00  0.000e+00  0.000e+00  0.000e+00
    228 -1.77848e+02 -1.778e+02  0.000e+00  0.000e+00  1.535e+01 -1.932e+02  0.000e+00  0.000e+00  0.000e+00  0.000e+00
    230 -1.77848e+02 -1.778e+02  0.000e+00  0.000e+00  1.535e+01 -1.932e+02  0.000e+00  0.000e+00  0.000e+00  0.000e+00
    232 -1.77848e+02 -1.778e+02  0.000e+00  0.000e+00  1.535e+01 -1.932e+02  0.000e+00  0.000e+00  0.000e+00  0.000e+00
    234 -1.77848e+02 -1.778e+02  0.000e+00  0.000e+00  1.535e+01 -1.932e+02  0.000e+00  0.000e+00  0.000e+00  0.000e+00
    236 -1.77848e+02 -1.778e+02  0.000e+00  0.000e+00  1.535e+01 -1.932e+02  0.000e+00  0.000e+00  0.000e+00  0.000e+00
    238 -1.77848e+02 -1.778e+02  0.000e+00  0.000e+00  1.535e+01 -1.932e+02  0.000e+00  0.000e+00  0.000e+00  0.000e+00
    240 -1.77848e+02 -1.778e+02  0.000e+00  0.000e+00  1.535e+01 -1.932e+02  0.000e+00  0.000e+00  0.000e+00  0.000e+00
    242 -1.77848e+02 -1.778e+02  0.000e+00  0.000e+00  1.535e+01 -1.932e+02  0.000e+00  0.000e+00  0.000e+00  0.000e+00
    244 -1.77848e+02 -1.778e+02  0.000e+00  0.000e+00  1.535e+01 -1.932e+02  0.000e+00  0.000e+00  0.000e+00  0.000e+00
    246 -1.77848e+02 -1.778e+02  0.000e+00  0.000e+00  1.535e+01 -1.932e+02  0.000e+00  0.000e+00  0.000e+00  0.000e+00
    248 -1.77848e+02 -1.778e+02  0.000e+00  0.000e+00  1.535e+01 -1.932e+02  0.000e+00  0.000e+00  0.000e+00  0.000e+00
    250 -1.77848e+02 -1.778e+02  0.000e+00  0.000e+00  1.535e+01 -1.932e+02  0.000e+00  0.000e+00  0.000e+00  0.000e+00
    252 -1.77848e+02 -1.778e+02  0.000e+00  0.000e+00  1.535e+01 -1.932e+02  0.000e+00  0.000e+00  0.000e+00  0.000e+00
    254 -1.77848e+02 -1.778e+02  0.000e+00  0.000e+00  1.535e+01 -1.932e+02  0.000e+00  0.000e+00  0.000e+00  0.000e+00
    256 -1.77848e+02 -1.778e+02  0.000e+00  0.000e+00  1.535e+01 -1.932e+02  0.000e+00  0.000e+00  0.000e+00  0.000e+00
    258 -1.77848e+02 -1.778e+02  0.000e+00  0.000e+00  1.535e+01 -1.932e+02  0.000e+00  0.000e+00  0.000e+00  0.000e+00
    260 -1.77848e+02 -1.778e+02  0.000e+00  0.000e+00  1.535e+01 -1.932e+02  0.000e+00  0.000e+00  0.000e+00  0.000e+00
    262 -1.77848e+02 -1.778e+02  0.000e+00  0.000e+00  1.535e+01 -1.932e+02  0.000e+00  0.000e+00  0.000e+00  0.000e+00
    264 -1.77848e+02 -1.778e+02  0.000e+00  0.000e+00  1.535e+01 -1.932e+02  0.000e+00  0.000e+00  0.000e+00  0.000e+00
    266 -1.77848e+02 -1.778e+02  0.000e+00  0.000e+00  1.535e+01 -1.932e+02  0.000e+00  0.000e+00  0.000e+00  0.000e+00
    268 -1.77848e+02 -1.778e+02  0.000e+00  0.000e+00  1.535e+01 -1.932e+02  0.000e+00  0.000e+00  0.000e+00  0.000e+00
    270 -1.77848e+02 -1.778e+02  0.000e+00  0.000e+00  1.535e+01 -1.932e+02  0.000e+00  0.000e+00  0.000e+00  0.000e+00
    272 -1.77848e+02 -1.778e+02  0.000e+00  0.000e+00  1.535e+01 -1.932e+02  0.000e+00  0.000e+00  0.000e+00  0.000e+00
    274 -1.77848e+02 -1.778e+02  0.000e+00  0.000e+00  1.535e+01 -1.932e+02  0.000e+00  0.000e+00  0.000e+00  0.000e+00
    276 -1.77848e+02 -1.778e+02  0.000e+00  0.000e+00  1.535e+01 -1.932e+02  0.000e+00  0.000e+00  0.000e+00  0.000e+00
    278 -1.77848e+02 -1.778e+02  0.000e+00  0.000e+00  1.535e+01 -1.932e+02  0.000e+00  0.000e+00  0.000e+00  0.000e+00
    280 -1.77848e+02 -1.778e+02  0.000e+00  0.000e+00  1.535e+01 -1.932e+02  0.000e+00  0.000e+00  0.000e+00  0.000e+00
    282 -1.77848e+02 -1.778e+02  0.000e+00  0.000e+00  1.535e+01 -1.932e+02  0.000e+00  0.000e+00  0.000e+00  0.000e+00
    284 -1.77848e+02 -1.778e+02  0.000e+00  0.000e+00  1.535e+01 -1.932e+02  0.000e+00  0.000e+00  0.000e+00  0.000e+00
    286 -1.77848e+02 -1.778e+02  0.000e+00  0.000e+00  1.535e+01 -1.932e+02  0.000e+00  0.000e+00  0.000e+00  0.000e+00
    288 -1.77848e+02 -1.778e+02  0.000e+00  0.000e+00  1.535e+01 -1.932e+02  0.000e+00  0.000e+00  0.000e+00  0.000e+00
    290 -1.77848e+02 -1.778e+02  0.000e+00  0.000e+00  1.535e+01 -1.932e+02  0.000e+00  0.000e+00  0.000e+00  0.000e+00
    292 -1.77848e+02 -1.778e+02  0.000e+00  0.000e+00  1.535e+01 -1.932e+02  0.000e+00  0.000e+00  0.000e+00  0.000e+00
    294 -1.77848e+02 -1.778e+02  0.000e+00  0.000e+00  1.535e+01 -1.932e+02  0.000e+00  0.000e+00  0.000e+00  0.000e+00
    296 -1.77848e+02 -1.778e+02  0.000e+00  0.000e+00  1.535e+01 -1.932e+02  0.000e+00  0.000e+00  0.000e+00  0.000e+00
    298 -1.77848e+02 -1.778e+02  0.000e+00  0.000e+00  1.535e+01 -1.932e+02  0.000e+00  0.000e+00  0.000e+00  0.000e+00
    300 -1.77848e+02 -1.778e+02  0.000e+00  0.000e+00  1.535e+01 -1.932e+02  0.000e+00  0.000e+00  0.000e+00  0.000e+00
    302 -1.77848e+02 -1.778e+02  0.000e+00  0.000e+00  1.535e+01 -1.932e+02  0.000e+00  0.000e+00  0.000e+00  0.000e+00
    304 -1.77848e+02 -1.778e+02  0.000e+00  0.000e+00  1.535e+01 -1.932e+02  0.000e+00  0.000e+00  0.000e+00  0.000e+00
    306 -1.77848e+02 -1.778e+02  0.000e+00  0.000e+00  1.535e+01 -1.932e+02  0.000e+00  0.000e+00  0.000e+00  0.000e+00
    308 -1.77848e+02 -1.778e+02  0.000e+00  0.000e+00  1.535e+01 -1.932e+02  0.000e+00  0.000e+00  0.000e+00  0.000e+00
    310 -1.77848e+02 -1.778e+02  0.000e+00  0.000e+00  1.535e+01 -1.932e+02  0.000e+00  0.000e+00  0.000e+00  0.000e+00
    312 -1.77848e+02 -1.778e+02  0.000e+00  0.000e+00  1.535e+01 -1.932e+02  0.000e+00  0.000e+00  0.000e+00  0.000e+00
    314 -1.77848e+02 -1.778e+02  0.000e+00  0.000e+00  1.535e+01 -1.932e+02  0.000e+00  0.000e+00  0.000e+00  0.000e+00
    316 -1.77848e+02 -1.778e+02  0.000e+00  0.000e+00  1.535e+01 -1.932e+02  0.000e+00  0.000e+00  0.000e+00  0.000e+00
    318 -1.77848e+02 -1.778e+02  0.000e+00  0.000e+00  1.535e+01 -1.932e+02  0.000e+00  0.000e+00  0.000e+00  0.000e+00
    320 -1.77848e+02 -1.778e+02  0.000e+00  0.000e+00  1.535e+01 -1.932e+02  0.000e+00  0.000e+00  0.000e+00  0.000e+00
    322 -1.77848e+02 -1.778e+02  0.000e+00  0.000e+00  1.535e+01 -1.932e+02  0.000e+00  0.000e+00  0.000e+00  0.000e+00
    324 -1.77848e+02 -1.778e+02  0.000e+00  0.000e+00  1.535e+01 -1.932e+02  0.000e+00  0.000e+00  0.000e+00  0.000e+00
    326 -1.77848e+02 -1.778e+02  0.000e+00  0.000e+00  1.535e+01 -1.932e+02  0.000e+00  0.000e+00  0.000e+00  0.000e+00
    328 -1.77848e+02 -1.778e+02  0.000e+00  0.000e+00  1.535e+01 -1.932e+02  0.000e+00  0.000e+00  0.000e+00  0.000e+00
    330 -1.77848e+02 -1.778e+02  0.000e+00  0.000e+00  1.535e+01 -1.932e+02  0.000e+00  0.000e+00  0.000e+00  0.000e+00
    332 -1.77848e+02 -1.778e+02  0.000e+00  0.000e+00  1.535e+01 -1.932e+02  0.000e+00  0.000e+00  0.000e+00  0.000e+00
    334 -1.77848e+02 -1.778e+02  0.000e+00  0.000e+00  1.535e+01 -1.932e+02  0.000e+00  0.000e+00  0.000e+00  0.000e+00
    336 -1.77848e+02 -1.778e+02  0.000e+00  0.000e+00  1.535e+01 -1.932e+02  0.000e+00  0.000e+00  0.000e+00  0.000e+00
    338 -1.77848e+02 -1.778e+02  0.000e+00  0.000e+00  1.535e+01 -1.932e+02  0.000e+00  0.000e+00  0.000e+00  0.000e+00
    340 -1.77848e+02 -1.778e+02  0.000e+00  0.000e+00  1.535e+01 -1.932e+02  0.000e+00  0.000e+00  0.000e+00  0.000e+00
    342 -1.77848e+02 -1.778e+02  0.000e+00  0.000e+00  1.535e+01 -1.932e+02  0.000e+00  0.000e+00  0.000e+00  0.000e+00
    344 -1.77848e+02 -1.778e+02  0.000e+00  0.000e+00  1.535e+01 -1.932e+02  0.000e+00  0.000e+00  0.000e+00  0.000e+00
    346 -1.77848e+02 -1.778e+02  0.000e+00  0.000e+00  1.535e+01 -1.932e+02  0.000e+00  0.000e+00  0.000e+00  0.000e+00
    348 -1.77848e+02 -1.778e+02  0.000e+00  0.000e+00  1.535e+01 -1.932e+02  0.000e+00  0.000e+00  0.000e+00  0.000e+00
    350 -1.77848e+02 -1.778e+02  0.000e+00  0.000e+00  1.535e+01 -1.932e+02  0.000e+00  0.000e+00  0.000e+00  0.000e+00
    352 -1.77848e+02 -1.778e+02  0.000e+00  0.000e+00  1.535e+01 -1.932e+02  0.000e+00  0.000e+00  0.000e+00  0.000e+00
    354 -1.77848e+02 -1.778e+02  0.000e+00  0.000e+00  1.535e+01 -1.932e+02  0.000e+00  0.000e+00  0.000e+00  0.000e+00
    356 -1.77848e+02 -1.778e+02  0.000e+00  0.000e+00  1.535e+01 -1.932e+02  0.000e+00  0.000e+00  0.000e+00  0.000e+00
    358 -1.77848e+02 -1.778e+02  0.000e+00  0.000e+00  1.535e+01 -1.932e+02  0.000e+00  0.000e+00  0.000e+00  0.000e+00
    360 -1.77848e+02 -1.778e+02  0.000e+00  0.000e+00  1.535e+01 -1.932e+02  0.000e+00  0.000e+00  0.000e+00  0.000e+00
    362 -1.77848e+02 -1.778e+02  0.000e+00  0.000e+00  1.535e+01 -1.932e+02  0.000e+00  0.000e+00  0.000e+00  0.000e+00
    364 -1.77848e+02 -1.778e+02  0.000e+00  0.000e+00  1.535e+01 -1.932e+02  0.000e+00  0.000e+00  0.000e+00  0.000e+00
    366 -1.77848e+02 -1.778e+02  0.000e+00  0.000e+00  1.535e+01 -1.932e+02  0.000e+00  0.000e+00  0.000e+00  0.000e+00
    368 -1.77848e+02 -1.778e+02  0.000e+00  0.000e+00  1.535e+01 -1.932e+02  0.000e+00  0.000e+00  0.000e+00  0.000e+00
    370 -1.77848e+02 -1.778e+02  0.000e+00  0.000e+00  1.535e+01 -1.932e+02  0.000e+00  0.000e+00  0.000e+00  0.000e+00
    372 -1.77848e+02 -1.778e+02  0.000e+00  0.000e+00  1.535e+01 -1.932e+02  0.000e+00  0.000e+00  0.000e+00  0.000e+00
    374 -1.77848e+02 -1.778e+02  0.000e+00  0.000e+00  1.535e+01 -1.932e+02  0.000e+00  0.000e+00  0.000e+00  0.000e+00
    376 -1.77848e+02 -1.778e+02  0.000e+00  0.000e+00  1.535e+01 -1.932e+02  0.000e+00  0.000e+00  0.000e+00  0.000e+00
    378 -1.77848e+02 -1.778e+02  0.000e+00  0.000e+00  1.535e+01 -1.932e+02  0.000e+00  0.000e+00  0.000e+00  0.000e+00
    380 -1.77848e+02 -1.778e+02  0.000e+00  0.000e+00  1.535e+01 -1.932e+02  0.000e+00  0.000e+00  0.000e+00  0.000e+00
    382 -1.77848e+02 -1.778e+02  0.000e+00  0.000e+00  1.535e+01 -1.932e+02  0.000e+00  0.000e+00  0.000e+00  0.000e+00
    384 -1.77848e+02 -1.778e+02  0.000e+00  0.000e+00  1.535e+01 -1.932e+02  0.000e+00  0.000e+00  0.000e+00  0.000e+00
    386 -1.77848e+02 -1.778e+02  0.000e+00  0.000e+00  1.535e+01 -1.932e+02  0.000e+00  0.000e+00  0.000e+00  0.000e+00
    388 -1.77848e+02 -1.778e+02  0.000e+00  0.000e+00  1.535e+01 -1.932e+02  0.000e+00  0.000e+00  0.000e+00  0.000e+00
    390 -1.77848e+02 -1.778e+02  0.000e+00  0.000e+00  1.535e+01 -1.932e+02  0.000e+00  0.000e+00  0.000e+00  0.000e+00
    392 -1.77848e+02 -1.778e+02  0.000e+00  0.000e+00  1.535e+01 -1.932e+02  0.000e+00  0.000e+00  0.000e+00  0.000e+00
    394 -1.77848e+02 -1.778e+02  0.000e+00  0.000e+00  1.535e+01 -1.932e+02  0.000e+00  0.000e+00  0.000e+00  0.000e+00
    396 -1.77848e+02 -1.778e+02  0.000e+00  0.000e+00  1.535e+01 -1.932e+02  0.000e+00  0.000e+00  0.000e+00  0.000e+00
    398 -1.77848e+02 -1.778e+02  0.000e+00  0.000e+00  1.535e+01 -1.932e+02  0.000e+00  0.000e+00  0.000e+00  0.000e+00
    400 -1.77848e+02 -1.778e+02  0.000e+00  0.000e+00  1.535e+01 -1.932e+02  0.000e+00  0.000e+00  0.000e+00  0.000e+00
    402 -1.77848e+02 -1.778e+02  0.000e+00  0.000e+00  1.535e+01 -1.932e+02  0.000e+00  0.000e+00  0.000e+00  0.000e+00
    404 -1.77848e+02 -1.778e+02  0.000e+00  0.000e+00  1.535e+01 -1.932e+02  0.000e+00  0.000e+00  0.000e+00  0.000e+00
    406 -1.77848e+02 -1.778e+02  0.000e+00  0.000e+00  1.535e+01 -1.932e+02  0.000e+00  0.000e+00  0.000e+00  0.000e+00
    408 -1.77848e+02 -1.778e+02  0.000e+00  0.000e+00  1.535e+01 -1.932e+02  0.000e+00  0.000e+00  0.000e+00  0.000e+00
    410 -1.77848e+02 -1.778e+02  0.000e+00  0.000e+00  1.535e+01 -1.932e+02  0.000e+00  0.000e+00  0.000e+00  0.000e+00
    412 -1.77848e+02 -1.778e+02  0.000e+00  0.000e+00  1.535e+01 -1.932e+02  0.000e+00  0.000e+00  0.000e+00  0.000e+00
    414 -1.77848e+02 -1.778e+02  0.000e+00  0.000e+00  1.535e+01 -1.932e+02  0.000e+00  0.000e+00  0.000e+00  0.000e+00
    416 -1.77848e+02 -1.778e+02  0.000e+00  0.000e+00  1.535e+01 -1.932e+02  0.000e+00  0.000e+00  0.000e+00  0.000e+00
    418 -1.77848e+02 -1.778e+02  0.000e+00  0.000e+00  1.535e+01 -1.932e+02  0.000e+00  0.000e+00  0.000e+00  0.000e+00
    420 -1.77848e+02 -1.778e+02  0.000e+00  0.000e+00  1.535e+01 -1.932e+02  0.000e+00  0.000e+00  0.000e+00  0.000e+00
    422 -1.77848e+02 -1.778e+02  0.000e+00  0.000e+00  1.535e+01 -1.932e+02  0.000e+00  0.000e+00  0.000e+00  0.000e+00
    424 -1.77848e+02 -1.778e+02  0.000e+00  0.000e+00  1.535e+01 -1.932e+02  0.000e+00  0.000e+00  0.000e+00  0.000e+00
    426 -1.77848e+02 -1.778e+02  0.000e+00  0.000e+00  1.535e+01 -1.932e+02  0.000e+00  0.000e+00  0.000e+00  0.000e+00
    428 -1.77848e+02 -1.778e+02  0.000e+00  0.000e+00  1.535e+01 -1.932e+02  0.000e+00  0.000e+00  0.000e+00  0.000e+00
    430 -1.77848e+02 -1.778e+02  0.000e+00  0.000e+00  1.535e+01 -1.932e+02  0.000e+00  0.000e+00  0.000e+00  0.000e+00
    432 -1.77848e+02 -1.778e+02  0.000e+00  0.000e+00  1.535e+01 -1.932e+02  0.000e+00  0.000e+00  0.000e+00  0.000e+00
    434 -1.77848e+02 -1.778e+02  0.000e+00  0.000e+00  1.535e+01 -1.932e+02  0.000e+00  0.000e+00  0.000e+00  0.000e+00
    436 -1.77848e+02 -1.778e+02  0.000e+00  0.000e+00  1.535e+01 -1.932e+02  0.000e+00  0.000e+00  0.000e+00  0.000e+00
    438 -1.77848e+02 -1.778e+02  0.000e+00  0.000e+00  1.535e+01 -1.932e+02  0.000e+00  0.000e+00  0.000e+00  0.000e+00
    440 -1.77848e+02 -1.778e+02  0.000e+00  0.000e+00  1.535e+01 -1.932e+02  0.000e+00  0.000e+00  0.000e+00  0.000e+00
    442 -1.77848e+02 -1.778e+02  0.000e+00  0.000e+00  1.535e+01 -1.932e+02  0.000e+00  0.000e+00  0.000e+00  0.000e+00
    444 -1.77848e+02 -1.778e+02  0.000e+00  0.000e+00  1.535e+01 -1.932e+02  0.000e+00  0.000e+00  0.000e+00  0.000e+00
    446 -1.77848e+02 -1.778e+02  0.000e+00  0.000e+00  1.535e+01 -1.932e+02  0.000e+00  0.000e+00  0.000e+00  0.000e+00
    448 -1.77848e+02 -1.778e+02  0.000e+00  0.000e+00  1.535e+01 -1.932e+02  0.000e+00  0.000e+00  0.000e+00  0.000e+00
    450 -1.77848e+02 -1.778e+02  0.000e+00  0.000e+00  1.535e+01 -1.932e+02  0.000e+00  0.000e+00  0.000e+00  0.000e+00
    452 -1.77848e+02 -1.778e+02  0.000e+00  0.000e+00  1.535e+01 -1.932e+02  0.000e+00  0.000e+00  0.000e+00  0.000e+00
    454 -1.77848e+02 -1.778e+02  0.000e+00  0.000e+00  1.535e+01 -1.932e+02  0.000e+00  0.000e+00  0.000e+00  0.000e+00
    456 -1.77848e+02 -1.778e+02  0.000e+00  0.000e+00  1.535e+01 -1.932e+02  0.000e+00  0.000e+00  0.000e+00  0.000e+00
    458 -1.77848e+02 -1.778e+02  0.000e+00  0.000e+00  1.535e+01 -1.932e+02  0.000e+00  0.000e+00  0.000e+00  0.000e+00
    460 -1.77848e+02 -1.778e+02  0.000e+00  0.000e+00  1.535e+01 -1.932e+02  0.000e+00  0.000e+00  0.000e+00  0.000e+00
    462 -1.77848e+02 -1.778e+02  0.000e+00  0.000e+00  1.535e+01 -1.932e+02  0.000e+00  0.000e+00  0.000e+00  0.000e+00
    464 -1.77848e+02 -1.778e+02  0.000e+00  0.000e+00  1.535e+01 -1.932e+02  0.000e+00  0.000e+00  0.000e+00  0.000e+00
    466 -1.77848e+02 -1.778e+02  0.000e+00  0.000e+00  1.535e+01 -1.932e+02  0.000e+00  0.000e+00  0.000e+00  0.000e+00
    468 -1.77848e+02 -1.778e+02  0.000e+00  0.000e+00  1.535e+01 -1.932e+02  0.000e+00  0.000e+00  0.000e+00  0.000e+00
    470 -1.77848e+02 -1.778e+02  0.000e+00  0.000e+00  1.535e+01 -1.932e+02  0.000e+00  0.000e+00  0.000e+00  0.000e+00
    472 -1.77848e+02 -1.778e+02  0.000e+00  0.000e+00  1.535e+01 -1.932e+02  0.000e+00  0.000e+00  0.000e+00  0.000e+00
    474 -1.77848e+02 -1.778e+02  0.000e+00  0.000e+00  1.535e+01 -1.932e+02  0.000e+00  0.000e+00  0.000e+00  0.000e+00
    476 -1.77848e+02 -1.778e+02  0.000e+00  0.000e+00  1.535e+01 -1.932e+02  0.000e+00  0.000e+00  0.000e+00  0.000e+00
    478 -1.77848e+02 -1.778e+02  0.000e+00  0.000e+00  1.535e+01 -1.932e+02  0.000e+00  0.000e+00  0.000e+00  0.000e+00
    480 -1.77848e+02 -1.778e+02  0.000e+00  0.000e+00  1.535e+01 -1.932e+02  0.000e+00  0.000e+00  0.000e+00  0.000e+00
    482 -1.77848e+02 -1.778e+02  0.000e+00  0.000e+00  1.535e+01 -1.932e+02  0.000e+00  0.000e+00  0.000e+00  0.000e+00
    484 -1.77848e+02 -1.778e+02  0.000e+00  0.000e+00  1.535e+01 -1.932e+02  0.000e+00  0.000e+00  0.000e+00  0.000e+00
    486 -1.77848e+02 -1.778e+02  0.000e+00  0.000e+00  1.535e+01 -1.932e+02  0.000e+00  0.000e+00  0.000e+00  0.000e+00
    488 -1.77848e+02 -1.778e+02  0.000e+00  0.000e+00  1.535e+01 -1.932e+02  0.000e+00  0.000e+00  0.000e+00  0.000e+00
    490 -1.77848e+02 -1.778e+02  0.000e+00  0.000e+00  1.535e+01 -1.932e+02  0.000e+00  0.000e+00  0.000e+00  0.000e+00
    492 -1.77848e+02 -1.778e+02  0.000e+00  0.000e+00  1.535e+01 -1.932e+02  0.000e+00  0.000e+00  0.000e+00  0.000e+00
    494 -1.77848e+02 -1.778e+02  0.000e+00  0.000e+00  1.535e+01 -1.932e+02  0.000e+00  0.000e+00  0.000e+00  0.000e+00
    496 -1.77848e+02 -1.778e+02  0.000e+00  0.000e+00  1.535e+01 -1.932e+02  0.000e+00  0.000e+00  0.000e+00  0.000e+00
    498 -1.77848e+02 -1.778e+02  0.000e+00  0.000e+00  1.535e+01 -1.932e+02  0.000e+00  0.000e+00  0.000e+00  0.000e+00
    500 -1.77848e+02 -1.778e+02  0.000e+00  0.000e+00  1.535e+01 -1.932e+02  0.000e+00  0.000e+00  0.000e+00  0.000e+00
    502 -1.77848e+02 -1.778e+02  0.000e+00  0.000e+00  1.535e+01 -1.932e+02  0.000e+00  0.000e+00  0.000e+00  0.000e+00
    504 -1.77848e+02 -1.778e+02  0.000e+00  0.000e+00  1.535e+01 -1.932e+02  0.000e+00  0.000e+00  0.000e+00  0.000e+00
    506 -1.77848e+02 -1.778e+02  0.000e+00  0.000e+00  1.535e+01 -1.932e+02  0.000e+00  0.000e+00  0.000e+00  0.000e+00
    508 -1.77848e+02 -1.778e+02  0.000e+00  0.000e+00  1.535e+01 -1.932e+02  0.000e+00  0.000e+00  0.000e+00  0.000e+00
    510 -1.77848e+02 -1.778e+02  0.000e+00  0.000e+00  1.535e+01 -1.932e+02  0.000e+00  0.000e+00  0.000e+00  0.000e+00
    512 -1.77848e+02 -1.778e+02  0.000e+00  0.000e+00  1.535e+01 -1.932e+02  0.000e+00  0.000e+00  0.000e+00  0.000e+00
    514 -1.77848e+02 -1.778e+02  0.000e+00  0.000e+00  1.535e+01 -1.932e+02  0.000e+00  0.000e+00  0.000e+00  0.000e+00
    516 -1.77848e+02 -1.778e+02  0.000e+00  0.000e+00  1.535e+01 -1.932e+02  0.000e+00  0.000e+00  0.000e+00  0.000e+00
    518 -1.77848e+02 -1.778e+02  0.000e+00  0.000e+00  1.535e+01 -1.932e+02  0.000e+00  0.000e+00  0.000e+00  0.000e+00
    520 -1.77848e+02 -1.778e+02  0.000e+00  0.000e+00  1.535e+01 -1.932e+02  0.000e+00  0.000e+00  0.000e+00  0.000e+00
    522 -1.77848e+02 -1.778e+02  0.000e+00  0.000e+00  1.535e+01 -1.932e+02  0.000e+00  0.000e+00  0.000e+00  0.000e+00
    524 -1.77848e+02 -1.778e+02  0.000e+00  0.000e+00  1.535e+01 -1.932e+02  0.000e+00  0.000e+00  0.000e+00  0.000e+00
    526 -1.77848e+02 -1.778e+02  0.000e+00  0.000e+00  1.535e+01 -1.932e+02  0.000e+00  0.000e+00  0.000e+00  0.000e+00
    528 -1.77848e+02 -1.778e+02  0.000e+00  0.000e+00  1.535e+01 -1.932e+02  0.000e+00  0.000e+00  0.000e+00  0.000e+00
    530 -1.77848e+02 -1.778e+02  0.000e+00  0.000e+00  1.535e+01 -1.932e+02  0.000e+00  0.000e+00  0.000e+00  0.000e+00
    532 -1.77848e+02 -1.778e+02  0.000e+00  0.000e+00  1.535e+01 -1.932e+02  0.000e+00  0.000e+00  0.000e+00  0.000e+00
    534 -1.77848e+02 -1.778e+02  0.000e+00  0.000e+00  1.535e+01 -1.932e+02  0.000e+00  0.000e+00  0.000e+00  0.000e+00
    536 -1.77848e+02 -1.778e+02  0.000e+00  0.000e+00  1.535e+01 -1.932e+02  0.000e+00  0.000e+00  0.000e+00  0.000e+00
    538 -1.77848e+02 -1.778e+02  0.000e+00  0.000e+00  1.535e+01 -1.932e+02  0.000e+00  0.000e+00  0.000e+00  0.000e+00
    540 -1.77848e+02 -1.778e+02  0.000e+00  0.000e+00  1.535e+01 -1.932e+02  0.000e+00  0.000e+00  0.000e+00  0.000e+00
    542 -1.77848e+02 -1.778e+02  0.000e+00  0.000e+00  1.535e+01 -1.932e+02  0.000e+00  0.000e+00  0.000e+00  0.000e+00
    544 -1.77848e+02 -1.778e+02  0.000e+00  0.000e+00  1.535e+01 -1.932e+02  0.000e+00  0.000e+00  0.000e+00  0.000e+00
    546 -1.77848e+02 -1.778e+02  0.000e+00  0.000e+00  1.535e+01 -1.932e+02  0.000e+00  0.000e+00  0.000e+00  0.000e+00
    548 -1.77848e+02 -1.778e+02  0.000e+00  0.000e+00  1.535e+01 -1.932e+02  0.000e+00  0.000e+00  0.000e+00  0.000e+00
    550 -1.77848e+02 -1.778e+02  0.000e+00  0.000e+00  1.535e+01 -1.932e+02  0.000e+00  0.000e+00  0.000e+00  0.000e+00
    552 -1.77848e+02 -1.778e+02  0.000e+00  0.000e+00  1.535e+01 -1.932e+02  0.000e+00  0.000e+00  0.000e+00  0.000e+00
    554 -1.77848e+02 -1.778e+02  0.000e+00  0.000e+00  1.535e+01 -1.932e+02  0.000e+00  0.000e+00  0.000e+00  0.000e+00
    556 -1.77848e+02 -1.778e+02  0.000e+00  0.000e+00  1.535e+01 -1.932e+02  0.000e+00  0.000e+00  0.000e+00  0.000e+00
    558 -1.77848e+02 -1.778e+02  0.000e+00  0.000e+00  1.535e+01 -1.932e+02  0.000e+00  0.000e+00  0.000e+00  0.000e+00
    560 -1.77848e+02 -1.778e+02  0.000e+00  0.000e+00  1.535e+01 -1.932e+02  0.000e+00  0.000e+00  0.000e+00  0.000e+00
    562 -1.77848e+02 -1.778e+02  0.000e+00  0.000e+00  1.535e+01 -1.932e+02  0.000e+00  0.000e+00  0.000e+00  0.000e+00
    564 -1.77848e+02 -1.778e+02  0.000e+00  0.000e+00  1.535e+01 -1.932e+02  0.000e+00  0.000e+00  0.000e+00  0.000e+00
    566 -1.77848e+02 -1.778e+02  0.000e+00  0.000e+00  1.535e+01 -1.932e+02  0.000e+00  0.000e+00  0.000e+00  0.000e+00
    568 -1.77848e+02 -1.778e+02  0.000e+00  0.000e+00  1.535e+01 -1.932e+02  0.000e+00  0.000e+00  0.000e+00  0.000e+00
    570 -1.77848e+02 -1.778e+02  0.000e+00  0.000e+00  1.535e+01 -1.932e+02  0.000e+00  0.000e+00  0.000e+00  0.000e+00
    572 -1.77848e+02 -1.778e+02  0.000e+00  0.000e+00  1.535e+01 -1.932e+02  0.000e+00  0.000e+00  0.000e+00  0.000e+00
    574 -1.77848e+02 -1.778e+02  0.000e+00  0.000e+00  1.535e+01 -1.932e+02  0.000e+00  0.000e+00  0.000e+00  0.000e+00
    576 -1.77848e+02 -1.778e+02  0.000e+00  0.000e+00  1.535e+01 -1.932e+02  0.000e+00  0.000e+00  0.000e+00  0.000e+00
    578 -1.77848e+02 -1.778e+02  0.000e+00  0.000e+00  1.535e+01 -1.932e+02  0.000e+00  0.000e+00  0.000e+00  0.000e+00
    580 -1.77848e+02 -1.778e+02  0.000e+00  0.000e+00  1.535e+01 -1.932e+02  0.000e+00  0.000e+00  0.000e+00  0.000e+00
    582 -1.77848e+02 -1.778e+02  0.000e+00  0.000e+00  1.535e+01 -1.932e+02  0.000e+00  0.000e+00  0.000e+00  0.000e+00
    584 -1.77848e+02 -1.778e+02  0.000e+00  0.000e+00  1.535e+01 -1.932e+02  0.000e+00  0.000e+00  0.000e+00  0.000e+00
    586 -1.77848e+02 -1.778e+02  0.000e+00  0.000e+00  1.535e+01 -1.932e+02  0.000e+00  0.000e+00  0.000e+00  0.000e+00
    588 -1.77848e+02 -1.778e+02  0.000e+00  0.000e+00  1.535e+01 -1.932e+02  0.000e+00  0.000e+00  0.000e+00  0.000e+00
    590 -1.77848e+02 -1.778e+02  0.000e+00  0.000e+00  1.535e+01 -1.932e+02  0.000e+00  0.000e+00  0.000e+00  0.000e+00
    592 -1.77848e+02 -1.778e+02  0.000e+00  0.000e+00  1.535e+01 -1.932e+02  0.000e+00  0.000e+00  0.000e+00  0.000e+00
    594 -1.77848e+02 -1.778e+02  0.000e+00  0.000e+00  1.535e+01 -1.932e+02  0.000e+00  0.000e+00  0.000e+00  0.000e+00
    596 -1.77848e+02 -1.778e+02  0.000e+00  0.000e+00  1.535e+01 -1.932e+02  0.000e+00  0.000e+00  0.000e+00  0.000e+00
    598 -1.77848e+02 -1.778e+02  0.000e+00  0.000e+00  1.535e+01 -1.932e+02  0.000e+00  0.000e+00  0.000e+00  0.000e+00
    600 -1.77848e+02 -1.778e+02  0.000e+00  0.000e+00  1.535e+01 -1.932e+02  0.000e+00  0.000e+00  0.000e+00  0.000e+00
    602 -1.77848e+02 -1.778e+02  0.000e+00  0.000e+00  1.535e+01 -1.932e+02  0.000e+00  0.000e+00  0.000e+00  0.000e+00
    604 -1.77848e+02 -1.778e+02  0.000e+00  0.000e+00  1.535e+01 -1.932e+02  0.000e+00  0.000e+00  0.000e+00  0.000e+00
    606 -1.77848e+02 -1.778e+02  0.000e+00  0.000e+00  1.535e+01 -1.932e+02  0.000e+00  0.000e+00  0.000e+00  0.000e+00
    608 -1.77848e+02 -1.778e+02  0.000e+00  0.000e+00  1.535e+01 -1.932e+02  0.000e+00  0.000e+00  0.000e+00  0.000e+00
    610 -1.77848e+02 -1.778e+02  0.000e+00  0.000e+00  1.535e+01 -1.932e+02  0.000e+00  0.000e+00  0.000e+00  0.000e+00
    612 -1.77848e+02 -1.778e+02  0.000e+00  0.000e+00  1.535e+01 -1.932e+02  0.000e+00  0.000e+00  0.000e+00  0.000e+00
    614 -1.77848e+02 -1.778e+02  0.000e+00  0.000e+00  1.535e+01 -1.932e+02  0.000e+00  0.000e+00  0.000e+00  0.000e+00
    616 -1.77848e+02 -1.778e+02  0.000e+00  0.000e+00  1.535e+01 -1.932e+02  0.000e+00  0.000e+00  0.000e+00  0.000e+00
    618 -1.77848e+02 -1.778e+02  0.000e+00  0.000e+00  1.535e+01 -1.932e+02  0.000e+00  0.000e+00  0.000e+00  0.000e+00
    620 -1.77848e+02 -1.778e+02  0.000e+00  0.000e+00  1.535e+01 -1.932e+02  0.000e+00  0.000e+00  0.000e+00  0.000e+00
    622 -1.77848e+02 -1.778e+02  0.000e+00  0.000e+00  1.535e+01 -1.932e+02  0.000e+00  0.000e+00  0.000e+00  0.000e+00
    624 -1.77848e+02 -1.778e+02  0.000e+00  0.000e+00  1.535e+01 -1.932e+02  0.000e+00  0.000e+00  0.000e+00  0.000e+00
    626 -1.77848e+02 -1.778e+02  0.000e+00  0.000e+00  1.535e+01 -1.932e+02  0.000e+00  0.000e+00  0.000e+00  0.000e+00
    628 -1.77848e+02 -1.778e+02  0.000e+00  0.000e+00  1.535e+01 -1.932e+02  0.000e+00  0.000e+00  0.000e+00  0.000e+00
    630 -1.77848e+02 -1.778e+02  0.000e+00  0.000e+00  1.535e+01 -1.932e+02  0.000e+00  0.000e+00  0.000e+00  0.000e+00
    632 -1.77848e+02 -1.778e+02  0.000e+00  0.000e+00  1.535e+01 -1.932e+02  0.000e+00  0.000e+00  0.000e+00  0.000e+00
    634 -1.77848e+02 -1.778e+02  0.000e+00  0.000e+00  1.535e+01 -1.932e+02  0.000e+00  0.000e+00  0.000e+00  0.000e+00
    636 -1.77848e+02 -1.778e+02  0.000e+00  0.000e+00  1.535e+01 -1.932e+02  0.000e+00  0.000e+00  0.000e+00  0.000e+00
    638 -1.77848e+02 -1.778e+02  0.000e+00  0.000e+00  1.535e+01 -1.932e+02  0.000e+00  0.000e+00  0.000e+00  0.000e+00
    640 -1.77848e+02 -1.778e+02  0.000e+00  0.000e+00  1.535e+01 -1.932e+02  0.000e+00  0.000e+00  0.000e+00  0.000e+00
    642 -1.77848e+02 -1.778e+02  0.000e+00  0.000e+00  1.535e+01 -1.932e+02  0.000e+00  0.000e+00  0.000e+00  0.000e+00
    644 -1.77848e+02 -1.778e+02  0.000e+00  0.000e+00  1.535e+01 -1.932e+02  0.000e+00  0.000e+00  0.000e+00  0.000e+00
    646 -1.77848e+02 -1.778e+02  0.000e+00  0.000e+00  1.535e+01 -1.932e+02  0.000e+00  0.000e+00  0.000e+00  0.000e+00
    648 -1.77848e+02 -1.778e+02  0.000e+00  0.000e+00  1.535e+01 -1.932e+02  0.000e+00  0.000e+00  0.000e+00  0.000e+00
    650 -1.77848e+02 -1.778e+02  0.000e+00  0.000e+00  1.535e+01 -1.932e+02  0.000e+00  0.000e+00  0.000e+00  0.000e+00
    652 -1.77848e+02 -1.778e+02  0.000e+00  0.000e+00  1.535e+01 -1.932e+02  0.000e+00  0.000e+00  0.000e+00  0.000e+00
    654 -1.77848e+02 -1.778e+02  0.000e+00  0.000e+00  1.535e+01 -1.932e+02  0.000e+00  0.000e+00  0.000e+00  0.000e+00
    656 -1.77848e+02 -1.778e+02  0.000e+00  0.000e+00  1.535e+01 -1.932e+02  0.000e+00  0.000e+00  0.000e+00  0.000e+00
    658 -1.77848e+02 -1.778e+02  0.000e+00  0.000e+00  1.535e+01 -1.932e+02  0.000e+00  0.000e+00  0.000e+00  0.000e+00
    660 -1.77848e+02 -1.778e+02  0.000e+00  0.000e+00  1.535e+01 -1.932e+02  0.000e+00  0.000e+00  0.000e+00  0.000e+00
    662 -1.77848e+02 -1.778e+02  0.000e+00  0.000e+00  1.535e+01 -1.932e+02  0.000e+00  0.000e+00  0.000e+00  0.000e+00
    664 -1.77848e+02 -1.778e+02  0.000e+00  0.000e+00  1.535e+01 -1.932e+02  0.000e+00  0.000e+00  0.000e+00  0.000e+00
    666 -1.77848e+02 -1.778e+02  0.000e+00  0.000e+00  1.535e+01 -1.932e+02  0.000e+00  0.000e+00  0.000e+00  0.000e+00
    668 -1.77848e+02 -1.778e+02  0.000e+00  0.000e+00  1.535e+01 -1.932e+02  0.000e+00  0.000e+00  0.000e+00  0.000e+00
    670 -1.77848e+02 -1.778e+02  0.000e+00  0.000e+00  1.535e+01 -1.932e+02  0.000e+00  0.000e+00  0.000e+00  0.000e+00
    672 -1.77848e+02 -1.778e+02  0.000e+00  0.000e+00  1.535e+01 -1.932e+02  0.000e+00  0.000e+00  0.000e+00  0.000e+00
    674 -1.77848e+02 -1.778e+02  0.000e+00  0.000e+00  1.535e+01 -1.932e+02  0.000e+00  0.000e+00  0.000e+00  0.000e+00
    676 -1.77848e+02 -1.778e+02  0.000e+00  0.000e+00  1.535e+01 -1.932e+02  0.000e+00  0.000e+00  0.000e+00  0.000e+00
    678 -1.77848e+02 -1.778e+02  0.000e+00  0.000e+00  1.535e+01 -1.932e+02  0.000e+00  0.000e+00  0.000e+00  0.000e+00
    680 -1.77848e+02 -1.778e+02  0.000e+00  0.000e+00  1.535e+01 -1.932e+02  0.000e+00  0.000e+00  0.000e+00  0.000e+00
    682 -1.77848e+02 -1.778e+02  0.000e+00  0.000e+00  1.535e+01 -1.932e+02  0.000e+00  0.000e+00  0.000e+00  0.000e+00
    684 -1.77848e+02 -1.778e+02  0.000e+00  0.000e+00  1.535e+01 -1.932e+02  0.000e+00  0.000e+00  0.000e+00  0.000e+00
    686 -1.77848e+02 -1.778e+02  0.000e+00  0.000e+00  1.535e+01 -1.932e+02  0.000e+00  0.000e+00  0.000e+00  0.000e+00
    688 -1.77848e+02 -1.778e+02  0.000e+00  0.000e+00  1.535e+01 -1.932e+02  0.000e+00  0.000e+00  0.000e+00  0.000e+00
    690 -1.77848e+02 -1.778e+02  0.000e+00  0.000e+00  1.535e+01 -1.932e+02  0.000e+00  0.000e+00  0.000e+00  0.000e+00
    692 -1.77848e+02 -1.778e+02  0.000e+00  0.000e+00  1.535e+01 -1.932e+02  0.000e+00  0.000e+00  0.000e+00  0.000e+00
    694 -1.77848e+02 -1.778e+02  0.000e+00  0.000e+00  1.535e+01 -1.932e+02  0.000e+00  0.000e+00  0.000e+00  0.000e+00
    696 -1.77848e+02 -1.778e+02  0.000e+00  0.000e+00  1.535e+01 -1.932e+02  0.000e+00  0.000e+00  0.000e+00  0.000e+00
    698 -1.77848e+02 -1.778e+02  0.000e+00  0.000e+00  1.535e+01 -1.932e+02  0.000e+00  0.000e+00  0.000e+00  0.000e+00
    700 -1.77848e+02 -1.778e+02  0.000e+00  0.000e+00  1.535e+01 -1.932e+02  0.000e+00  0.000e+00  0.000e+00  0.000e+00
    702 -1.77848e+02 -1.778e+02  0.000e+00  0.000e+00  1.535e+01 -1.932e+02  0.000e+00  0.000e+00  0.000e+00  0.000e+00
    704 -1.77848e+02 -1.778e+02  0.000e+00  0.000e+00  1.535e+01 -1.932e+02  0.000e+00  0.000e+00  0.000e+00  0.000e+00
    706 -1.77848e+02 -1.778e+02  0.000e+00  0.000e+00  1.535e+01 -1.932e+02  0.000e+00  0.000e+00  0.000e+00  0.000e+00
    708 -1.77848e+02 -1.778e+02  0.000e+00  0.000e+00  1.535e+01 -1.932e+02  0.000e+00  0.000e+00  0.000e+00  0.000e+00
    710 -1.77848e+02 -1.778e+02  0.000e+00  0.000e+00  1.535e+01 -1.932e+02  0.000e+00  0.000e+00  0.000e+00  0.000e+00
    712 -1.77848e+02 -1.778e+02  0.000e+00  0.000e+00  1.535e+01 -1.932e+02  0.000e+00  0.000e+00  0.000e+00  0.000e+00
    714 -1.77848e+02 -1.778e+02  0.000e+00  0.000e+00  1.535e+01 -1.932e+02  0.000e+00  0.000e+00  0.000e+00  0.000e+00
    716 -1.77848e+02 -1.778e+02  0.000e+00  0.000e+00  1.535e+01 -1.932e+02  0.000e+00  0.000e+00  0.000e+00  0.000e+00
    718 -1.77848e+02 -1.778e+02  0.000e+00  0.000e+00  1.535e+01 -1.932e+02  0.000e+00  0.000e+00  0.000e+00  0.000e+00
    720 -1.77848e+02 -1.778e+02  0.000e+00  0.000e+00  1.535e+01 -1.932e+02  0.000e+00  0.000e+00  0.000e+00  0.000e+00
    722 -1.77848e+02 -1.778e+02  0.000e+00  0.000e+00  1.535e+01 -1.932e+02  0.000e+00  0.000e+00  0.000e+00  0.000e+00
    724 -1.77848e+02 -1.778e+02  0.000e+00  0.000e+00  1.535e+01 -1.932e+02  0.000e+00  0.000e+00  0.000e+00  0.000e+00
    726 -1.77848e+02 -1.778e+02  0.000e+00  0.000e+00  1.535e+01 -1.932e+02  0.000e+00  0.000e+00  0.000e+00  0.000e+00
    728 -1.77848e+02 -1.778e+02  0.000e+00  0.000e+00  1.535e+01 -1.932e+02  0.000e+00  0.000e+00  0.000e+00  0.000e+00
    730 -1.77848e+02 -1.778e+02  0.000e+00  0.000e+00  1.535e+01 -1.932e+02  0.000e+00  0.000e+00  0.000e+00  0.000e+00
    732 -1.77848e+02 -1.778e+02  0.000e+00  0.000e+00  1.535e+01 -1.932e+02  0.000e+00  0.000e+00  0.000e+00  0.000e+00
    734 -1.77848e+02 -1.778e+02  0.000e+00  0.000e+00  1.535e+01 -1.932e+02  0.000e+00  0.000e+00  0.000e+00  0.000e+00
    736 -1.77848e+02 -1.778e+02  0.000e+00  0.000e+00  1.535e+01 -1.932e+02  0.000e+00  0.000e+00  0.000e+00  0.000e+00
    738 -1.77848e+02 -1.778e+02  0.000e+00  0.000e+00  1.535e+01 -1.932e+02  0.000e+00  0.000e+00  0.000e+00  0.000e+00
    740 -1.77848e+02 -1.778e+02  0.000e+00  0.000e+00  1.535e+01 -1.932e+02  0.000e+00  0.000e+00  0.000e+00  0.000e+00
    742 -1.77848e+02 -1.778e+02  0.000e+00  0.000e+00  1.535e+01 -1.932e+02  0.000e+00  0.000e+00  0.000e+00  0.000e+00
    744 -1.77848e+02 -1.778e+02  0.000e+00  0.000e+00  1.535e+01 -1.932e+02  0.000e+00  0.000e+00  0.000e+00  0.000e+00
    746 -1.77848e+02 -1.778e+02  0.000e+00  0.000e+00  1.535e+01 -1.932e+02  0.000e+00  0.000e+00  0.000e+00  0.000e+00
    748 -1.77848e+02 -1.778e+02  0.000e+00  0.000e+00  1.535e+01 -1.932e+02  0.000e+00  0.000e+00  0.000e+00  0.000e+00
    750 -1.77848e+02 -1.778e+02  0.000e+00  0.000e+00  1.535e+01 -1.932e+02  0.000e+00  0.000e+00  0.000e+00  0.000e+00
    752 -1.77848e+02 -1.778e+02  0.000e+00  0.000e+00  1.535e+01 -1.932e+02  0.000e+00  0.000e+00  0.000e+00  0.000e+00
    754 -1.77848e+02 -1.778e+02  0.000e+00  0.000e+00  1.535e+01 -1.932e+02  0.000e+00  0.000e+00  0.000e+00  0.000e+00
    756 -1.77848e+02 -1.778e+02  0.000e+00  0.000e+00  1.535e+01 -1.932e+02  0.000e+00  0.000e+00  0.000e+00  0.000e+00
    758 -1.77848e+02 -1.778e+02  0.000e+00  0.000e+00  1.535e+01 -1.932e+02  0.000e+00  0.000e+00  0.000e+00  0.000e+00
    760 -1.77848e+02 -1.778e+02  0.000e+00  0.000e+00  1.535e+01 -1.932e+02  0.000e+00  0.000e+00  0.000e+00  0.000e+00
    762 -1.77848e+02 -1.778e+02  0.000e+00  0.000e+00  1.535e+01 -1.932e+02  0.000e+00  0.000e+00  0.000e+00  0.000e+00
    764 -1.77848e+02 -1.778e+02  0.000e+00  0.000e+00  1.535e+01 -1.932e+02  0.000e+00  0.000e+00  0.000e+00  0.000e+00
    766 -1.77848e+02 -1.778e+02  0.000e+00  0.000e+00  1.535e+01 -1.932e+02  0.000e+00  0.000e+00  0.000e+00  0.000e+00
    768 -1.77848e+02 -1.778e+02  0.000e+00  0.000e+00  1.535e+01 -1.932e+02  0.000e+00  0.000e+00  0.000e+00  0.000e+00
    770 -1.77848e+02 -1.778e+02  0.000e+00  0.000e+00  1.535e+01 -1.932e+02  0.000e+00  0.000e+00  0.000e+00  0.000e+00
    772 -1.77848e+02 -1.778e+02  0.000e+00  0.000e+00  1.535e+01 -1.932e+02  0.000e+00  0.000e+00  0.000e+00  0.000e+00
    774 -1.77848e+02 -1.778e+02  0.000e+00  0.000e+00  1.535e+01 -1.932e+02  0.000e+00  0.000e+00  0.000e+00  0.000e+00
    776 -1.77848e+02 -1.778e+02  0.000e+00  0.000e+00  1.535e+01 -1.932e+02  0.000e+00  0.000e+00  0.000e+00  0.000e+00
    778 -1.77848e+02 -1.778e+02  0.000e+00  0.000e+00  1.535e+01 -1.932e+02  0.000e+00  0.000e+00  0.000e+00  0.000e+00
    780 -1.77848e+02 -1.778e+02  0.000e+00  0.000e+00  1.535e+01 -1.932e+02  0.000e+00  0.000e+00  0.000e+00  0.000e+00
    782 -1.77848e+02 -1.778e+02  0.000e+00  0.000e+00  1.535e+01 -1.932e+02  0.000e+00  0.000e+00  0.000e+00  0.000e+00
    784 -1.77848e+02 -1.778e+02  0.000e+00  0.000e+00  1.535e+01 -1.932e+02  0.000e+00  0.000e+00  0.000e+00  0.000e+00
    786 -1.77848e+02 -1.778e+02  0.000e+00  0.000e+00  1.535e+01 -1.932e+02  0.000e+00  0.000e+00  0.000e+00  0.000e+00
    788 -1.77848e+02 -1.778e+02  0.000e+00  0.000e+00  1.535e+01 -1.932e+02  0.000e+00  0.000e+00  0.000e+00  0.000e+00
    790 -1.77848e+02 -1.778e+02  0.000e+00  0.000e+00  1.535e+01 -1.932e+02  0.000e+00  0.000e+00  0.000e+00  0.000e+00
    792 -1.77848e+02 -1.778e+02  0.000e+00  0.000e+00  1.535e+01 -1.932e+02  0.000e+00  0.000e+00  0.000e+00  0.000e+00
    794 -1.77848e+02 -1.778e+02  0.000e+00  0.000e+00  1.535e+01 -1.932e+02  0.000e+00  0.000e+00  0.000e+00  0.000e+00
    796 -1.77848e+02 -1.778e+02  0.000e+00  0.000e+00  1.535e+01 -1.932e+02  0.000e+00  0.000e+00  0.000e+00  0.000e+00
    798 -1.77848e+02 -1.778e+02  0.000e+00  0.000e+00  1.535e+01 -1.932e+02  0.000e+00  0.000e+00  0.000e+00  0.000e+00
    800 -1.77848e+02 -1.778e+02  0.000e+00  0.000e+00  1.535e+01 -1.932e+02  0.000e+00  0.000e+00  0.000e+00  0.000e+00
    802 -1.77848e+02 -1.778e+02  0.000e+00  0.000e+00  1.535e+01 -1.932e+02  0.000e+00  0.000e+00  0.000e+00  0.000e+00
    804 -1.77848e+02 -1.778e+02  0.000e+00  0.000e+00  1.535e+01 -1.932e+02  0.000e+00  0.000e+00  0.000e+00  0.000e+00
    806 -1.77848e+02 -1.778e+02  0.000e+00  0.000e+00  1.535e+01 -1.932e+02  0.000e+00  0.000e+00  0.000e+00  0.000e+00
    808 -1.77848e+02 -1.778e+02  0.000e+00  0.000e+00  1.535e+01 -1.932e+02  0.000e+00  0.000e+00  0.000e+00  0.000e+00
    810 -1.77848e+02 -1.778e+02  0.000e+00  0.000e+00  1.535e+01 -1.932e+02  0.000e+00  0.000e+00  0.000e+00  0.000e+00
    812 -1.77848e+02 -1.778e+02  0.000e+00  0.000e+00  1.535e+01 -1.932e+02  0.000e+00  0.000e+00  0.000e+00  0.000e+00
    814 -1.77848e+02 -1.778e+02  0.000e+00  0.000e+00  1.535e+01 -1.932e+02  0.000e+00  0.000e+00  0.000e+00  0.000e+00
    816 -1.77848e+02 -1.778e+02  0.000e+00  0.000e+00  1.535e+01 -1.932e+02  0.000e+00  0.000e+00  0.000e+00  0.000e+00
    818 -1.77848e+02 -1.778e+02  0.000e+00  0.000e+00  1.535e+01 -1.932e+02  0.000e+00  0.000e+00  0.000e+00  0.000e+00
    820 -1.77848e+02 -1.778e+02  0.000e+00  0.000e+00  1.535e+01 -1.932e+02  0.000e+00  0.000e+00  0.000e+00  0.000e+00
    822 -1.77848e+02 -1.778e+02  0.000e+00  0.000e+00  1.535e+01 -1.932e+02  0.000e+00  0.000e+00  0.000e+00  0.000e+00
    824 -1.77848e+02 -1.778e+02  0.000e+00  0.000e+00  1.535e+01 -1.932e+02  0.000e+00  0.000e+00  0.000e+00  0.000e+00
    826 -1.77848e+02 -1.778e+02  0.000e+00  0.000e+00  1.535e+01 -1.932e+02  0.000e+00  0.000e+00  0.000e+00  0.000e+00
    828 -1.77848e+02 -1.778e+02  0.000e+00  0.000e+00  1.535e+01 -1.932e+02  0.000e+00  0.000e+00  0.000e+00  0.000e+00
    830 -1.77848e+02 -1.778e+02  0.000e+00  0.000e+00  1.535e+01 -1.932e+02  0.000e+00  0.000e+00  0.000e+00  0.000e+00
    832 -1.77848e+02 -1.778e+02  0.000e+00  0.000e+00  1.535e+01 -1.932e+02  0.000e+00  0.000e+00  0.000e+00  0.000e+00
    834 -1.77848e+02 -1.778e+02  0.000e+00  0.000e+00  1.535e+01 -1.932e+02  0.000e+00  0.000e+00  0.000e+00  0.000e+00
    836 -1.77848e+02 -1.778e+02  0.000e+00  0.000e+00  1.535e+01 -1.932e+02  0.000e+00  0.000e+00  0.000e+00  0.000e+00
    838 -1.77848e+02 -1.778e+02  0.000e+00  0.000e+00  1.535e+01 -1.932e+02  0.000e+00  0.000e+00  0.000e+00  0.000e+00
    840 -1.77848e+02 -1.778e+02  0.000e+00  0.000e+00  1.535e+01 -1.932e+02  0.000e+00  0.000e+00  0.000e+00  0.000e+00
    842 -1.77848e+02 -1.778e+02  0.000e+00  0.000e+00  1.535e+01 -1.932e+02  0.000e+00  0.000e+00  0.000e+00  0.000e+00
    844 -1.77848e+02 -1.778e+02  0.000e+00  0.000e+00  1.535e+01 -1.932e+02  0.000e+00  0.000e+00  0.000e+00  0.000e+00
    846 -1.77848e+02 -1.778e+02  0.000e+00  0.000e+00  1.535e+01 -1.932e+02  0.000e+00  0.000e+00  0.000e+00  0.000e+00
    848 -1.77848e+02 -1.778e+02  0.000e+00  0.000e+00  1.535e+01 -1.932e+02  0.000e+00  0.000e+00  0.000e+00  0.000e+00
    850 -1.77848e+02 -1.778e+02  0.000e+00  0.000e+00  1.535e+01 -1.932e+02  0.000e+00  0.000e+00  0.000e+00  0.000e+00
    852 -1.77848e+02 -1.778e+02  0.000e+00  0.000e+00  1.535e+01 -1.932e+02  0.000e+00  0.000e+00  0.000e+00  0.000e+00
    854 -1.77848e+02 -1.778e+02  0.000e+00  0.000e+00  1.535e+01 -1.932e+02  0.000e+00  0.000e+00  0.000e+00  0.000e+00
    856 -1.77848e+02 -1.778e+02  0.000e+00  0.000e+00  1.535e+01 -1.932e+02  0.000e+00  0.000e+00  0.000e+00  0.000e+00
    858 -1.77848e+02 -1.778e+02  0.000e+00  0.000e+00  1.535e+01 -1.932e+02  0.000e+00  0.000e+00  0.000e+00  0.000e+00
    860 -1.77848e+02 -1.778e+02  0.000e+00  0.000e+00  1.535e+01 -1.932e+02  0.000e+00  0.000e+00  0.000e+00  0.000e+00
    862 -1.77848e+02 -1.778e+02  0.000e+00  0.000e+00  1.535e+01 -1.932e+02  0.000e+00  0.000e+00  0.000e+00  0.000e+00
    864 -1.77848e+02 -1.778e+02  0.000e+00  0.000e+00  1.535e+01 -1.932e+02  0.000e+00  0.000e+00  0.000e+00  0.000e+00
    866 -1.77848e+02 -1.778e+02  0.000e+00  0.000e+00  1.535e+01 -1.932e+02  0.000e+00  0.000e+00  0.000e+00  0.000e+00
    868 -1.77848e+02 -1.778e+02  0.000e+00  0.000e+00  1.535e+01 -1.932e+02  0.000e+00  0.000e+00  0.000e+00  0.000e+00
    870 -1.77848e+02 -1.778e+02  0.000e+00  0.000e+00  1.535e+01 -1.932e+02  0.000e+00  0.000e+00  0.000e+00  0.000e+00
    872 -1.77848e+02 -1.778e+02  0.000e+00  0.000e+00  1.535e+01 -1.932e+02  0.000e+00  0.000e+00  0.000e+00  0.000e+00
    874 -1.77848e+02 -1.778e+02  0.000e+00  0.000e+00  1.535e+01 -1.932e+02  0.000e+00  0.000e+00  0.000e+00  0.000e+00
    876 -1.77848e+02 -1.778e+02  0.000e+00  0.000e+00  1.535e+01 -1.932e+02  0.000e+00  0.000e+00  0.000e+00  0.000e+00
    878 -1.77848e+02 -1.778e+02  0.000e+00  0.000e+00  1.535e+01 -1.932e+02  0.000e+00  0.000e+00  0.000e+00  0.000e+00
    880 -1.77848e+02 -1.778e+02  0.000e+00  0.000e+00  1.535e+01 -1.932e+02  0.000e+00  0.000e+00  0.000e+00  0.000e+00
    882 -1.77848e+02 -1.778e+02  0.000e+00  0.000e+00  1.535e+01 -1.932e+02  0.000e+00  0.000e+00  0.000e+00  0.000e+00
    884 -1.77848e+02 -1.778e+02  0.000e+00  0.000e+00  1.535e+01 -1.932e+02  0.000e+00  0.000e+00  0.000e+00  0.000e+00
    886 -1.77848e+02 -1.778e+02  0.000e+00  0.000e+00  1.535e+01 -1.932e+02  0.000e+00  0.000e+00  0.000e+00  0.000e+00
    888 -1.77848e+02 -1.778e+02  0.000e+00  0.000e+00  1.535e+01 -1.932e+02  0.000e+00  0.000e+00  0.000e+00  0.000e+00
    890 -1.77848e+02 -1.778e+02  0.000e+00  0.000e+00  1.535e+01 -1.932e+02  0.000e+00  0.000e+00  0.000e+00  0.000e+00
    892 -1.77848e+02 -1.778e+02  0.000e+00  0.000e+00  1.535e+01 -1.932e+02  0.000e+00  0.000e+00  0.000e+00  0.000e+00
    894 -1.77848e+02 -1.778e+02  0.000e+00  0.000e+00  1.535e+01 -1.932e+02  0.000e+00  0.000e+00  0.000e+00  0.000e+00
    896 -1.77848e+02 -1.778e+02  0.000e+00  0.000e+00  1.535e+01 -1.932e+02  0.000e+00  0.000e+00  0.000e+00  0.000e+00
    898 -1.77848e+02 -1.778e+02  0.000e+00  0.000e+00  1.535e+01 -1.932e+02  0.000e+00  0.000e+00  0.000e+00  0.000e+00
    900 -1.77848e+02 -1.778e+02  0.000e+00  0.000e+00  1.535e+01 -1.932e+02  0.000e+00  0.000e+00  0.000e+00  0.000e+00
    902 -1.77848e+02 -1.778e+02  0.000e+00  0.000e+00  1.535e+01 -1.932e+02  0.000e+00  0.000e+00  0.000e+00  0.000e+00
    904 -1.77848e+02 -1.778e+02  0.000e+00  0.000e+00  1.535e+01 -1.932e+02  0.000e+00  0.000e+00  0.000e+00  0.000e+00
    906 -1.77848e+02 -1.778e+02  0.000e+00  0.000e+00  1.535e+01 -1.932e+02  0.000e+00  0.000e+00  0.000e+00  0.000e+00
    908 -1.77848e+02 -1.778e+02  0.000e+00  0.000e+00  1.535e+01 -1.932e+02  0.000e+00  0.000e+00  0.000e+00  0.000e+00
    910 -1.77848e+02 -1.778e+02  0.000e+00  0.000e+00  1.535e+01 -1.932e+02  0.000e+00  0.000e+00  0.000e+00  0.000e+00
    912 -1.77848e+02 -1.778e+02  0.000e+00  0.000e+00  1.535e+01 -1.932e+02  0.000e+00  0.000e+00  0.000e+00  0.000e+00
    914 -1.77848e+02 -1.778e+02  0.000e+00  0.000e+00  1.535e+01 -1.932e+02  0.000e+00  0.000e+00  0.000e+00  0.000e+00
    916 -1.77848e+02 -1.778e+02  0.000e+00  0.000e+00  1.535e+01 -1.932e+02  0.000e+00  0.000e+00  0.000e+00  0.000e+00
    918 -1.77848e+02 -1.778e+02  0.000e+00  0.000e+00  1.535e+01 -1.932e+02  0.000e+00  0.000e+00  0.000e+00  0.000e+00
    920 -1.77848e+02 -1.778e+02  0.000e+00  0.000e+00  1.535e+01 -1.932e+02  0.000e+00  0.000e+00  0.000e+00  0.000e+00
    922 -1.77848e+02 -1.778e+02  0.000e+00  0.000e+00  1.535e+01 -1.932e+02  0.000e+00  0.000e+00  0.000e+00  0.000e+00
    924 -1.77848e+02 -1.778e+02  0.000e+00  0.000e+00  1.535e+01 -1.932e+02  0.000e+00  0.000e+00  0.000e+00  0.000e+00
    926 -1.77848e+02 -1.778e+02  0.000e+00  0.000e+00  1.535e+01 -1.932e+02  0.000e+00  0.000e+00  0.000e+00  0.000e+00
    928 -1.77848e+02 -1.778e+02  0.000e+00  0.000e+00  1.535e+01 -1.932e+02  0.000e+00  0.000e+00  0.000e+00  0.000e+00
    930 -1.77848e+02 -1.778e+02  0.000e+00  0.000e+00  1.535e+01 -1.932e+02  0.000e+00  0.000e+00  0.000e+00  0.000e+00
    932 -1.77848e+02 -1.778e+02  0.000e+00  0.000e+00  1.535e+01 -1.932e+02  0.000e+00  0.000e+00  0.000e+00  0.000e+00
    934 -1.77848e+02 -1.778e+02  0.000e+00  0.000e+00  1.535e+01 -1.932e+02  0.000e+00  0.000e+00  0.000e+00  0.000e+00
    936 -1.77848e+02 -1.778e+02  0.000e+00  0.000e+00  1.535e+01 -1.932e+02  0.000e+00  0.000e+00  0.000e+00  0.000e+00
    938 -1.77848e+02 -1.778e+02  0.000e+00  0.000e+00  1.535e+01 -1.932e+02  0.000e+00  0.000e+00  0.000e+00  0.000e+00
    940 -1.77848e+02 -1.778e+02  0.000e+00  0.000e+00  1.535e+01 -1.932e+02  0.000e+00  0.000e+00  0.000e+00  0.000e+00
    942 -1.77848e+02 -1.778e+02  0.000e+00  0.000e+00  1.535e+01 -1.932e+02  0.000e+00  0.000e+00  0.000e+00  0.000e+00
    944 -1.77848e+02 -1.778e+02  0.000e+00  0.000e+00  1.535e+01 -1.932e+02  0.000e+00  0.000e+00  0.000e+00  0.000e+00
    946 -1.77848e+02 -1.778e+02  0.000e+00  0.000e+00  1.535e+01 -1.932e+02  0.000e+00  0.000e+00  0.000e+00  0.000e+00
    948 -1.77848e+02 -1.778e+02  0.000e+00  0.000e+00  1.535e+01 -1.932e+02  0.000e+00  0.000e+00  0.000e+00  0.000e+00
    950 -1.77848e+02 -1.778e+02  0.000e+00  0.000e+00  1.535e+01 -1.932e+02  0.000e+00  0.000e+00  0.000e+00  0.000e+00
    952 -1.77848e+02 -1.778e+02  0.000e+00  0.000e+00  1.535e+01 -1.932e+02  0.000e+00  0.000e+00  0.000e+00  0.000e+00
    954 -1.77848e+02 -1.778e+02  0.000e+00  0.000e+00  1.535e+01 -1.932e+02  0.000e+00  0.000e+00  0.000e+00  0.000e+00
    956 -1.77848e+02 -1.778e+02  0.000e+00  0.000e+00  1.535e+01 -1.932e+02  0.000e+00  0.000e+00  0.000e+00  0.000e+00
    958 -1.77848e+02 -1.778e+02  0.000e+00  0.000e+00  1.535e+01 -1.932e+02  0.000e+00  0.000e+00  0.000e+00  0.000e+00
    960 -1.77848e+02 -1.778e+02  0.000e+00  0.000e+00  1.535e+01 -1.932e+02  0.000e+00  0.000e+00  0.000e+00  0.000e+00
    962 -1.77848e+02 -1.778e+02  0.000e+00  0.000e+00  1.535e+01 -1.932e+02  0.000e+00  0.000e+00  0.000e+00  0.000e+00
    964 -1.77848e+02 -1.778e+02  0.000e+00  0.000e+00  1.535e+01 -1.932e+02  0.000e+00  0.000e+00  0.000e+00  0.000e+00
    966 -1.77848e+02 -1.778e+02  0.000e+00  0.000e+00  1.535e+01 -1.932e+02  0.000e+00  0.000e+00  0.000e+00  0.000e+00
    968 -1.77848e+02 -1.778e+02  0.000e+00  0.000e+00  1.535e+01 -1.932e+02  0.000e+00  0.000e+00  0.000e+00  0.000e+00
    970 -1.77848e+02 -1.778e+02  0.000e+00  0.000e+00  1.535e+01 -1.932e+02  0.000e+00  0.000e+00  0.000e+00  0.000e+00
    972 -1.77848e+02 -1.778e+02  0.000e+00  0.000e+00  1.535e+01 -1.932e+02  0.000e+00  0.000e+00  0.000e+00  0.000e+00
    974 -1.77848e+02 -1.778e+02  0.000e+00  0.000e+00  1.535e+01 -1.932e+02  0.000e+00  0.000e+00  0.000e+00  0.000e+00
    976 -1.77848e+02 -1.778e+02  0.000e+00  0.000e+00  1.535e+01 -1.932e+02  0.000e+00  0.000e+00  0.000e+00  0.000e+00
    978 -1.77848e+02 -1.778e+02  0.000e+00  0.000e+00  1.535e+01 -1.932e+02  0.000e+00  0.000e+00  0.000e+00  0.000e+00
    980 -1.77848e+02 -1.778e+02  0.000e+00  0.000e+00  1.535e+01 -1.932e+02  0.000e+00  0.000e+00  0.000e+00  0.000e+00
    982 -1.77848e+02 -1.778e+02  0.000e+00  0.000e+00  1.535e+01 -1.932e+02  0.000e+00  0.000e+00  0.000e+00  0.000e+00
    984 -1.77848e+02 -1.778e+02  0.000e+00  0.000e+00  1.535e+01 -1.932e+02  0.000e+00  0.000e+00  0.000e+00  0.000e+00
    986 -1.77848e+02 -1.778e+02  0.000e+00  0.000e+00  1.535e+01 -1.932e+02  0.000e+00  0.000e+00  0.000e+00  0.000e+00
    988 -1.77848e+02 -1.778e+02  0.000e+00  0.000e+00  1.535e+01 -1.932e+02  0.000e+00  0.000e+00  0.000e+00  0.000e+00
    990 -1.77848e+02 -1.778e+02  0.000e+00  0.000e+00  1.535e+01 -1.932e+02  0.000e+00  0.000e+00  0.000e+00  0.000e+00
    992 -1.77848e+02 -1.778e+02  0.000e+00  0.000e+00  1.535e+01 -1.932e+02  0.000e+00  0.000e+00  0.000e+00  0.000e+00
    994 -1.77848e+02 -1.778e+02  0.000e+00  0.000e+00  1.535e+01 -1.932e+02  0.000e+00  0.000e+00  0.000e+00  0.000e+00
    996 -1.77848e+02 -1.778e+02  0.000e+00  0.000e+00  1.535e+01 -1.932e+02  0.000e+00  0.000e+00  0.000e+00  0.000e+00
    998 -1.77848e+02 -1.778e+02  0.000e+00  0.000e+00  1.535e+01 -1.932e+02  0.000e+00  0.000e+00  0.000e+00  0.000e+00
   1000 -1.77848e+02 -1.778e+02  0.000e+00  0.000e+00  1.535e+01 -1.932e+02  0.000e+00  0.000e+00  0.000e+00  0.000e+00
